0 155 0 1 1 3 1 3 2 1 6 0 0 0 0 3 0 0 3 0 0 2 1 0 5 1 3 5 3 0 1 3 1 0 0 0 0 0 5 2 0 2 2 0 0 4 5 1 1 2 0 0 0 1 0 1 0 0 1 0 1 0 1 6 0 2 0 0 5 0 1 2 1 5 0 3 1 3 1 0 0 0 0 0 0 1 0 0 0 1 0 1 0 0 0 0 0 0 0 0 0 0 0 0 1 0 0 0 0 0 0 0 0 0 0 0 0 1 0 0 0 0 0 4 0 0 0 0 0 0 0 0 0 1 0 3 0 0 0 0 0 0 1 3 0 0 0 1 0 0 0 0 0 0 0 0 0 0 0 0 1 0 0 0 0 0 0 0 0 0 0 0 0 0 0 0 1 0 0 0 2 0 0 2 0 0 0 0 1 0 2 0 0 0 0 0 0 0 1 0 0 0 0 1 1 0 0 0 0 0 0 0 0 4 0 2 1 0 0 1 0 2 0 0 0 0 0 0 0 0 4 0 0 0 0 0 0 0 1 7
0 308 0 1 2 5 1 4 3 1 5 0 0 1 0 3 1 1 3 0 0 4 3 0 7 2 3 6 2 0 1 1 0 1 2 0 0 0 5 3 0 1 3 1 0 5 6 1 0 2 0 0 0 1 0 5 0 0 0 0 1 0 0 4 0 2 0 0 7 0 0 2 2 5 0 3 0 3 0 0 0 0 0 0 2 1 0 1 0 1 0 0 0 0 1 0 0 0 2 2 0 0 0 0 0 0 0 0 0 0 0 0 0 0 0 0 1 3 0 1 0 0 0 5 0 1 0 1 0 0 0 0 0 1 1 2 0 0 0 0 0 0 1 4 1 0 0 1 0 0 0 0 0 0 0 0 0 0 0 0 1 0 0 0 0 0 0 0 0 0 1 0 0 0 0 0 2 0 0 0 3 0 0 2 0 0 0 1 1 0 2 0 0 0 0 0 0 1 0 0 0 0 1 1 0 1 0 0 0 0 0 0 0 2 0 2 1 0 0 0 0 1 0 0 0 0 0 0 0 0 6 0 0 0 1 1 0 0 1 2
1 1089 2 5 2 10 3 8 4 2 17 0 0 5 0 4 0 1 7 2 0 13 8 0 11 9 6 7 5 1 0 7 3 1 2 0 0 0 6 2 0 8 5 0 0 6 13 1 0 4 0 0 0 3 0 10 0 0 0 0 1 0 5 11 0 1 0 0 10 0 0 8 3 4 0 5 0 7 2 1 1 0 0 6 0 1 0 0 0 1 0 0 1 0 0 0 0 0 2 8 0 0 0 0 0 0 0 0 0 0 0 0 0 1 0 0 0 5 0 1 0 0 0 6 0 0 0 2 0 1 0 0 0 0 0 5 0 0 0 0 0 0 1 11 0 0 0 0 0 0 0 0 0 0 0 0 0 0 1 0 1 0 0 0 0 0 1 0 1 0 0 0 0 0 1 0 2 0 0 0 3 0 0 7 3 0 0 1 0 0 1 0 0 0 0 0 0 0 0 0 0 0 0 1 0 0 0 0 1 0 0 0 1 3 0 5 0 0 0 0 1 1 1 0 1 0 0 0 0 1 7 0 0 0 0 0 0 0 0 3
0 147 1 1 2 7 2 4 3 1 6 0 0 1 0 4 1 0 2 1 0 8 0 0 5 3 4 5 3 0 0 6 2 0 1 0 0 0 1 2 0 4 0 0 0 5 4 1 0 2 0 0 0 1 1 5 0 0 0 0 1 0 2 7 0 0 0 0 6 0 0 4 3 5 0 3 0 5 1 0 0 0 0 3 0 0 0 0 0 0 0 0 0 0 0 0 0 0 2 3 0 0 0 0 0 0 0 0 0 0 0 0 0 1 0 0 0 4 0 0 0 0 0 3 0 0 0 0 0 1 0 0 1 0 1 2 0 0 0 0 0 0 1 5 0 0 0 0 0 0 0 0 0 0 0 0 0 0 0 0 1 0 0 0 0 0 0 0 1 0 0 0 0 0 1 0 1 1 0 0 2 0 0 2 1 1 0 0 0 0 1 0 1 0 0 0 0 0 0 0 0 0 0 0 2 0 0 0 1 0 0 0 1 3 0 3 0 0 1 0 0 1 0 0 1 0 0 0 0 0 2 0 0 0 0 0 0 0 0 2
0 263 1 1 2 5 1 5 4 1 7 1 0 2 0 4 0 0 2 1 1 5 0 0 8 2 3 5 4 2 0 7 2 0 1 0 0 0 3 3 0 4 1 0 0 6 4 1 0 2 0 0 0 1 0 3 0 0 0 0 1 0 3 6 0 2 0 0 8 0 1 6 3 6 0 4 0 7 1 0 0 0 0 3 0 0 0 0 0 0 0 0 0 0 0 0 0 1 1 4 0 0 0 0 0 0 0 0 0 0 0 0 0 1 0 0 0 4 0 0 0 0 0 3 0 0 0 0 0 1 0 0 0 0 0 3 0 0 0 0 0 0 1 6 0 0 1 2 0 0 0 0 0 0 0 1 0 0 0 0 1 0 0 0 0 0 0 0 1 0 0 1 0 0 1 0 1 1 0 0 3 0 0 4 1 0 0 0 0 0 1 0 0 0 0 0 0 0 0 0 0 0 0 0 0 0 0 0 0 1 0 0 1 3 0 3 0 0 0 0 0 3 0 0 1 0 0 0 0 0 4 0 1 0 0 0 0 0 1 3
0 2503 1 16 3 11 1 17 6 3 12 7 0 5 2 10 0 2 13 2 1 15 18 1 18 10 7 23 15 2 1 4 10 0 2 0 0 0 6 2 0 8 7 1 0 9 12 0 2 9 0 0 0 11 1 12 0 0 4 1 0 2 5 14 3 1 2 4 23 2 1 13 3 21 2 9 3 0 1 0 0 0 0 2 2 1 0 0 0 0 0 0 1 1 1 1 1 3 7 8 4 0 0 0 0 0 0 1 0 0 0 0 0 0 0 0 1 11 1 0 0 1 1 18 3 0 2 9 0 1 0 0 3 0 2 2 0 1 0 1 0 1 1 14 0 3 2 0 1 0 0 0 0 0 0 0 0 0 1 0 0 1 1 0 0 0 1 1 8 0 0 1 0 1 0 1 0 0 0 3 6 0 0 6 1 0 3 2 0 0 0 0 0 0 0 0 0 0 1 0 1 1 0 0 0 1 1 0 0 1 0 0 1 3 0 6 1 1 1 0 0 10 0 1 0 0 0 0 0 0 8 2 1 0 2 0 0 0 3 6
0 2812 1 5 3 14 1 15 15 12 7 5 1 14 0 4 0 3 16 0 0 19 11 1 10 11 2 12 3 0 3 3 5 0 3 1 0 0 7 3 0 12 7 0 1 8 8 0 0 9 0 0 0 0 1 4 0 1 0 0 0 3 2 12 3 0 3 2 18 1 0 1 0 11 0 6 1 1 0 0 0 0 0 0 3 1 0 0 0 0 1 1 0 1 0 0 0 0 7 17 1 0 1 0 0 0 0 0 0 0 0 0 0 0 1 0 0 8 0 0 0 0 0 20 0 0 0 14 0 0 0 1 1 1 0 2 0 0 0 0 2 2 0 14 0 2 0 2 2 0 0 0 1 0 0 0 0 0 1 0 0 0 0 0 0 0 1 0 5 0 0 0 0 1 0 0 2 0 0 0 1 0 0 3 0 2 0 1 0 0 0 0 0 0 0 0 0 1 0 1 0 4 0 0 0 0 0 0 0 1 0 0 0 4 1 2 0 0 0 0 0 9 2 0 0 0 0 0 0 0 6 2 3 0 0 0 0 0 1 3
0 309 0 5 2 6 1 4 11 0 4 0 1 7 0 1 0 0 3 1 0 11 5 0 6 9 0 7 0 0 4 0 3 0 3 0 0 0 3 0 0 2 0 0 1 4 2 0 0 6 0 0 0 1 0 7 0 2 0 0 0 2 1 1 0 0 0 0 12 1 0 1 0 4 0 2 0 1 0 0 0 0 0 0 3 1 0 0 0 0 1 0 0 1 0 0 0 0 7 10 0 0 2 0 0 0 0 0 0 0 0 0 0 0 1 0 0 5 0 0 0 0 0 9 0 1 0 7 0 0 0 0 0 0 0 0 0 0 0 0 0 2 0 7 0 0 0 0 1 1 0 1 1 0 0 0 0 0 1 0 0 0 0 0 0 0 0 0 1 0 0 0 0 0 0 0 1 0 0 0 0 0 0 3 0 1 0 0 0 0 0 0 0 0 0 0 0 0 0 0 0 2 0 0 0 0 0 0 0 1 0 0 0 2 1 1 0 0 0 0 0 1 1 0 0 0 0 0 0 0 2 2 1 0 0 0 0 0 1 1
0 381 1 3 3 2 0 3 11 0 3 0 0 5 0 3 0 0 2 0 0 7 7 0 1 7 1 8 1 0 2 0 4 0 0 0 0 0 2 0 0 1 1 0 1 2 2 0 0 4 0 0 0 0 0 3 0 1 0 0 0 2 0 2 0 0 0 1 12 1 0 1 1 4 1 1 0 1 0 0 0 0 0 1 4 1 0 0 0 0 1 0 0 0 0 0 0 0 7 11 1 0 1 0 0 1 0 0 0 0 0 0 0 0 1 0 0 4 0 0 0 0 0 10 1 0 0 8 0 0 0 1 0 0 0 0 0 0 0 0 2 3 0 5 0 0 1 1 1 0 0 0 1 0 0 0 0 1 3 0 0 0 0 0 0 0 0 1 1 0 0 0 0 0 1 0 1 0 0 0 0 0 0 2 2 1 0 0 0 1 0 0 0 0 0 0 0 0 0 0 0 2 0 0 0 0 0 0 0 1 0 0 0 0 1 0 0 0 1 0 0 1 1 0 1 0 0 1 0 0 2 4 0 0 1 0 0 0 3 1
0 2811 1 11 4 13 2 14 6 3 11 5 0 5 0 6 0 4 11 0 1 26 16 0 6 15 4 23 4 1 2 4 14 0 1 0 0 0 2 10 0 9 6 1 0 3 8 0 0 6 0 0 0 0 0 15 1 0 1 1 1 0 7 12 5 0 2 1 20 1 0 3 4 9 0 6 1 2 0 0 0 0 0 1 1 0 0 0 0 0 1 0 0 0 0 0 0 0 5 9 1 0 0 0 0 0 0 0 1 0 0 0 0 0 1 0 0 10 0 0 0 0 0 13 0 0 1 15 0 0 0 0 0 0 2 4 0 0 0 1 3 0 0 6 0 2 0 0 0 0 0 0 1 0 1 1 0 0 1 0 0 0 0 0 0 0 2 0 0 1 0 1 0 0 0 0 0 0 0 0 3 0 0 3 1 1 2 0 0 0 0 0 0 0 0 0 0 1 1 0 3 2 0 1 1 0 0 0 1 0 0 0 0 3 0 6 0 0 0 0 0 9 0 1 1 0 0 0 0 0 2 2 3 0 0 0 0 0 0 7
0 615 0 9 2 5 0 7 4 0 8 0 0 1 0 7 0 2 8 0 0 11 8 0 7 11 2 11 2 1 1 2 5 0 0 0 0 0 4 1 0 2 6 1 0 2 4 0 0 7 0 0 0 0 0 10 1 0 0 1 1 0 1 3 2 0 1 0 7 0 0 6 3 8 1 2 0 1 1 0 0 0 0 1 1 0 0 0 0 0 0 0 0 0 0 0 0 0 7 4 0 0 0 0 0 0 0 0 1 0 0 0 0 0 2 0 0 5 0 0 0 0 0 11 0 0 1 9 0 0 0 0 1 0 2 2 0 0 0 1 1 0 0 1 2 0 0 0 0 0 1 0 1 0 1 0 0 0 1 0 0 0 0 0 0 0 0 0 2 0 0 1 1 0 0 0 0 1 0 0 1 0 0 1 1 0 0 0 0 0 0 0 0 0 0 1 0 0 1 0 1 3 0 0 1 1 0 0 0 0 0 0 0 3 0 5 0 0 0 1 0 8 0 0 1 0 0 1 0 0 4 1 1 0 1 0 0 0 3 4
0 133 0 8 1 1 1 6 2 0 8 0 0 1 0 4 0 2 6 0 0 9 6 0 4 9 2 7 2 0 2 3 2 0 0 0 0 0 3 0 0 3 5 0 1 3 4 0 1 5 0 0 0 0 1 10 0 0 0 2 1 0 0 3 0 0 1 0 3 0 0 4 0 7 1 2 0 0 0 0 0 0 0 1 1 0 0 0 0 0 0 0 0 0 0 0 0 0 5 2 0 0 0 0 0 0 0 0 0 0 0 0 0 0 2 0 0 2 0 0 0 0 0 6 0 0 1 8 0 0 0 0 1 0 0 1 0 0 0 0 1 0 0 0 2 0 0 0 0 0 1 0 1 0 1 0 0 0 0 0 0 0 0 0 0 0 0 0 2 0 0 0 1 0 0 0 0 1 0 0 2 0 0 2 2 0 0 0 0 0 0 0 0 0 0 0 0 0 0 0 1 3 0 0 0 1 0 0 0 1 0 0 0 2 0 1 0 0 0 1 0 5 0 0 1 0 0 1 0 0 3 1 0 0 1 0 0 0 1 4
0 192 0 8 1 2 1 9 2 0 12 0 0 1 0 5 0 2 7 0 0 10 6 0 2 9 2 6 2 0 1 3 4 0 1 1 0 0 2 0 0 6 1 0 0 4 5 0 0 7 0 0 0 0 3 10 1 0 0 0 1 0 1 3 0 0 1 0 4 0 0 5 1 7 0 4 0 0 0 0 0 0 0 1 1 0 0 0 0 1 0 0 0 0 0 0 0 0 5 2 0 0 0 0 0 1 0 0 1 0 0 0 0 0 2 0 0 5 0 0 0 0 0 6 0 0 1 8 0 0 0 0 1 0 0 1 0 0 0 0 1 0 0 0 1 0 0 0 0 0 1 1 1 0 1 0 0 0 1 0 0 0 0 0 0 0 0 0 1 0 0 0 1 0 0 0 0 1 1 0 1 0 0 1 1 0 1 0 0 0 0 0 0 0 0 0 0 0 0 0 1 2 0 0 0 0 0 0 0 0 0 0 0 3 0 2 0 0 0 1 0 5 0 0 1 0 0 0 0 0 2 2 1 0 1 0 0 0 0 5
0 74 0 6 1 2 0 7 1 2 11 0 0 1 0 5 0 2 6 0 0 5 5 0 5 7 1 6 1 0 1 2 2 0 1 0 0 0 4 0 0 2 2 0 0 4 2 0 1 6 0 0 0 0 0 7 0 0 0 0 1 0 0 2 0 0 1 0 2 0 1 5 0 4 1 1 0 0 0 0 0 0 0 0 1 0 0 0 0 0 0 0 0 0 0 0 0 0 4 2 0 0 0 1 0 0 0 0 0 0 0 0 0 0 2 0 0 1 0 0 0 0 0 5 0 0 1 7 0 1 0 0 1 0 0 0 0 0 0 0 2 0 0 0 1 1 0 0 0 0 2 0 1 0 1 0 0 0 0 0 0 0 0 0 0 0 0 0 2 0 0 0 1 0 0 0 0 1 1 0 2 0 0 1 1 0 0 0 0 0 0 0 0 0 0 0 0 0 0 0 1 2 0 0 0 1 0 0 0 0 0 0 0 2 0 1 0 0 0 0 0 4 0 0 1 0 0 0 0 0 2 2 1 0 1 0 0 0 0 5
0 2737 0 7 4 11 2 18 14 2 3 6 0 7 0 12 0 6 14 0 0 18 15 0 11 19 1 10 2 4 3 4 9 0 0 0 0 0 12 8 0 11 15 0 0 10 11 1 0 10 0 0 0 1 1 14 0 0 0 1 0 0 2 20 3 0 1 1 20 2 0 11 0 18 0 5 1 1 3 0 0 0 0 2 0 3 0 0 0 0 0 0 0 4 0 0 0 0 12 9 1 0 0 1 0 1 0 0 0 0 0 0 0 0 0 0 0 9 1 0 0 0 0 19 0 0 0 15 0 0 0 0 1 2 2 3 0 0 0 0 3 1 1 15 0 2 0 0 1 0 0 0 0 1 1 0 0 0 3 0 0 0 0 0 0 0 1 0 2 0 0 0 0 0 0 0 1 0 0 0 3 0 0 18 0 2 0 0 0 0 0 0 0 0 1 0 0 0 0 1 0 1 0 2 0 0 0 0 1 0 0 0 0 1 0 2 0 0 0 0 0 9 0 0 0 0 2 0 0 0 4 2 2 0 1 0 0 0 0 9
0 514 1 3 1 3 1 7 6 0 4 0 0 3 0 10 0 5 6 0 1 5 8 0 7 12 6 3 1 3 0 8 8 0 1 0 1 0 7 5 0 4 7 0 0 9 4 1 0 4 0 0 0 2 0 8 1 0 0 1 0 0 0 8 0 0 1 0 18 0 1 6 0 8 0 2 1 2 2 0 0 0 0 4 0 2 0 0 0 0 0 0 0 1 0 0 1 0 5 7 0 0 0 1 0 0 0 1 0 0 0 0 0 0 0 1 0 8 0 0 0 0 1 18 0 0 0 5 0 0 0 0 2 1 0 3 0 0 0 1 0 1 0 9 0 0 0 0 1 0 0 0 0 0 0 0 0 1 2 0 0 0 0 0 0 0 0 1 1 0 0 0 0 0 1 0 1 0 0 0 4 0 0 5 0 0 0 1 1 0 0 0 0 0 1 0 0 0 1 1 0 2 0 2 0 0 0 0 1 2 0 0 0 0 0 5 0 0 0 0 0 7 0 0 0 0 1 0 0 0 3 1 0 0 0 0 0 0 0 2
0 2617 1 13 3 14 2 26 14 10 21 7 1 10 2 10 0 3 12 0 1 33 14 0 16 15 5 18 10 1 1 8 14 0 7 0 0 0 7 4 0 13 5 0 0 6 12 0 0 21 0 0 0 5 0 20 2 0 4 0 2 1 8 14 4 0 1 1 28 1 0 6 0 6 0 6 1 4 0 0 0 0 0 3 1 0 0 0 0 0 1 0 0 1 0 0 0 1 8 5 2 0 0 0 0 0 0 0 0 1 0 0 0 0 0 0 0 19 1 0 0 0 0 19 1 0 0 20 0 0 0 0 3 0 0 5 0 0 0 1 7 0 0 11 0 2 1 2 0 0 0 1 0 1 1 0 0 0 0 0 1 0 0 0 0 1 3 1 2 0 0 1 0 0 1 3 2 0 0 0 5 0 0 15 0 2 0 0 2 0 0 0 0 0 0 2 0 2 1 1 1 1 0 0 0 0 0 0 0 0 0 0 0 4 0 8 0 1 0 0 0 10 0 0 0 0 0 0 0 0 8 2 1 0 0 1 0 0 1 8
0 2646 0 8 1 14 4 25 14 3 10 5 0 14 0 13 0 2 13 0 0 30 17 0 20 14 6 15 8 1 1 7 8 1 0 0 0 0 18 5 0 15 6 0 0 20 14 0 1 18 0 0 0 10 0 21 0 0 1 0 0 0 4 17 3 2 1 1 23 1 0 9 0 17 0 5 1 4 1 0 0 0 0 9 3 0 0 0 0 0 0 0 0 0 0 0 1 0 14 16 2 0 1 0 0 0 0 0 0 0 0 0 0 0 0 0 0 14 0 0 0 0 0 20 0 0 0 7 0 0 0 1 0 0 1 3 0 0 0 1 2 0 0 13 0 2 0 0 0 0 1 0 0 0 0 0 0 0 0 0 0 0 0 0 0 0 1 0 3 0 0 0 0 0 0 1 0 1 0 0 4 0 0 10 1 0 0 1 0 0 1 0 0 0 0 0 0 1 0 0 1 1 0 2 0 0 0 1 1 0 0 0 1 5 0 3 0 0 0 0 0 11 0 0 0 0 0 0 0 0 8 0 4 1 0 0 0 0 0 8
0 103 0 2 0 1 1 3 4 0 3 0 1 6 0 8 0 2 4 0 0 9 7 0 5 3 1 9 3 0 0 2 2 0 0 0 0 0 6 1 1 4 4 0 0 5 7 0 0 6 0 0 1 2 0 8 0 0 1 0 0 0 4 7 0 2 0 0 4 0 0 3 2 5 0 0 0 0 1 0 1 0 0 2 1 0 0 0 0 0 0 0 0 0 0 0 1 0 5 6 0 0 0 0 0 0 0 0 0 0 0 0 0 0 0 0 0 3 0 0 0 0 0 9 0 0 0 3 0 0 0 0 0 0 0 1 0 0 0 1 1 0 0 6 0 0 0 0 0 0 0 0 0 0 0 0 0 0 1 0 1 0 0 0 0 0 0 0 2 0 0 0 0 0 0 0 0 0 0 0 2 0 0 1 1 0 1 0 0 0 0 1 0 0 0 1 1 1 0 0 1 0 0 1 0 0 0 0 1 0 0 0 0 0 0 1 0 0 0 0 0 1 0 0 0 0 0 0 0 0 1 0 0 1 0 0 0 0 0 2
0 6722 4 40 9 33 5 52 63 5 36 7 5 40 1 61 0 29 41 0 0 131 85 0 49 76 52 120 71 18 14 55 52 0 4 0 0 0 30 12 0 28 25 0 9 28 24 1 14 85 0 0 0 41 6 110 2 3 2 1 6 0 39 32 6 1 2 12 111 2 4 19 4 34 11 27 2 18 1 2 1 0 0 45 1 1 0 0 0 0 1 0 4 0 3 0 4 0 45 68 6 0 2 0 0 1 0 1 0 0 0 1 0 0 1 0 0 53 0 0 0 2 2 100 1 0 1 46 0 1 3 3 3 0 1 55 0 0 0 1 23 1 0 104 0 1 4 0 0 0 0 1 1 2 2 2 0 0 2 0 1 0 0 0 4 0 2 0 16 1 0 0 0 1 0 0 3 0 1 1 59 0 0 94 1 1 2 0 0 0 0 3 1 5 0 0 0 0 0 4 2 0 1 16 1 1 2 2 0 0 0 2 1 7 0 45 1 0 0 1 0 35 0 0 2 0 0 1 1 0 18 4 2 1 5 0 0 0 1 19
0 1676 3 23 8 17 5 33 30 3 36 0 0 23 1 34 0 16 21 1 1 66 46 0 23 46 27 69 35 7 8 34 38 0 2 0 0 0 20 6 0 30 18 0 2 34 16 0 2 39 0 0 0 22 0 59 1 0 3 0 1 0 27 15 0 0 0 0 58 0 2 13 2 17 2 12 0 12 0 2 0 0 0 26 2 2 0 0 0 3 1 1 3 0 2 0 1 0 30 40 1 0 0 0 0 1 0 0 0 0 0 1 0 0 1 0 0 25 0 0 1 2 1 56 1 0 2 14 0 0 2 2 3 0 0 24 0 0 0 0 12 0 0 56 0 0 2 0 0 1 0 0 1 1 0 0 0 0 1 0 0 0 0 0 4 0 0 0 10 0 0 0 0 0 0 0 3 1 1 0 27 0 0 59 0 1 2 0 0 1 1 2 1 1 0 0 0 1 0 1 1 1 1 8 0 0 0 0 0 1 0 1 1 3 0 31 0 0 0 2 0 23 2 0 0 0 0 0 1 0 14 3 2 1 0 0 0 0 1 18
0 265 1 4 0 8 2 10 5 2 11 0 0 7 1 4 0 0 6 0 0 9 6 0 8 9 4 14 6 1 0 2 8 0 0 0 0 0 4 2 0 7 7 0 0 13 5 0 0 4 0 1 0 3 1 11 0 0 1 0 0 0 3 3 0 0 0 1 12 0 0 2 1 9 1 3 0 2 0 0 0 0 0 2 2 0 0 0 0 1 1 0 2 0 0 1 0 2 12 4 0 0 0 0 0 0 0 0 0 0 0 0 0 0 1 0 0 1 0 0 1 0 0 10 0 0 0 2 0 0 0 0 0 0 0 2 0 0 0 0 1 0 0 6 0 0 0 0 0 0 0 0 1 0 0 0 0 0 0 0 0 0 0 0 0 0 0 0 3 0 0 0 0 0 0 0 2 0 0 0 3 0 0 9 0 1 0 0 0 1 1 0 0 1 0 0 0 0 1 1 2 0 0 4 0 0 0 0 1 1 0 0 0 1 0 7 0 0 0 0 0 9 0 0 0 0 0 0 0 0 3 1 1 1 0 0 0 0 0 5
0 229 0 4 0 4 1 7 4 2 9 0 0 6 0 5 0 0 6 0 0 18 4 0 3 10 5 15 4 1 0 3 9 0 0 0 0 0 3 1 0 6 4 0 0 9 4 0 0 5 0 0 0 3 0 14 0 0 1 0 0 0 3 4 0 1 0 0 10 0 0 0 1 7 1 2 0 3 0 0 0 0 0 4 2 0 0 0 0 1 1 0 1 0 0 0 0 0 10 6 0 0 0 0 0 0 0 0 0 0 0 0 0 0 1 0 0 2 0 0 1 0 0 11 0 0 0 2 0 0 0 0 0 0 0 3 0 0 1 0 1 0 0 5 0 0 0 0 0 0 0 0 0 0 0 1 0 0 0 0 0 0 0 0 0 0 0 0 3 0 0 0 0 0 1 0 2 0 0 0 3 0 0 9 0 0 0 1 1 0 0 0 0 0 0 0 0 0 1 0 2 0 0 3 0 0 0 0 0 1 0 0 1 0 0 4 0 0 0 0 1 6 0 0 1 0 0 0 0 0 0 1 0 1 0 0 0 0 0 6
0 234 3 4 0 4 3 8 7 2 7 1 0 7 0 6 0 1 7 0 0 12 4 1 6 9 4 11 5 1 1 2 8 0 0 0 0 0 5 2 0 6 6 0 1 9 10 0 0 4 0 0 2 4 0 16 0 0 1 0 0 0 5 5 0 0 0 0 12 0 0 5 1 9 1 2 0 0 1 0 0 0 0 4 2 1 0 0 0 1 1 0 1 0 0 0 0 0 9 6 0 0 0 0 0 0 0 0 0 0 0 0 0 0 1 0 0 2 0 0 1 0 0 9 0 0 0 3 0 0 0 0 0 0 0 3 0 0 0 0 1 0 0 5 1 0 0 0 0 0 0 0 0 0 0 0 0 0 0 0 0 0 0 0 0 0 0 0 3 0 0 0 0 0 0 0 2 0 0 0 2 0 0 10 1 0 0 0 0 0 0 0 0 0 0 0 0 0 0 1 1 0 0 3 0 0 0 0 1 1 0 0 0 1 0 7 0 0 0 0 0 7 0 0 0 0 0 0 0 0 2 1 0 2 0 0 0 0 0 6
0 62 1 2 0 2 1 6 1 1 5 1 0 1 0 4 0 0 4 0 0 4 2 1 3 4 2 5 3 1 0 1 4 0 0 0 0 0 4 1 0 1 2 0 0 4 0 0 0 2 0 0 0 1 0 5 0 0 1 0 0 0 0 2 0 0 0 0 9 1 0 0 1 5 1 1 0 0 0 1 0 0 0 2 3 2 1 0 0 1 1 0 0 0 1 0 1 0 4 2 0 0 0 0 0 0 0 0 0 0 0 0 0 0 0 0 0 1 0 0 0 0 0 6 1 0 0 2 0 0 0 0 0 0 0 2 0 0 0 0 0 0 0 2 1 0 0 0 0 0 0 0 0 0 0 0 0 0 0 0 0 0 0 0 0 0 0 0 2 2 0 0 0 0 0 0 1 0 1 0 1 0 0 7 0 0 0 0 0 0 0 1 0 0 0 0 0 0 0 0 0 0 0 1 0 0 0 0 1 0 0 1 0 0 0 3 0 0 0 0 0 3 0 0 0 0 0 0 0 0 0 0 0 2 0 0 0 0 0 2
0 1077 0 26 7 10 3 27 23 4 21 0 0 22 0 21 0 6 8 0 1 29 27 0 21 30 10 38 18 5 8 11 28 0 0 0 1 0 17 2 0 22 7 0 1 26 9 0 1 32 0 0 0 13 0 33 1 1 2 0 1 1 19 7 0 0 1 0 34 0 0 13 1 14 0 5 1 4 0 1 0 0 0 20 3 2 0 0 0 2 0 0 3 1 0 0 1 0 19 22 1 0 0 0 0 1 0 1 0 0 0 0 0 0 0 0 0 20 0 0 0 1 0 36 0 0 1 12 0 0 0 3 0 0 0 7 0 0 0 0 7 0 1 26 0 0 1 0 0 0 0 0 0 2 0 0 0 0 1 0 0 0 0 0 1 0 0 0 5 1 0 2 0 0 0 0 0 1 0 0 9 0 0 25 1 1 1 0 0 1 1 0 0 1 0 0 0 0 0 2 1 2 1 5 0 0 0 0 0 1 1 1 1 1 0 15 0 1 0 1 0 10 1 0 0 0 0 0 0 0 15 3 1 0 2 0 0 0 0 12
0 291 1 6 0 1 0 9 11 3 8 1 0 9 1 4 0 1 3 0 0 10 10 1 9 15 2 19 1 1 5 3 10 0 0 0 0 0 4 0 0 3 5 0 2 12 7 0 1 8 0 0 0 4 0 12 0 0 1 0 0 2 5 3 1 0 1 0 15 0 0 8 0 8 0 1 1 0 0 1 0 0 0 2 2 2 0 0 0 2 1 0 2 0 0 0 0 0 9 8 0 0 1 0 1 0 0 2 0 0 0 0 1 0 0 0 0 4 0 0 0 1 0 15 0 0 0 9 0 0 0 0 0 0 1 1 0 0 0 0 4 1 1 8 0 0 0 1 0 0 0 0 0 1 0 0 0 0 2 0 0 1 0 0 0 0 1 0 3 0 0 1 0 0 0 0 0 0 0 0 1 0 0 7 1 0 1 1 0 1 0 0 0 0 0 0 0 0 0 2 1 2 0 0 0 0 0 0 0 1 1 0 2 1 0 3 0 1 1 0 0 5 0 0 1 0 0 0 0 0 6 2 0 0 0 0 0 0 1 6
0 340 0 9 1 6 0 13 16 3 7 0 0 8 0 7 0 2 7 0 0 12 10 1 14 13 5 19 12 1 6 2 11 0 0 0 0 0 8 0 0 6 3 0 0 14 6 0 1 6 0 0 0 6 0 15 0 1 2 1 0 1 11 10 0 0 1 0 18 1 0 7 0 9 0 5 1 2 1 0 0 0 0 2 2 1 0 0 0 1 0 0 1 0 0 0 1 0 12 8 0 0 0 0 0 0 1 1 0 1 0 0 0 0 0 0 0 7 0 0 0 1 0 14 0 0 0 6 0 0 0 2 1 0 0 1 1 0 0 0 3 0 1 10 0 0 0 2 0 0 0 0 1 1 0 0 0 2 1 0 0 1 0 0 0 0 0 0 2 1 0 1 0 0 0 0 0 0 0 0 3 0 0 11 1 0 0 1 0 1 0 1 0 0 1 0 0 0 0 1 1 2 0 0 0 1 0 1 0 1 1 0 1 2 0 8 0 2 0 0 0 4 0 0 0 0 0 0 0 0 9 3 0 0 1 0 0 0 0 4
0 41 0 4 0 1 0 7 3 0 1 0 0 2 0 1 0 0 3 0 0 0 2 1 5 2 2 2 5 0 3 2 2 0 0 0 0 0 3 0 0 1 0 0 1 4 4 0 0 3 0 0 0 2 0 3 0 1 0 1 0 1 5 4 0 0 1 0 5 1 0 6 0 4 0 0 1 0 2 0 0 0 0 2 0 0 0 0 0 0 0 0 0 0 0 0 0 0 0 1 0 0 0 0 0 0 1 1 0 0 0 0 0 0 0 0 0 1 0 0 0 0 0 2 0 0 0 3 0 0 0 2 1 0 0 1 1 0 0 0 1 0 1 2 0 0 0 1 0 0 0 0 1 0 0 0 0 0 0 0 0 1 0 0 0 0 0 0 1 1 0 1 0 1 0 0 0 0 0 0 2 0 0 2 1 0 0 0 0 1 0 1 0 0 0 0 0 0 0 1 1 1 0 0 0 1 0 0 0 0 1 0 0 0 0 3 0 1 0 0 0 1 0 0 0 0 0 0 0 1 4 1 0 0 0 0 0 0 0 0
0 56 0 9 1 2 0 8 2 0 3 0 0 2 0 2 0 0 3 0 0 2 4 1 10 5 2 5 6 1 3 2 3 0 0 0 0 0 6 0 0 1 2 0 0 4 2 0 0 2 0 0 0 2 0 7 0 1 1 1 0 2 3 2 0 0 0 0 9 1 0 5 0 3 0 1 1 0 0 0 0 0 0 2 1 0 0 0 0 1 0 0 0 0 0 0 0 0 2 1 0 0 0 0 0 0 1 1 0 0 0 0 0 0 0 0 0 4 0 0 0 0 0 6 0 0 0 5 0 0 0 2 1 0 0 1 1 0 0 0 1 0 2 6 0 0 0 1 0 0 0 0 2 0 0 0 0 0 0 0 0 1 0 0 0 0 0 0 2 1 0 1 0 0 0 0 0 0 0 0 3 0 0 4 1 0 0 0 0 1 0 1 0 0 1 1 0 0 0 1 0 2 0 0 0 0 0 0 0 1 1 0 0 0 0 4 0 1 0 0 0 0 0 0 0 0 0 0 0 0 5 3 0 0 1 0 0 0 0 1
0 81 0 4 0 1 0 8 4 1 4 0 1 2 0 2 0 0 3 0 0 2 5 1 5 5 3 6 5 1 3 2 3 0 0 0 0 0 7 0 0 1 0 0 0 6 1 0 0 3 0 0 0 3 0 4 0 1 1 2 0 1 4 2 0 0 0 0 8 1 0 5 0 5 0 0 1 0 0 0 0 0 0 2 1 0 0 0 0 1 0 1 1 0 1 1 0 0 1 2 0 0 0 0 0 0 1 1 0 0 0 0 0 0 0 0 0 3 0 0 0 1 0 6 0 1 0 4 0 0 0 3 1 0 0 1 1 0 1 0 2 0 1 3 0 0 0 1 0 0 0 0 1 0 0 0 0 0 0 0 0 1 0 0 0 0 0 0 1 1 0 1 0 0 0 0 0 0 0 0 4 0 0 5 3 1 0 0 0 1 0 1 0 2 0 1 0 0 0 1 1 1 0 0 0 0 0 0 0 0 1 0 0 0 0 2 0 1 0 0 0 1 0 0 0 0 0 0 0 0 5 1 0 0 1 0 0 0 0 0
1 1025 1 21 5 10 3 24 22 4 18 0 0 18 1 18 0 7 10 0 1 34 20 0 13 23 10 34 17 5 3 12 27 0 2 0 0 0 20 1 0 14 5 1 1 23 9 0 2 26 0 1 0 11 0 31 1 1 4 1 1 3 14 7 0 0 0 0 29 0 0 12 1 15 0 5 2 3 2 1 2 0 0 13 6 2 0 0 0 2 0 0 4 1 0 0 1 2 22 19 1 0 0 0 0 1 1 2 0 0 0 0 0 0 1 1 0 17 0 0 0 0 0 39 0 2 1 13 0 1 0 3 1 0 1 8 0 0 0 0 8 0 0 24 0 0 1 0 0 0 0 0 0 2 0 0 0 0 1 0 0 0 0 0 1 0 1 0 4 0 0 0 0 0 1 2 1 0 0 0 9 0 0 24 1 1 0 0 3 1 2 0 2 1 0 0 0 0 0 1 1 1 0 7 0 0 0 0 1 2 0 1 1 1 0 14 0 0 0 1 0 8 1 0 0 0 0 1 0 1 15 0 2 0 2 0 0 0 0 7
1 3401 5 57 4 41 6 76 48 17 56 5 2 29 3 32 0 17 29 0 0 82 59 0 49 55 42 69 58 10 13 45 44 0 4 0 1 2 43 14 1 30 34 0 5 45 42 0 9 64 0 0 0 30 1 74 1 2 0 0 4 0 31 34 3 1 2 3 86 2 3 35 5 50 3 22 1 15 0 1 1 0 0 30 2 1 0 0 0 0 0 0 2 1 2 0 4 1 38 53 2 0 3 0 0 0 0 0 0 0 0 1 0 0 1 0 0 36 0 0 1 2 1 78 1 0 1 44 0 1 3 2 3 1 1 37 1 0 0 0 11 0 0 62 1 1 1 0 0 0 1 1 1 2 0 0 0 0 1 0 0 0 0 0 4 1 2 0 10 1 0 0 0 1 0 0 3 0 1 1 45 0 0 68 2 1 2 0 0 2 1 3 1 2 0 0 0 0 0 2 3 1 1 9 2 0 1 0 0 0 1 2 1 2 0 39 0 0 0 1 1 25 1 0 2 0 0 1 1 0 39 3 3 0 1 0 1 0 3 16
0 194 0 12 0 11 1 12 5 2 8 0 0 2 0 1 0 0 3 0 0 6 6 0 7 12 0 2 8 0 1 1 2 0 0 1 0 0 8 1 0 13 6 0 0 7 5 0 0 3 0 0 0 1 0 4 0 0 0 0 0 0 3 5 0 1 0 0 4 0 0 6 0 4 1 4 0 1 0 0 0 0 0 1 0 2 0 0 0 0 0 0 0 0 1 0 0 0 3 0 0 0 0 0 0 0 0 0 0 0 0 0 0 0 0 0 0 7 0 0 1 0 0 8 0 0 0 4 0 1 0 0 0 0 0 1 0 0 0 0 0 0 0 3 0 0 0 0 0 0 0 0 1 0 0 0 0 1 0 0 0 0 0 0 0 0 0 0 1 0 0 0 1 0 0 0 0 1 0 0 1 0 0 3 0 0 0 0 0 0 0 0 0 0 0 1 0 0 0 0 0 0 0 0 0 0 1 0 1 0 0 0 0 0 0 4 0 0 0 0 0 6 0 0 1 0 0 0 0 0 3 0 2 0 0 0 0 0 0 3
0 472 1 19 1 15 1 28 15 7 24 1 1 8 1 6 0 6 5 0 0 12 17 0 15 23 6 12 14 6 9 6 15 0 0 0 1 0 12 3 0 14 9 0 1 18 11 0 0 19 0 0 0 3 0 13 0 2 2 2 0 1 8 9 0 2 1 0 13 1 0 11 2 12 2 6 0 5 0 0 0 0 0 2 1 1 0 0 0 0 0 0 0 0 0 0 0 0 17 8 0 0 1 0 0 0 0 0 0 0 0 0 0 0 0 0 0 13 0 0 0 0 1 22 0 0 1 10 0 0 0 0 0 1 0 3 0 0 0 0 4 2 1 13 0 0 0 0 0 0 0 0 0 2 0 0 0 0 0 0 0 0 0 0 0 0 0 0 3 0 0 0 0 0 0 0 1 0 1 1 7 0 0 15 1 0 0 0 0 0 0 0 0 1 0 0 0 0 0 0 1 0 0 2 0 0 0 0 0 0 0 1 0 0 0 9 0 0 0 0 0 5 0 0 0 0 0 0 0 0 16 1 1 0 1 0 0 0 0 3
0 176 0 12 0 9 2 10 4 3 6 0 0 1 0 1 0 0 2 0 0 11 3 0 9 8 2 3 1 0 4 2 3 0 0 0 0 0 7 2 0 13 3 1 0 4 4 0 0 8 1 0 0 0 1 6 0 0 2 0 0 0 0 4 0 1 0 0 3 0 0 6 1 4 0 4 0 2 2 0 0 0 0 0 0 1 0 0 0 0 0 0 0 0 0 0 0 0 4 1 0 0 0 0 0 0 0 0 0 0 0 0 0 0 0 0 0 7 0 0 0 0 0 9 0 0 1 4 0 0 0 0 0 0 0 0 0 0 0 0 1 2 1 3 0 0 0 0 1 0 0 0 0 0 0 0 0 0 0 0 0 0 0 0 0 0 0 0 2 0 0 0 0 0 0 0 0 1 0 0 3 0 0 3 0 0 0 0 0 0 0 0 0 0 0 0 0 0 0 0 0 0 0 0 0 1 0 0 0 0 0 0 1 0 0 2 0 0 0 0 0 4 0 0 0 0 0 0 0 0 6 2 0 0 0 0 0 0 0 3
0 81 0 6 0 5 1 6 2 1 6 0 0 0 0 1 0 0 1 0 0 3 2 0 5 4 2 1 0 0 1 1 2 0 0 0 0 0 6 1 1 8 1 0 0 3 3 0 0 2 0 0 0 0 0 3 0 0 1 0 0 0 1 4 0 0 0 0 2 0 0 2 0 3 0 2 0 2 1 0 0 0 0 0 0 0 0 0 0 0 0 0 0 0 0 0 0 0 3 1 0 0 0 1 0 0 0 0 0 0 0 0 0 0 0 0 0 6 0 0 0 0 0 4 0 0 1 3 0 0 0 0 0 0 0 1 0 0 0 0 1 1 0 0 0 0 0 0 0 0 0 0 0 1 0 0 0 0 0 0 0 0 0 0 0 0 0 0 2 0 0 0 0 0 0 1 0 1 0 0 1 0 0 1 0 0 0 0 0 1 0 0 0 0 0 0 0 0 0 0 0 0 0 0 0 1 0 0 0 0 0 0 0 0 0 1 1 0 0 0 0 3 0 0 0 0 0 0 0 0 7 2 0 0 0 0 0 0 0 2
0 101 0 5 0 6 1 12 2 2 7 0 0 0 0 1 0 0 2 0 0 4 2 0 5 4 2 3 1 0 1 1 2 0 0 0 0 0 8 1 0 11 1 0 0 4 6 0 0 2 0 0 0 0 0 2 0 0 1 0 0 0 0 6 0 0 0 0 1 0 0 2 1 4 0 3 0 3 2 0 0 0 0 0 0 0 0 0 0 0 0 0 0 0 0 0 0 0 3 0 0 0 0 0 0 0 0 0 0 0 0 0 0 0 0 0 0 6 0 0 0 0 0 4 0 0 1 3 0 0 0 0 0 0 0 0 0 0 0 0 2 2 1 1 0 0 0 0 0 0 0 0 0 0 0 0 0 0 0 0 0 0 0 0 0 0 0 0 1 1 0 0 0 0 0 0 0 0 0 0 1 0 0 2 0 0 0 0 0 0 0 0 0 0 0 0 0 1 0 0 0 0 0 0 0 1 0 0 0 0 0 0 0 1 0 1 0 0 0 0 1 2 0 0 0 0 0 0 0 0 5 2 0 0 0 0 0 0 0 2
0 382 1 22 0 16 1 29 16 6 23 0 0 6 0 5 0 3 7 0 0 13 14 2 16 20 5 9 7 4 6 5 11 0 0 0 1 0 11 3 0 17 11 0 0 17 17 0 1 12 0 0 0 3 0 9 0 1 1 0 0 0 7 16 0 2 1 0 11 1 0 11 2 17 2 6 1 4 0 0 0 1 0 5 1 1 0 0 0 0 1 0 0 0 0 1 0 0 11 7 0 0 1 0 1 0 0 0 0 1 0 0 0 0 0 0 0 9 0 0 0 0 0 17 0 0 0 10 0 0 0 0 0 2 0 2 1 0 0 0 0 0 0 16 0 0 0 0 0 1 0 0 0 0 0 0 0 0 0 0 0 0 0 0 0 1 0 0 3 0 0 0 0 0 0 0 2 2 1 2 8 0 0 11 0 1 0 0 0 0 0 0 0 0 0 0 0 0 0 1 1 0 1 2 1 0 0 0 0 0 0 1 0 0 0 10 0 0 0 0 0 10 0 0 2 0 0 0 0 0 15 2 1 0 2 0 0 0 0 5
0 69 0 4 0 5 1 7 3 1 7 0 0 0 0 2 0 2 4 0 0 4 1 1 4 4 0 1 0 0 0 0 2 0 0 0 0 0 5 0 0 10 3 0 0 1 6 0 0 2 0 0 0 0 0 3 0 0 1 0 0 0 1 6 0 1 1 0 4 0 0 3 0 3 0 3 0 0 0 0 0 0 0 3 0 0 0 0 0 0 1 0 0 0 0 1 0 0 0 1 0 0 0 0 1 0 0 0 0 1 0 0 0 0 0 0 0 4 0 0 0 0 0 4 0 0 0 2 0 0 0 0 0 0 0 0 1 0 0 0 0 0 0 3 0 0 0 0 0 0 0 0 0 0 0 0 1 0 0 0 0 0 0 0 0 0 0 0 2 0 0 0 0 0 0 0 0 0 0 0 2 0 0 2 0 1 0 0 0 0 0 0 0 0 0 0 0 0 0 0 0 0 0 1 0 0 0 0 0 0 0 0 0 1 0 3 0 0 0 0 0 1 0 0 1 0 0 0 0 1 4 2 0 0 1 0 0 0 0 1
0 296 0 21 0 16 1 19 12 5 16 0 0 6 0 4 0 4 6 0 0 10 9 1 18 16 7 7 10 1 6 6 10 0 0 0 1 0 10 2 0 11 9 0 0 15 9 0 2 13 0 0 2 3 0 14 0 0 1 0 0 0 8 8 0 1 0 0 7 1 0 10 2 9 2 6 2 3 1 0 0 0 0 2 1 1 0 0 0 0 0 0 0 0 0 0 0 0 13 5 0 0 0 0 0 0 0 0 0 0 0 0 0 0 0 0 0 10 0 0 0 2 0 17 0 0 0 9 0 0 0 2 0 0 1 3 1 0 0 0 0 0 0 8 0 0 0 2 0 0 0 0 1 2 0 0 0 2 0 0 0 1 0 0 0 1 0 0 2 1 0 1 0 0 0 0 1 1 1 1 7 1 0 8 0 0 0 1 1 0 0 0 0 0 0 0 0 0 0 0 1 0 1 2 0 0 0 0 0 0 0 1 0 0 0 10 0 1 0 0 0 6 0 0 2 0 1 0 0 0 11 2 1 0 1 0 0 0 0 3
0 211 1 12 0 14 1 13 9 5 13 1 0 1 0 1 0 2 6 0 0 9 1 1 13 14 5 2 2 1 2 3 2 0 0 0 1 0 5 2 0 11 9 0 0 13 6 0 0 6 2 0 3 0 0 6 0 0 0 0 0 0 4 5 0 0 0 0 1 1 3 8 1 4 0 6 0 2 1 0 0 0 0 0 1 1 0 0 0 0 1 0 0 0 0 0 0 0 5 3 0 0 0 0 0 0 0 0 0 0 0 0 1 0 0 0 1 6 0 0 0 0 0 8 1 1 1 8 0 0 0 1 0 0 0 0 2 0 0 0 2 0 0 7 1 0 0 2 0 0 0 1 0 0 0 0 0 0 0 0 0 1 0 0 0 0 0 0 2 0 0 1 0 0 0 0 1 2 0 0 2 0 1 3 1 0 0 0 0 1 0 0 0 0 0 0 0 0 0 1 0 0 0 0 0 0 0 0 1 0 0 1 0 0 0 6 0 0 0 0 0 3 0 0 1 0 0 1 0 0 8 1 0 0 0 0 0 0 0 3
0 114 1 6 0 8 1 8 4 2 4 0 0 0 0 1 0 2 3 0 0 4 1 1 7 8 1 1 1 1 0 0 1 0 0 0 2 0 4 0 0 10 2 0 0 4 6 0 0 3 1 1 2 1 0 4 0 0 0 0 0 0 0 4 0 0 0 1 2 0 2 5 0 1 0 4 0 1 0 0 0 0 0 1 0 0 0 0 0 0 1 0 0 0 0 0 0 0 3 2 0 0 0 0 0 0 0 0 0 0 0 0 1 0 1 0 1 6 0 0 0 0 0 6 1 1 0 5 0 0 0 2 0 0 0 0 2 0 0 0 1 0 0 1 1 0 0 1 0 0 0 0 0 0 0 0 0 0 0 0 0 1 0 0 0 0 0 0 1 0 0 0 0 0 0 0 0 1 0 0 1 0 0 2 1 0 0 0 0 1 0 0 0 0 0 1 0 1 1 0 0 0 0 1 1 0 0 0 1 0 0 0 0 0 0 1 0 0 0 0 0 2 0 0 0 0 1 0 0 0 7 1 0 0 0 0 0 0 0 1
0 113 1 6 0 7 1 8 4 3 5 0 0 0 0 2 0 2 2 0 0 6 2 1 5 7 1 1 1 1 0 0 1 0 0 0 1 0 6 1 0 10 1 1 0 3 5 0 0 3 1 0 2 0 0 5 0 0 0 0 0 0 0 7 0 0 0 0 4 0 1 5 0 2 0 4 0 1 0 0 0 0 0 0 0 1 0 0 0 0 1 0 0 0 0 0 0 0 3 1 0 0 0 0 0 0 0 0 0 0 0 0 1 0 0 0 1 6 0 0 0 0 1 7 1 1 0 5 0 0 0 1 0 0 0 1 2 0 0 1 1 0 0 2 1 0 0 1 0 0 0 0 0 0 0 0 0 0 0 0 0 1 0 0 0 0 0 0 1 0 1 0 0 1 0 0 0 1 0 0 1 0 0 3 1 0 0 0 0 1 0 0 1 0 0 1 0 0 0 0 0 0 0 0 0 0 0 0 1 1 0 0 0 0 0 1 0 0 0 0 0 1 0 0 0 0 0 0 0 0 4 1 1 0 0 0 0 0 0 1
1 1493 3 41 7 16 6 49 28 6 48 0 1 23 3 34 1 16 16 1 0 64 52 0 27 45 27 63 39 8 12 35 33 0 3 1 1 1 32 13 0 17 18 0 2 34 17 0 2 51 0 0 0 19 1 57 0 1 0 1 1 1 29 16 0 1 0 0 63 1 2 20 5 29 4 13 0 13 2 1 0 0 0 20 1 2 0 0 0 3 1 2 3 2 2 0 1 1 39 46 0 0 0 0 0 0 0 0 0 1 0 2 0 0 0 0 0 28 0 0 0 2 1 68 2 0 1 29 0 0 2 2 3 1 1 18 2 0 0 2 10 0 0 57 2 0 1 1 0 1 0 0 2 3 0 0 1 0 1 0 0 0 1 0 4 0 0 0 9 2 0 2 0 0 0 0 2 1 1 3 38 0 0 51 1 1 3 0 1 3 0 2 2 1 1 0 0 1 1 2 4 2 1 6 0 0 0 0 1 2 1 2 2 0 0 33 0 0 0 1 1 18 1 0 2 0 0 1 1 0 26 3 2 0 1 0 1 0 2 16
0 157 0 6 0 5 1 10 2 2 10 0 0 6 0 6 0 0 3 0 0 8 5 0 5 7 1 7 1 1 0 2 1 0 0 0 0 0 9 2 0 6 3 0 0 8 2 0 0 2 0 0 0 1 0 10 0 1 0 1 0 1 6 0 0 1 1 0 8 0 0 3 1 6 1 2 0 3 0 0 0 0 0 0 0 1 0 0 0 2 1 0 1 1 0 0 0 2 10 4 0 0 0 0 0 0 0 0 0 0 0 0 0 0 0 0 0 1 0 0 0 0 0 10 0 0 0 8 0 0 0 0 0 0 1 0 1 0 0 0 2 0 0 7 0 0 0 0 0 0 0 0 0 0 0 0 1 0 1 0 0 0 0 0 0 0 0 0 2 1 0 1 0 0 0 0 2 0 0 0 2 0 0 7 0 0 0 0 0 1 0 0 0 0 1 0 0 0 0 0 0 0 0 1 0 0 0 0 0 2 0 0 0 0 0 5 0 0 0 0 0 6 0 0 1 0 0 0 0 0 1 1 0 0 0 0 0 0 0 6
0 75 0 4 0 2 1 7 2 1 4 0 0 4 0 6 0 0 3 0 1 5 4 1 3 7 2 7 0 0 0 1 1 0 0 0 0 0 6 1 0 2 2 1 0 6 2 0 1 1 0 0 0 1 0 7 1 0 0 1 0 1 5 0 0 0 0 0 6 0 0 4 2 3 1 1 0 3 0 0 0 0 0 0 1 1 0 0 0 2 1 0 1 1 0 0 0 1 6 4 0 0 0 0 0 0 0 0 0 0 0 0 0 0 0 0 0 1 0 0 0 0 0 9 0 0 0 6 0 0 0 0 0 0 1 0 0 0 0 0 0 0 0 5 0 0 0 0 0 0 1 0 0 0 0 0 1 0 0 0 0 1 0 0 0 0 0 0 2 1 0 1 0 0 0 0 3 0 0 1 1 0 0 6 0 0 0 0 0 0 0 0 0 0 1 1 0 0 0 0 0 0 0 1 0 0 0 0 1 0 0 0 0 0 0 1 0 0 0 0 0 5 0 0 0 0 0 0 0 0 0 2 0 0 0 0 0 0 0 3
0 64 0 2 0 2 1 5 2 1 4 0 0 4 0 5 0 0 3 0 0 4 3 1 4 5 1 5 0 0 0 1 1 0 0 0 0 0 7 1 0 1 2 0 0 3 1 0 0 1 0 0 0 0 0 6 0 0 1 1 0 1 4 2 0 0 0 0 5 0 0 4 2 1 1 1 0 3 0 0 0 0 0 0 0 1 0 0 0 2 0 0 0 1 0 0 0 1 4 3 0 0 0 1 0 0 0 0 0 0 0 0 0 0 1 0 0 0 0 0 0 0 0 6 0 0 0 6 0 0 0 0 0 0 0 0 0 0 0 0 0 0 0 4 0 0 0 0 0 0 0 0 0 0 0 0 0 0 0 0 0 0 0 0 0 0 0 0 3 0 0 1 0 0 0 0 2 0 0 1 1 0 0 5 0 0 0 0 0 0 0 0 0 0 0 0 0 0 0 1 0 0 0 1 0 0 0 0 0 0 0 0 1 0 0 2 0 1 0 0 0 3 0 0 0 0 0 0 0 0 0 1 0 1 0 0 0 0 1 3
0 466 0 17 1 4 1 22 8 5 23 0 0 7 0 7 1 5 5 0 0 11 15 0 15 19 4 22 9 1 5 6 13 0 0 0 1 0 19 4 0 5 11 0 2 18 6 0 0 18 0 0 0 6 0 17 0 0 1 1 0 1 14 6 0 2 0 0 13 1 3 8 3 17 3 2 0 4 0 0 0 0 0 4 1 0 0 0 0 2 0 0 2 1 0 0 0 3 17 9 0 0 0 1 0 0 0 0 1 0 0 0 0 0 0 0 0 9 0 0 0 0 0 24 1 0 0 11 0 0 0 1 0 1 1 2 1 0 0 0 2 0 0 15 0 0 0 1 0 0 0 1 1 3 0 0 1 0 0 0 0 0 0 0 1 0 0 0 2 1 0 1 0 0 0 0 2 1 1 1 9 0 0 12 0 0 0 0 1 4 0 0 0 1 1 2 0 0 1 3 2 0 0 1 0 0 1 0 0 2 1 1 1 2 0 13 0 0 0 1 0 6 0 0 1 0 0 0 0 0 11 1 1 0 1 0 0 0 0 5
0 82 1 4 0 1 1 5 1 2 5 0 0 3 0 3 0 0 5 0 0 5 4 0 3 7 2 7 0 0 1 1 1 0 0 1 0 0 8 1 0 3 7 0 2 4 4 0 0 3 0 0 0 3 0 5 0 0 1 1 0 1 6 4 0 0 0 0 4 1 1 6 1 6 1 1 0 1 0 0 0 0 0 2 0 0 0 0 0 2 0 0 2 1 0 0 0 2 5 2 0 0 0 0 0 0 0 0 0 0 0 0 0 0 0 0 0 4 0 0 0 0 0 8 1 0 0 6 0 0 0 0 0 0 1 0 0 0 0 0 0 0 0 6 0 0 0 0 0 0 0 0 0 0 0 0 1 0 0 0 0 0 0 0 0 0 0 0 1 1 0 1 0 0 0 0 3 0 0 0 2 0 0 2 0 0 0 0 0 0 0 0 1 0 1 1 0 0 0 0 0 0 0 0 0 0 0 0 1 0 0 0 0 1 1 2 0 0 0 1 0 4 0 0 0 0 0 0 0 0 0 1 0 0 0 0 0 0 0 2
0 124 0 10 0 1 1 7 2 3 8 0 0 3 0 4 0 0 2 0 0 6 5 0 6 8 2 8 1 0 0 2 1 0 0 0 0 0 9 1 0 2 5 0 2 5 2 0 0 3 0 0 0 3 0 7 0 0 1 2 0 1 7 2 0 1 0 0 6 1 1 7 2 8 1 1 0 1 0 0 0 0 0 2 0 0 0 0 0 2 0 0 2 1 0 0 0 2 5 3 0 0 2 1 0 0 0 0 0 0 0 0 0 0 0 0 0 2 0 0 1 0 0 8 1 0 0 6 0 0 0 0 0 0 1 0 0 0 0 0 2 0 1 7 0 0 0 0 0 0 0 0 0 0 0 0 1 0 0 0 0 0 0 0 0 0 0 0 1 1 0 1 0 0 0 1 3 0 0 0 5 0 0 4 1 0 0 1 0 1 0 0 1 0 1 1 0 0 0 0 1 0 0 0 0 0 1 0 0 2 0 0 0 1 0 2 0 0 0 1 0 2 0 0 5 0 0 0 0 0 2 1 0 0 0 0 0 0 0 3
1 1661 4 32 6 15 5 40 40 4 37 3 0 16 3 27 0 16 14 0 0 62 54 0 22 40 24 51 36 6 12 36 34 0 2 0 1 2 27 20 1 14 15 0 3 32 17 0 1 53 0 0 0 17 1 56 0 2 0 0 1 0 21 13 0 2 0 1 57 2 2 20 6 34 3 8 0 8 4 1 0 0 0 23 0 0 0 0 0 0 0 0 1 1 2 0 1 0 36 42 0 0 4 1 0 1 0 0 0 1 0 1 0 0 0 0 0 26 1 0 0 2 1 59 1 0 1 30 0 0 2 2 2 2 0 18 1 0 0 0 7 1 0 55 1 0 1 0 0 0 0 0 1 3 1 0 0 0 1 0 0 0 0 0 4 0 0 0 7 0 0 0 0 3 0 0 1 0 1 1 36 0 0 53 3 2 2 0 0 2 0 2 1 1 1 0 0 0 2 0 3 1 1 5 0 0 0 0 0 1 1 2 1 0 0 28 0 0 0 1 1 15 0 0 1 0 0 1 1 0 17 2 3 0 1 0 1 0 2 8
1 1812 3 28 3 14 3 40 27 8 39 0 0 23 3 31 0 16 8 0 0 55 41 0 28 36 24 55 38 5 15 33 30 0 2 0 1 1 20 10 0 12 7 0 2 30 13 0 1 46 0 0 0 17 0 48 0 2 3 1 2 0 23 14 0 2 1 0 53 1 2 13 5 27 4 6 0 9 0 1 0 0 0 20 0 1 0 1 0 0 1 0 1 1 2 0 1 1 28 43 3 0 0 0 0 0 0 0 0 1 0 1 0 0 0 0 0 25 0 0 0 2 1 51 1 0 1 22 0 0 2 3 5 1 0 19 2 0 0 0 9 1 0 46 1 0 1 0 0 0 0 0 1 3 0 0 0 0 1 0 0 0 0 0 4 1 0 0 5 0 0 0 0 0 1 0 0 0 1 1 32 0 0 41 1 1 2 0 0 2 0 2 1 1 0 0 0 1 0 1 2 1 2 7 0 0 1 0 0 1 1 2 1 2 1 27 0 0 0 1 1 7 1 0 1 0 0 2 1 0 16 5 2 0 2 0 1 0 2 11
1 1723 3 30 5 14 4 35 32 6 36 0 1 21 6 22 0 17 6 0 0 60 53 0 16 50 26 59 37 5 12 39 34 0 1 0 1 1 20 16 0 7 10 0 5 26 14 0 1 49 0 0 0 17 0 49 0 1 0 1 1 0 25 9 1 1 1 0 65 1 2 15 8 28 3 9 0 10 0 1 0 0 0 22 2 1 0 0 0 2 0 0 1 1 3 0 1 0 30 41 0 0 0 0 0 0 0 0 0 0 0 1 0 0 1 0 0 20 0 1 0 2 1 64 1 0 2 30 0 0 2 2 2 1 0 21 1 0 0 0 11 0 0 50 1 1 1 1 0 0 0 0 2 3 0 0 0 0 3 0 0 1 0 0 5 1 0 0 3 1 0 0 0 0 0 1 1 0 1 1 34 0 0 51 1 2 5 0 0 2 0 2 1 1 0 1 1 1 2 0 2 1 1 5 0 0 0 0 0 0 1 2 1 2 0 33 0 0 0 1 1 9 1 0 2 0 1 1 1 1 15 3 5 0 1 0 1 0 3 6
0 150 0 3 0 0 1 4 3 0 2 0 0 3 1 1 1 0 3 0 0 3 7 1 1 8 0 8 0 1 1 1 3 0 0 0 0 0 0 1 0 1 2 0 1 3 6 0 0 5 0 0 0 0 0 2 0 0 0 1 0 0 1 3 0 0 1 1 7 0 0 2 1 0 0 1 0 0 0 0 0 0 0 0 0 1 0 0 0 2 0 0 0 0 0 0 0 0 2 3 0 0 0 0 0 0 0 0 0 0 0 0 0 0 1 0 0 3 0 0 0 1 0 6 0 0 1 4 0 0 0 0 0 1 0 1 0 0 0 0 1 1 1 2 0 1 0 1 0 0 0 0 1 0 0 0 0 0 0 0 0 1 0 0 1 0 0 0 0 0 0 0 0 0 1 1 0 1 0 0 2 0 0 5 0 0 0 0 0 0 0 0 0 0 0 1 0 0 0 0 1 0 0 1 0 0 0 0 0 0 0 0 0 1 0 1 0 0 0 0 0 1 1 0 0 0 0 0 0 0 3 1 0 0 0 0 0 0 1 1
0 68 0 2 0 0 0 2 1 0 1 0 0 1 1 0 0 0 3 0 0 2 6 0 1 6 0 7 0 1 1 0 2 0 0 0 0 0 1 0 0 1 0 0 1 0 3 0 0 3 0 0 0 0 0 2 0 0 0 0 0 0 0 1 0 0 0 1 7 0 0 0 1 0 0 0 0 0 0 1 0 0 0 0 0 0 0 0 0 2 0 0 0 0 0 0 0 0 2 1 0 0 0 0 1 0 0 0 0 0 0 0 0 0 1 0 0 0 1 0 0 0 1 3 0 0 1 3 0 0 0 0 1 0 0 1 0 0 0 0 0 0 1 1 0 0 0 1 0 0 0 0 1 0 0 0 0 0 0 0 0 0 0 0 1 0 0 0 0 0 0 0 0 0 0 1 0 0 0 0 2 0 0 4 0 0 0 0 0 0 0 0 0 0 0 0 0 0 0 0 0 0 0 1 0 0 0 0 0 0 0 0 1 0 0 1 0 0 0 0 0 1 1 0 0 0 0 0 0 1 2 1 0 0 0 0 0 0 2 1
0 914 2 22 3 8 1 30 22 0 29 1 0 11 2 14 0 12 7 0 1 38 27 0 12 29 15 30 24 2 10 33 27 0 1 0 2 1 10 9 0 3 8 0 6 18 4 0 0 29 0 0 0 10 1 34 0 3 0 0 2 0 20 0 0 1 2 0 36 0 0 14 6 22 2 4 1 6 0 0 0 0 0 14 0 0 0 0 0 2 0 0 1 0 1 0 0 1 17 18 1 0 1 0 1 0 0 0 0 0 0 1 0 1 0 0 1 9 0 1 0 1 2 35 1 1 2 12 0 0 1 1 1 2 2 11 0 0 0 0 3 0 0 28 0 0 3 1 3 0 0 0 0 2 2 0 0 0 2 0 0 0 1 0 2 0 1 0 3 1 0 0 0 0 0 1 1 2 1 1 26 0 0 29 2 2 2 0 1 4 0 2 0 1 1 0 0 0 1 1 1 1 0 4 0 0 0 0 2 0 1 2 0 0 0 27 0 0 0 1 2 12 1 0 2 0 0 0 0 0 16 1 4 0 1 0 0 0 2 3
1 1512 5 36 6 18 4 50 37 10 45 3 1 23 4 26 0 17 16 0 1 74 51 1 24 42 28 64 41 6 10 40 40 0 8 0 1 1 26 18 0 12 13 0 2 30 13 0 2 66 0 0 0 24 0 56 1 1 3 0 3 1 31 12 1 2 0 0 69 1 2 16 4 29 3 9 0 11 0 1 0 0 0 23 1 0 0 0 0 0 0 0 2 2 2 0 1 0 40 37 1 0 0 0 0 0 0 0 0 1 0 1 0 0 0 0 0 36 0 0 0 2 1 60 2 0 1 34 0 0 2 2 3 1 0 22 1 0 0 1 15 0 0 50 1 0 1 2 0 0 0 1 1 3 2 0 0 0 1 0 1 0 0 0 4 1 1 0 5 0 0 0 0 0 0 3 2 0 1 2 36 0 0 49 1 2 2 0 2 2 0 2 1 1 0 2 0 2 1 1 2 1 1 4 0 0 0 0 0 0 1 2 1 6 0 36 0 1 0 1 1 11 0 0 1 0 0 1 1 0 21 4 2 0 1 1 1 0 3 8
0 134 0 3 1 7 1 6 2 3 7 1 1 7 0 2 0 2 4 0 1 12 3 0 6 5 2 8 2 1 1 4 7 0 2 0 0 0 3 2 0 1 1 0 0 5 5 0 0 8 1 0 0 4 0 4 1 0 1 0 1 0 4 3 0 0 0 0 5 0 0 3 0 11 0 3 0 2 0 0 0 0 0 1 1 1 0 0 0 0 0 0 1 0 0 0 0 0 6 0 0 0 0 0 0 0 0 0 0 1 0 0 0 0 0 0 0 7 0 0 0 0 0 7 0 0 0 3 0 0 0 0 0 0 0 1 0 0 0 1 4 0 0 4 1 0 0 0 0 0 0 1 0 0 2 0 0 0 0 0 1 0 0 0 0 0 0 0 3 0 0 0 0 0 0 0 1 0 0 0 3 0 0 3 0 0 0 0 0 0 0 0 0 0 0 1 0 1 1 0 0 0 0 0 0 0 0 0 0 0 0 0 0 1 0 2 0 0 0 0 0 5 0 0 0 0 0 0 0 0 3 0 0 0 1 1 0 0 0 2
0 226 0 9 2 10 1 17 8 4 17 1 1 7 1 3 0 2 5 0 1 14 7 1 11 9 2 9 5 1 1 7 10 0 3 0 0 0 6 3 0 5 2 0 1 12 4 0 0 12 0 0 0 6 0 6 1 0 1 0 1 0 7 1 1 2 0 0 7 0 0 7 0 8 2 4 0 1 0 0 0 0 0 1 1 0 0 0 0 0 0 0 2 0 0 0 0 0 9 2 0 0 0 0 0 0 0 0 0 1 0 0 0 0 0 0 0 11 0 0 0 0 0 7 0 0 0 4 0 0 0 0 0 0 0 4 0 0 0 1 4 0 0 7 0 0 0 0 0 0 0 1 0 0 2 0 0 0 0 0 1 0 0 0 0 0 0 0 1 0 0 0 0 0 0 1 1 0 0 0 7 0 0 5 0 0 0 0 0 0 1 0 0 0 0 2 0 1 1 0 0 0 0 0 0 0 0 0 0 0 0 0 0 1 0 5 0 0 0 0 1 5 0 0 0 0 0 0 0 0 6 0 0 1 0 1 0 0 0 1
1 1611 4 38 6 24 8 52 29 6 51 0 0 14 3 26 0 17 14 0 0 48 54 2 25 41 27 57 37 8 9 35 30 1 2 0 1 1 33 15 0 14 14 0 2 28 20 1 1 45 0 0 0 18 0 48 0 1 3 0 1 0 22 19 2 1 0 0 64 1 3 24 9 32 3 10 1 12 0 3 0 0 1 20 3 3 0 0 0 1 0 0 1 1 2 0 1 1 29 41 0 0 1 0 0 0 2 0 0 0 0 1 0 0 0 0 0 22 0 0 0 2 1 56 1 2 1 28 0 0 2 2 4 1 5 20 2 0 1 1 9 0 0 53 3 1 3 1 0 1 0 0 1 4 1 0 0 0 1 0 1 0 0 0 4 1 1 0 7 1 0 0 0 0 0 0 3 0 1 1 35 0 0 44 1 0 7 0 0 2 0 3 4 1 0 1 1 0 0 0 4 1 1 5 0 0 0 0 1 0 1 2 1 2 0 29 0 0 0 1 2 17 0 0 1 0 1 1 1 0 20 2 2 1 4 0 1 0 2 9
1 1525 3 37 6 18 5 45 36 8 46 2 0 18 5 28 0 16 18 0 0 71 50 0 21 43 28 64 45 6 9 42 31 0 7 0 1 1 27 12 0 12 12 0 2 31 13 0 2 64 0 0 0 24 1 56 2 1 4 0 3 1 30 14 1 1 0 0 75 3 3 22 4 33 3 10 0 12 0 1 0 0 0 24 1 0 0 0 0 0 0 0 2 2 2 0 1 0 37 37 1 0 0 0 0 0 0 0 0 1 0 1 0 0 0 0 0 29 0 0 0 2 1 59 2 1 1 38 0 0 2 2 3 1 1 23 1 0 0 1 12 1 0 51 1 0 1 2 0 0 0 0 1 3 2 0 0 0 1 0 1 0 0 0 4 1 0 0 6 0 0 0 0 0 0 0 2 0 1 1 38 0 0 49 1 2 2 0 2 3 0 2 1 2 0 1 0 1 1 0 2 2 1 4 0 0 0 0 0 0 1 3 1 6 0 35 0 1 0 1 1 12 0 0 1 0 0 1 1 0 19 5 2 0 1 1 1 0 2 9
1 108 0 6 1 6 0 5 3 2 11 1 0 4 0 5 0 1 3 0 1 11 2 0 5 6 2 12 5 1 0 4 4 0 1 0 0 0 6 0 0 1 1 0 0 4 5 0 0 7 0 0 0 3 1 6 1 0 3 0 1 0 3 3 0 0 0 0 9 1 0 6 0 4 0 3 0 1 0 0 0 0 0 2 1 0 0 0 0 0 1 0 1 0 0 0 0 0 5 1 0 0 0 0 1 0 0 0 0 1 0 0 0 0 0 0 0 3 0 0 0 0 0 7 0 0 0 6 0 0 0 0 0 0 0 1 0 0 0 1 5 0 0 4 0 0 0 0 0 0 0 0 0 0 1 0 0 0 0 0 1 0 0 0 0 1 0 0 1 0 0 0 0 0 0 0 1 0 0 0 2 0 0 4 0 0 0 0 0 0 0 0 1 0 0 1 0 1 1 0 0 1 0 1 0 0 0 0 0 0 0 1 0 0 0 1 0 0 0 0 0 5 0 0 0 0 0 0 0 0 2 0 0 0 0 1 0 0 0 5
1 1678 4 33 8 12 5 40 39 4 37 2 0 18 3 26 0 17 12 0 0 63 51 0 20 38 23 56 36 4 11 38 32 0 3 0 1 1 26 19 1 16 11 0 3 31 17 0 1 48 0 0 0 17 1 53 0 2 0 0 1 0 22 12 0 2 0 0 55 2 2 19 7 33 3 6 0 10 5 1 0 0 0 23 0 0 0 0 0 0 0 0 1 1 2 0 1 0 33 43 0 0 3 1 0 1 0 0 0 0 0 1 0 0 0 0 0 26 1 0 0 2 1 64 1 0 1 29 0 0 2 2 2 2 0 18 1 0 0 0 8 1 0 55 1 0 1 0 0 0 0 0 1 3 1 0 0 0 1 0 0 0 0 0 4 0 0 1 8 0 0 0 0 3 0 0 2 0 1 1 35 0 0 52 3 2 2 0 1 2 0 2 1 1 1 0 0 0 2 0 3 1 1 6 0 0 0 0 1 1 1 2 1 0 0 30 0 0 0 1 1 11 0 0 2 0 0 2 1 0 17 2 3 1 1 0 1 0 2 8
1 1226 2 26 2 16 4 38 24 5 38 1 0 15 2 18 0 11 14 0 0 37 28 0 27 29 17 43 37 4 10 28 30 0 2 0 1 1 27 7 0 9 14 0 2 26 11 0 1 38 0 0 0 15 0 36 0 1 1 0 1 0 23 16 0 1 0 0 43 0 1 18 3 28 2 7 0 8 1 2 0 0 0 15 0 0 0 0 0 0 0 0 2 2 1 0 1 0 23 24 1 0 2 0 0 0 0 0 0 0 0 1 0 0 0 0 0 18 0 0 0 1 1 33 1 0 1 15 0 0 1 1 0 2 0 19 1 0 0 0 7 0 0 38 0 1 1 0 0 0 0 0 0 2 0 0 0 0 1 0 0 0 0 0 2 0 0 0 3 0 0 0 0 0 0 0 1 0 2 2 29 0 0 43 1 0 3 0 0 2 0 1 0 1 0 1 0 0 0 0 1 0 0 4 0 1 0 0 1 0 1 2 0 0 0 23 0 0 0 1 1 5 0 0 1 0 0 0 0 0 22 1 2 0 3 0 0 0 1 8
1 1725 3 31 5 16 3 41 36 10 38 0 0 17 3 24 0 15 12 0 0 52 41 0 26 41 24 58 39 4 11 35 36 0 2 0 1 2 25 10 0 14 10 0 2 28 11 0 1 60 1 0 0 17 0 49 0 1 2 0 1 0 22 9 1 1 1 0 61 1 4 16 6 22 4 9 0 8 1 1 1 0 0 20 1 1 0 0 0 0 1 0 1 1 2 0 1 0 31 48 0 0 0 0 0 0 0 0 0 0 0 1 0 0 0 0 0 27 0 0 0 2 1 51 1 0 1 34 0 1 2 2 5 2 2 19 2 0 0 0 7 0 1 56 1 0 1 0 0 0 0 0 2 3 1 1 0 0 2 0 0 0 0 0 5 0 0 0 3 0 0 0 0 0 0 0 4 0 1 1 32 0 0 52 1 2 3 0 0 2 0 2 1 1 0 1 0 0 0 0 2 2 3 7 0 0 1 0 0 0 1 2 1 3 0 29 0 0 0 2 1 13 0 0 1 0 0 1 2 1 17 4 2 0 1 0 1 0 2 3
0 406 0 10 1 5 0 16 12 8 19 1 0 3 0 5 0 2 3 0 0 9 11 0 14 18 7 16 5 1 6 8 15 0 3 0 1 0 15 1 0 8 5 0 0 15 2 0 3 22 0 0 0 2 1 10 0 0 0 0 0 1 6 0 1 2 0 1 11 0 0 4 3 11 3 1 0 2 0 0 0 0 0 2 1 1 0 0 0 0 0 0 1 0 0 0 0 0 14 11 0 0 0 0 0 0 0 0 0 0 0 0 0 0 0 0 1 8 0 0 0 0 0 11 0 0 0 14 0 1 0 0 2 1 2 5 1 0 0 0 1 0 0 14 0 0 0 0 0 0 0 0 1 1 1 0 0 0 1 0 0 0 0 0 0 0 0 0 5 0 0 0 0 0 0 1 0 1 2 1 6 0 0 13 0 0 1 0 1 0 1 0 0 2 0 1 0 0 0 0 2 1 2 4 0 0 0 0 1 0 0 2 0 1 0 5 0 0 1 1 0 9 0 0 0 0 0 0 1 0 10 0 1 0 1 0 0 0 0 3
0 192 0 3 1 1 1 6 5 6 2 1 0 1 0 4 0 1 2 0 0 4 4 0 3 8 3 7 1 0 2 4 5 0 1 0 0 0 5 0 0 1 1 0 0 4 3 0 2 10 0 0 0 0 1 3 0 0 0 0 0 1 0 3 1 0 0 0 7 0 0 3 0 2 1 1 0 0 0 0 0 0 0 0 1 1 0 0 0 0 0 0 2 0 0 0 0 0 7 5 0 0 0 1 1 0 0 0 0 0 0 0 0 0 0 0 1 3 1 0 0 0 0 5 0 0 0 7 0 1 0 0 1 0 1 2 1 0 0 0 0 0 0 4 0 0 0 0 0 0 0 0 1 1 1 0 0 0 1 0 0 0 0 0 0 0 0 0 0 0 0 0 0 0 0 0 0 1 0 0 0 0 0 7 0 1 1 0 1 0 1 0 0 1 0 1 1 0 0 0 1 0 1 1 0 0 0 0 1 0 0 0 0 0 0 2 1 0 1 0 0 3 0 0 0 0 0 0 2 0 2 0 0 0 0 0 0 0 0 0
0 283 0 10 1 4 1 9 9 3 8 0 0 6 0 5 0 2 3 0 0 5 7 0 10 11 3 11 2 1 2 3 7 0 2 1 0 0 5 2 0 2 5 0 0 9 3 0 0 16 0 0 0 2 1 6 1 0 0 0 0 1 3 1 1 2 0 0 8 0 0 1 2 5 3 0 0 0 0 0 1 0 0 2 1 1 0 0 0 0 0 0 1 0 0 0 0 0 10 6 0 0 0 0 0 0 0 0 0 0 0 0 0 0 0 0 0 5 0 0 0 0 0 6 1 0 0 8 0 1 0 0 2 0 2 4 1 0 0 0 0 0 0 9 0 0 1 0 0 0 0 0 1 1 1 0 0 0 1 0 0 0 0 0 0 0 0 0 0 0 0 0 0 1 0 0 0 1 1 0 4 0 0 9 0 0 1 0 1 0 1 0 0 1 0 1 1 0 0 0 1 1 1 1 0 0 0 0 0 0 0 0 0 0 0 3 0 0 0 0 0 2 0 0 0 0 0 1 1 0 6 1 0 0 0 0 0 0 0 0
0 41 0 5 1 0 1 2 2 1 1 0 0 2 0 2 0 0 1 0 0 1 0 0 1 2 1 4 0 0 0 0 2 0 0 0 0 0 1 1 0 0 1 0 0 0 0 0 0 6 0 0 0 1 0 1 0 0 0 0 0 0 0 0 2 0 0 0 2 0 0 1 0 1 0 0 1 0 0 0 1 0 0 0 1 0 0 0 0 0 0 0 1 0 0 0 0 0 4 2 0 0 0 0 0 0 0 0 0 0 0 0 0 0 0 0 0 2 1 0 0 0 0 3 0 0 0 4 0 0 0 0 1 0 0 2 1 0 0 0 0 0 0 1 0 0 1 0 0 0 0 0 2 1 0 0 0 0 1 0 0 0 0 0 0 0 1 0 0 0 0 0 0 1 0 0 0 0 0 0 1 0 0 2 0 0 1 0 0 0 0 0 0 0 0 1 1 0 1 0 0 0 0 1 0 0 0 0 0 0 0 0 0 0 0 0 0 0 0 0 0 0 0 0 0 0 0 1 0 0 1 0 0 0 0 0 0 0 1 0
0 226 0 4 1 1 0 3 11 4 5 0 0 3 0 5 0 1 1 0 0 6 3 0 5 12 2 10 4 0 2 3 6 0 1 0 0 0 2 1 0 0 3 0 0 6 0 0 0 12 0 0 0 0 3 6 0 0 0 0 0 1 3 2 1 0 0 1 8 0 0 0 0 3 1 0 0 0 0 0 0 0 0 0 1 1 0 0 0 0 0 0 0 0 0 0 0 0 6 6 0 0 0 0 0 0 0 0 0 0 0 0 0 0 0 0 0 7 0 0 0 0 0 5 1 0 0 7 1 1 0 0 1 0 1 2 1 0 0 0 0 0 0 6 0 0 1 0 2 0 0 0 1 1 2 0 0 0 1 0 0 0 0 0 0 0 0 0 0 0 0 0 0 0 0 0 1 1 0 0 2 0 1 6 0 0 1 0 1 0 0 0 0 1 0 1 0 0 0 0 1 0 1 2 1 0 0 0 0 0 0 0 0 0 0 3 0 0 0 0 0 4 0 0 0 0 0 1 1 0 3 1 0 0 0 0 0 0 0 0
0 130 0 4 1 0 1 3 7 4 1 0 0 2 0 5 0 1 0 0 0 4 1 0 2 7 1 7 1 0 2 1 5 0 0 0 0 0 1 1 0 0 2 0 0 3 2 0 0 7 0 0 0 0 1 2 0 0 1 0 0 1 0 4 2 1 0 0 7 0 0 1 0 1 0 0 0 0 0 0 0 0 0 0 1 0 0 0 0 0 0 0 0 0 0 0 0 0 6 3 0 0 0 0 0 0 0 0 0 0 1 0 2 0 0 0 0 6 0 0 0 0 0 5 1 0 0 7 0 0 0 1 1 0 1 2 2 0 0 0 0 0 1 2 0 0 1 0 1 0 0 0 1 1 2 0 0 0 1 0 0 0 0 0 0 0 0 1 0 0 0 0 0 0 0 1 1 1 0 0 0 0 0 6 0 0 1 0 1 0 0 0 0 1 0 1 0 0 0 0 1 0 1 1 0 0 0 1 0 0 0 0 0 1 0 1 0 0 0 0 0 1 0 0 0 0 1 1 1 0 2 1 0 0 1 0 0 0 0 0
0 104 0 3 1 0 0 3 7 4 3 0 0 3 0 4 0 1 0 0 0 5 1 0 3 7 1 9 3 0 2 1 6 0 0 0 1 0 2 0 0 0 1 0 0 2 0 0 0 7 0 0 0 0 1 1 0 1 0 2 0 1 1 1 2 0 0 0 7 0 0 0 0 1 0 1 0 0 1 0 0 0 0 0 1 0 0 0 0 1 0 0 0 0 0 0 0 0 5 3 0 0 0 0 0 0 0 0 0 0 0 1 0 0 0 0 0 6 0 0 0 0 0 5 1 0 0 6 0 0 0 0 1 0 1 2 1 0 0 0 1 0 0 3 0 0 1 0 1 0 0 0 1 1 2 0 0 0 1 0 0 0 0 0 0 0 0 0 0 0 0 0 0 0 0 1 0 1 0 0 0 0 0 5 0 0 1 0 1 0 0 0 0 1 0 1 0 0 0 0 0 0 1 1 0 0 0 0 0 0 0 0 0 0 0 1 0 0 0 0 0 2 0 0 0 0 0 1 1 0 2 1 0 0 0 0 0 0 0 0
0 158 0 4 1 0 0 4 7 5 2 0 0 2 0 4 0 1 0 0 0 4 1 0 3 5 1 7 2 1 2 1 6 0 0 1 0 0 1 0 0 0 1 0 0 1 1 0 0 7 0 0 0 1 1 1 0 1 0 0 0 1 0 1 1 0 0 0 6 0 1 1 0 1 0 0 0 0 0 0 0 1 0 0 1 0 0 0 0 0 0 0 0 0 0 0 0 0 5 5 0 0 0 0 0 0 0 1 0 0 0 0 0 1 0 0 0 5 0 0 0 0 0 5 1 0 0 6 0 0 0 0 1 0 1 3 1 1 1 0 0 1 0 4 0 0 1 0 1 0 0 0 1 2 2 0 1 0 1 0 0 0 0 0 0 0 0 0 0 0 0 0 0 0 0 0 0 1 0 0 0 0 0 5 0 0 1 0 2 0 0 0 0 1 0 1 0 0 0 0 0 0 1 1 0 0 0 0 0 0 0 0 0 1 0 0 0 1 0 0 0 1 0 1 0 0 0 1 1 0 2 1 0 0 0 0 0 0 0 0
0 360 0 10 1 5 0 15 9 4 13 0 1 3 1 6 0 2 4 0 0 8 10 0 15 13 5 15 5 1 6 3 13 0 1 0 1 0 11 1 0 3 4 0 0 14 7 0 1 16 0 0 0 1 1 5 0 0 0 0 0 0 6 4 1 1 0 1 7 1 0 2 2 7 3 2 0 1 0 0 0 0 0 2 1 1 0 0 0 1 2 0 0 0 0 0 0 0 12 8 0 0 1 0 0 0 0 0 0 0 0 0 0 0 1 0 0 9 0 0 0 0 0 8 0 1 0 10 0 1 0 0 2 1 2 3 1 0 0 0 0 0 0 11 0 0 0 0 0 0 0 0 1 1 1 0 0 0 1 0 0 0 0 0 0 0 0 0 2 0 0 0 0 0 0 1 2 1 0 1 3 0 0 10 0 0 1 0 0 0 0 0 0 1 0 1 0 0 0 0 1 1 2 2 0 0 0 0 1 0 0 0 0 2 0 6 0 0 1 2 0 3 0 0 0 0 0 0 1 0 12 0 1 0 1 0 0 0 0 2
2 1538 3 39 6 17 5 46 34 11 46 0 0 24 3 32 0 19 15 1 1 60 50 0 27 45 31 67 41 7 11 35 30 0 2 0 1 1 30 14 0 17 17 0 2 32 14 0 1 52 0 0 0 23 0 54 0 1 1 0 1 0 26 14 0 1 1 0 66 1 2 16 4 32 3 11 0 10 0 1 0 0 0 24 2 1 0 0 0 3 2 1 3 1 2 0 1 0 39 48 1 0 0 0 0 0 0 0 0 0 0 1 0 0 1 0 0 21 0 0 0 2 1 59 1 0 2 22 0 0 2 2 3 2 0 23 2 0 0 0 7 0 0 61 2 0 3 0 0 1 0 0 2 2 0 0 0 0 1 0 0 0 0 0 4 0 0 0 8 0 0 0 0 0 0 0 2 0 1 1 38 0 0 57 1 0 2 0 0 3 1 2 1 1 0 0 1 1 0 1 1 2 2 7 0 0 0 0 0 1 1 2 1 0 0 33 0 0 0 2 1 18 2 0 3 0 0 2 1 0 25 2 3 0 1 0 1 0 2 14
0 68 0 3 0 1 2 4 1 0 5 0 1 1 0 2 0 1 2 0 0 3 2 0 2 3 1 6 2 0 1 0 0 0 0 0 0 0 6 2 0 1 3 0 0 2 1 0 0 3 0 0 0 1 0 1 0 0 0 0 0 0 1 2 0 0 0 0 4 0 0 0 0 4 0 1 0 1 1 0 0 0 0 0 1 1 0 0 0 1 1 0 0 0 0 0 0 0 2 3 0 0 0 0 0 0 0 0 0 0 0 0 0 0 0 0 0 1 0 0 0 0 0 2 0 0 0 2 0 0 0 0 0 0 0 1 0 0 0 0 0 0 0 1 0 0 0 1 0 0 0 1 0 0 0 0 0 0 1 0 0 0 0 0 0 0 0 0 1 0 1 0 0 0 0 0 0 0 0 1 1 0 0 5 0 0 0 0 0 0 0 0 0 0 0 0 0 0 0 0 0 0 0 1 0 0 0 0 0 0 0 0 0 0 0 1 0 0 0 0 0 3 0 0 0 0 0 0 0 0 2 0 0 0 0 0 0 0 0 2
0 96 0 5 0 4 1 7 2 2 6 0 0 1 0 3 0 2 3 0 0 5 3 0 5 6 1 6 2 1 0 1 0 1 0 0 0 0 6 3 0 4 4 0 0 3 3 0 0 4 0 0 0 2 0 2 0 0 0 0 0 0 1 5 0 0 0 0 7 0 0 0 0 4 0 1 0 1 0 0 0 0 0 1 1 1 0 0 0 1 1 0 0 0 0 0 0 0 4 3 0 0 0 0 0 0 0 0 0 0 0 0 0 0 1 0 0 1 0 0 0 0 0 2 0 0 0 2 0 0 0 0 2 0 0 1 0 0 0 1 0 0 0 3 0 0 0 0 0 0 0 0 0 0 0 0 0 0 0 0 0 0 0 0 0 0 0 0 1 0 0 0 0 0 0 0 0 0 0 1 1 0 0 7 0 0 0 0 0 0 0 0 0 0 0 0 0 0 0 0 0 0 0 1 0 0 0 0 0 0 0 0 0 0 0 1 0 0 0 0 0 4 0 0 0 0 0 0 0 0 3 0 0 0 0 0 0 0 0 3
1 778 0 34 7 9 1 42 26 6 34 2 1 19 1 21 1 13 12 2 2 31 38 1 23 29 14 41 27 7 8 24 39 1 2 0 1 1 25 9 1 1 11 0 4 27 7 0 1 39 0 0 1 17 1 37 0 2 2 1 3 1 20 5 0 2 2 0 50 1 0 19 5 35 3 6 0 5 0 0 1 0 0 13 3 0 0 0 0 3 0 0 3 0 0 0 1 0 32 28 1 0 1 1 0 0 0 0 0 3 0 0 1 0 0 0 2 23 0 0 0 1 1 44 0 1 1 20 0 0 0 2 2 1 0 14 1 0 0 0 6 1 0 38 1 0 2 0 1 0 0 0 1 2 0 0 0 0 1 0 0 0 0 0 1 0 0 0 4 0 1 3 0 0 0 1 1 0 2 3 23 0 0 30 1 0 2 0 1 2 1 1 0 2 0 0 0 1 0 2 2 0 3 5 0 0 0 0 0 1 1 3 1 2 0 25 0 0 1 1 1 12 1 0 1 0 0 1 0 0 16 0 5 0 3 0 0 0 1 5
0 66 0 5 2 2 1 7 6 1 7 1 0 3 0 1 0 2 7 0 0 7 5 0 2 8 2 6 1 2 1 0 6 0 0 0 0 0 9 1 1 0 4 0 2 6 1 0 1 2 0 0 0 4 0 2 0 1 1 0 0 1 4 2 0 0 2 0 7 0 0 7 0 8 1 1 0 1 0 0 1 0 0 0 1 0 0 0 0 2 0 0 1 0 0 0 0 0 3 3 0 0 0 0 0 0 0 0 0 1 0 0 0 0 0 0 0 5 0 0 0 1 1 5 0 0 0 4 0 0 0 0 0 0 1 2 0 0 0 0 0 1 0 5 0 0 0 0 2 0 0 0 1 0 0 0 0 0 0 0 0 0 0 0 0 0 0 0 0 0 0 1 0 0 1 0 0 0 0 0 1 0 0 3 0 0 1 0 0 0 0 0 0 1 0 1 0 0 0 1 0 0 0 2 0 0 0 0 0 0 0 1 0 1 0 3 0 0 0 0 0 3 1 0 1 0 0 1 0 0 1 0 0 0 1 0 0 0 0 4
0 80 0 8 2 2 2 12 5 3 8 1 0 4 0 1 0 2 4 1 0 10 10 1 6 11 5 7 0 2 1 0 6 0 1 0 0 0 14 2 1 0 2 0 1 6 5 0 1 5 0 0 1 6 2 6 0 1 1 0 1 0 5 0 0 1 2 0 9 0 0 9 0 10 1 1 0 1 0 0 1 0 0 0 3 0 0 0 0 2 0 0 1 0 0 0 0 0 6 5 0 0 0 0 0 0 0 0 0 1 0 0 0 0 0 0 0 6 0 0 0 1 1 7 0 0 1 5 0 0 0 0 0 0 0 2 0 0 0 0 0 1 0 5 0 0 1 0 1 0 0 0 1 0 0 0 0 0 0 0 0 0 0 0 0 0 0 0 0 0 1 2 0 0 0 1 0 0 0 0 4 0 1 7 1 0 1 0 0 0 0 0 0 0 0 0 0 0 0 1 0 0 1 1 0 0 0 0 0 1 0 1 0 2 0 3 0 0 0 0 1 4 1 0 0 0 0 1 0 0 2 0 0 0 2 0 0 0 0 5
0 69 0 6 2 3 0 10 7 4 9 1 0 4 0 1 0 4 4 1 0 9 7 0 4 9 2 7 0 2 2 0 6 0 0 0 0 0 12 1 1 0 3 0 1 8 2 0 1 5 0 0 2 5 1 4 0 1 1 0 1 0 5 1 0 1 2 0 8 0 0 10 0 11 1 0 0 1 2 0 1 0 0 0 2 0 0 0 0 3 0 0 1 0 0 0 0 0 5 6 0 0 0 0 0 0 0 0 0 1 0 0 0 0 0 0 0 6 0 0 0 1 1 6 0 0 2 4 0 0 0 0 0 0 0 2 0 0 0 0 0 1 0 5 0 0 2 0 1 0 0 0 1 0 0 0 0 0 0 0 0 0 0 0 0 0 0 0 2 0 1 2 0 0 0 0 0 0 0 0 2 0 0 5 0 0 1 0 0 0 0 0 0 0 0 0 0 0 0 1 0 0 1 1 0 0 1 0 0 1 0 1 0 1 0 3 0 0 0 0 0 4 1 0 1 0 0 0 1 0 2 0 1 0 2 0 0 0 0 2
1 1648 3 29 7 16 4 44 41 10 34 2 0 18 3 29 0 18 14 0 0 56 51 0 26 53 27 53 36 8 10 38 34 0 2 0 1 1 26 14 1 11 20 0 2 31 14 0 1 52 0 0 0 18 1 57 0 1 1 0 1 0 21 18 0 1 0 0 63 2 2 19 6 32 3 11 0 9 4 1 0 0 0 24 0 2 0 0 0 0 0 0 1 1 2 0 1 1 35 43 0 0 0 1 0 1 0 0 0 1 0 1 0 0 0 0 0 24 1 0 0 2 1 53 1 0 1 24 0 0 2 2 2 3 1 20 2 0 0 1 8 1 1 53 1 0 2 0 1 0 0 0 1 3 1 0 0 0 1 0 0 0 0 0 4 0 0 0 5 0 0 0 0 0 0 0 0 0 1 1 37 0 0 51 1 2 4 0 0 2 0 2 1 1 1 0 0 0 0 0 1 2 1 5 0 0 0 0 0 0 1 2 2 1 0 30 0 0 0 1 1 12 0 1 1 0 1 1 1 0 18 2 3 0 1 0 1 0 2 9
1 1796 3 33 4 18 3 46 29 6 39 1 1 15 4 26 0 15 8 0 0 54 41 0 19 39 23 53 36 5 11 35 31 0 1 0 1 2 20 15 0 13 9 0 2 29 17 0 1 55 0 0 0 17 1 50 1 1 2 0 1 0 21 9 0 2 0 0 56 1 2 14 5 27 4 8 0 9 0 1 0 0 0 20 0 0 1 0 0 0 0 0 1 1 2 0 1 0 28 45 1 0 0 0 0 0 0 0 0 0 0 1 0 0 1 0 0 27 0 0 0 2 1 50 1 0 1 25 0 0 2 3 2 1 0 17 1 0 0 2 9 0 1 51 1 0 1 0 1 0 0 0 1 2 1 0 0 0 2 0 0 0 0 0 4 1 0 0 3 0 0 0 0 0 0 0 1 1 1 1 34 0 0 47 1 1 2 0 0 3 0 2 1 1 0 0 0 0 1 2 1 1 1 8 1 0 0 1 0 0 1 2 1 1 0 30 0 0 0 1 1 11 0 0 1 0 0 1 1 0 15 2 2 1 1 0 1 0 3 5
1 4056 3 22 6 12 4 42 43 1 40 3 2 15 2 30 0 14 14 0 1 63 52 0 19 40 32 72 54 9 6 44 30 0 1 0 0 0 29 5 0 14 16 0 2 18 12 0 10 44 0 0 1 34 1 67 0 1 0 0 5 2 29 20 3 1 2 2 69 0 4 19 2 22 1 5 2 14 2 1 2 0 1 27 1 2 0 0 0 1 0 0 3 0 4 1 7 2 23 44 2 0 1 0 0 1 0 0 1 0 0 1 0 0 0 0 0 33 0 0 1 2 1 54 1 0 1 26 0 0 2 2 4 2 0 35 1 0 0 1 19 0 0 73 2 1 1 0 0 0 0 0 1 2 1 0 0 1 2 0 0 0 0 0 4 0 0 0 10 0 0 1 0 0 0 0 4 2 0 2 37 0 0 48 2 2 2 0 2 0 0 2 2 2 0 0 1 0 0 0 0 0 2 12 0 0 1 0 2 2 0 1 1 3 0 35 0 0 0 1 0 8 0 0 0 0 0 1 1 0 13 2 2 0 0 0 1 0 1 11
0 171 0 0 1 4 1 3 0 0 1 2 0 0 0 0 0 1 3 0 0 2 3 0 0 2 1 2 3 0 0 1 1 0 0 0 0 0 0 0 0 3 4 0 0 2 2 0 0 1 0 0 0 1 0 3 0 0 0 0 0 0 1 5 0 0 0 0 4 0 0 0 0 1 0 1 0 0 0 0 0 0 0 1 0 0 0 0 0 0 0 0 0 0 0 0 0 0 1 2 0 0 0 0 0 0 0 0 0 0 0 0 0 0 0 0 0 1 0 0 0 0 0 5 0 0 0 0 0 0 0 0 0 0 0 0 0 0 0 0 2 0 0 2 0 0 0 0 0 0 0 0 0 0 0 0 0 0 0 0 0 0 0 0 0 0 0 0 1 0 0 0 0 0 0 0 0 0 0 0 3 0 0 3 0 1 0 0 0 0 0 0 0 0 0 0 0 0 0 0 0 0 0 1 0 0 0 0 0 0 0 0 0 0 0 0 0 0 0 0 0 0 0 0 0 0 0 1 0 0 0 0 0 0 0 0 0 0 0 1
0 120 0 0 0 1 1 0 0 0 1 0 0 0 0 0 0 0 1 0 0 2 2 0 0 0 1 2 1 0 0 0 0 0 0 0 0 0 1 0 0 0 2 0 0 0 2 0 0 2 0 0 0 1 1 1 0 0 0 1 0 0 0 4 0 0 0 0 3 0 0 0 0 1 0 0 0 0 1 0 0 0 0 0 0 0 0 0 0 0 0 0 0 0 0 0 0 0 0 1 0 0 0 0 0 0 0 0 0 0 0 0 0 0 1 0 0 1 0 0 0 1 0 3 0 0 0 0 0 0 0 0 0 0 0 0 0 0 0 0 2 0 0 0 0 0 0 0 0 0 0 0 0 0 0 0 0 0 0 0 0 0 0 0 0 0 0 0 0 0 0 0 0 1 0 1 1 0 0 0 1 0 0 1 0 0 0 0 0 0 0 0 0 0 0 0 0 0 0 0 0 0 0 1 0 0 0 0 0 0 0 0 0 0 0 0 0 0 0 0 0 0 0 0 0 0 0 1 0 0 0 0 0 0 0 0 0 0 0 1
1 434 1 8 2 11 4 26 17 2 16 0 0 8 0 12 0 6 5 0 1 16 18 0 5 16 7 36 16 5 1 12 10 0 1 0 0 0 9 1 0 6 7 0 0 11 6 0 0 18 1 0 1 10 1 24 0 1 0 0 1 1 12 11 1 2 1 0 23 0 1 12 0 12 0 7 2 7 3 0 1 0 1 5 1 1 0 1 0 1 0 0 0 0 1 0 2 1 9 14 0 0 2 1 0 1 0 0 1 0 2 0 0 0 0 0 1 17 0 0 1 1 0 21 0 1 1 11 0 0 0 2 1 1 0 8 0 0 0 0 7 0 1 21 1 0 3 0 0 0 0 0 0 2 0 0 0 1 2 0 0 0 0 0 0 0 0 0 3 0 0 2 0 0 0 0 2 1 0 1 9 0 0 11 1 1 0 0 1 1 0 0 1 1 0 1 1 0 0 0 0 0 1 4 0 0 1 0 2 1 0 0 0 2 0 12 0 0 0 0 0 6 0 0 1 0 0 2 0 1 5 1 0 0 1 0 0 0 2 5
1 365 0 6 2 8 3 15 14 2 11 0 0 1 0 11 0 6 5 0 0 13 17 0 5 12 9 29 13 3 1 10 8 0 1 0 0 0 8 1 0 6 9 0 0 7 6 0 1 12 0 0 1 8 0 19 1 2 0 0 0 1 11 12 1 1 1 0 26 0 0 4 1 6 0 2 3 4 1 0 1 0 1 7 1 0 0 0 0 1 0 0 0 0 2 1 2 1 6 9 1 0 0 0 0 0 0 0 0 0 1 0 0 0 0 0 0 8 0 0 0 0 0 19 0 0 0 7 0 0 0 1 2 1 2 8 0 0 0 1 7 0 1 15 1 0 0 0 0 0 0 0 0 0 2 0 0 1 2 0 0 0 0 0 0 0 1 0 3 0 0 2 0 0 0 0 2 3 0 0 10 0 0 9 2 1 0 0 1 1 1 0 1 1 0 0 1 0 0 0 0 0 0 3 0 0 1 0 1 3 0 0 0 2 0 7 0 0 0 0 0 2 1 0 1 0 0 1 0 0 5 1 0 0 1 0 0 0 1 3
0 64 0 0 0 1 1 4 5 2 5 0 0 0 0 4 0 2 3 0 0 2 0 1 3 1 0 4 0 0 0 1 2 0 1 0 0 0 2 0 0 1 4 0 0 2 2 0 0 1 0 0 0 0 0 3 0 2 0 0 0 0 1 3 0 0 0 0 3 0 0 0 2 1 0 0 2 1 0 0 0 0 0 1 0 0 0 0 0 0 0 0 0 0 0 0 0 0 2 1 1 0 0 0 0 0 0 0 0 0 0 0 0 0 0 0 0 1 0 0 0 0 0 7 0 0 0 1 0 0 0 0 0 0 0 0 0 0 0 0 2 0 2 0 0 0 0 0 0 0 0 1 0 0 0 0 0 0 0 0 0 0 0 0 0 0 0 0 0 0 0 1 0 0 0 0 0 0 0 0 1 0 0 1 0 0 0 0 0 0 0 0 0 0 0 0 0 0 0 0 0 0 0 1 0 0 0 0 1 1 0 0 0 0 0 0 0 0 0 0 0 2 1 0 0 0 0 1 0 0 1 0 0 0 0 0 0 0 0 2
1 1399 6 29 4 17 2 42 46 4 50 2 1 28 2 28 1 13 14 0 1 77 46 0 33 37 32 73 46 9 6 51 29 1 1 0 1 0 41 6 0 13 14 0 4 29 14 0 2 42 0 0 3 31 0 51 0 3 1 3 3 2 30 11 2 1 1 1 65 0 3 32 2 30 2 3 6 11 3 3 3 1 1 36 3 4 0 0 0 2 0 2 1 0 4 1 5 5 29 41 2 0 1 0 1 1 0 1 1 2 0 1 0 0 1 0 2 36 0 0 4 4 1 58 1 0 1 28 0 2 3 3 4 2 1 39 1 0 0 1 13 0 0 70 2 0 2 1 0 0 0 0 1 2 3 0 0 1 3 0 0 0 0 0 5 1 0 0 7 0 0 1 0 1 0 0 6 4 0 2 39 0 0 46 0 1 3 0 2 0 1 4 3 1 0 0 1 0 1 0 1 0 2 8 1 0 1 1 3 0 0 1 1 2 0 34 0 0 0 2 1 15 2 0 2 0 0 0 1 0 27 4 3 0 0 0 1 1 2 17
1 1232 2 20 6 9 2 40 34 10 39 0 2 14 2 17 1 11 13 1 1 48 39 0 31 27 29 57 39 7 6 38 21 0 3 0 0 0 33 5 0 6 15 0 1 11 13 0 2 31 0 0 1 30 0 48 0 0 0 0 2 2 23 5 1 2 1 1 51 0 3 16 2 25 0 0 3 9 2 1 5 0 1 27 2 2 0 0 0 1 0 0 1 0 5 1 5 1 13 29 1 0 0 0 0 1 0 0 1 0 0 1 0 0 1 0 0 24 0 0 1 1 1 46 1 0 2 23 0 0 0 2 3 2 0 27 1 0 0 1 9 0 1 53 3 0 1 0 0 0 0 2 0 2 1 0 0 0 0 0 0 0 0 0 2 0 0 0 4 1 0 1 0 0 0 1 4 6 0 2 33 0 0 32 0 0 0 1 2 3 1 4 4 1 0 0 1 0 0 1 0 0 1 5 0 0 1 1 1 1 0 2 1 7 0 35 0 0 0 1 0 7 0 0 0 0 0 0 0 0 10 4 2 0 0 0 1 0 1 9
1 1676 4 23 4 13 2 49 38 3 47 1 2 17 2 29 0 13 13 0 1 65 39 1 24 42 28 66 38 11 9 41 24 0 1 0 0 0 30 6 0 13 8 0 4 20 12 0 2 44 0 0 2 28 0 45 0 0 0 0 2 2 26 16 1 1 1 1 61 0 3 18 2 24 1 7 2 12 2 1 3 0 1 25 1 2 0 0 0 1 0 0 1 0 5 1 5 3 24 41 1 0 0 0 0 1 0 0 1 0 0 1 0 0 0 0 0 29 1 0 1 3 1 46 1 0 1 26 0 0 3 3 7 2 1 33 2 0 0 1 13 0 1 64 2 0 1 0 2 0 0 0 1 2 1 0 0 0 2 0 0 0 0 0 4 0 0 0 4 1 0 1 0 3 0 1 2 2 0 2 30 0 0 49 2 1 2 0 2 0 0 2 2 1 0 0 1 0 1 0 1 1 2 8 0 0 1 0 5 0 0 1 1 1 0 36 0 0 0 1 0 9 0 0 1 0 0 0 1 0 11 3 2 0 0 0 1 0 1 9
0 141 0 4 0 3 1 5 1 1 4 0 1 3 0 3 0 0 3 0 0 6 1 0 2 2 0 4 1 2 0 0 1 0 1 0 0 0 1 1 0 5 3 0 0 1 4 0 1 4 0 0 0 0 0 3 0 0 0 0 1 0 4 9 0 0 0 0 5 0 0 3 0 4 0 2 0 0 0 0 1 0 0 1 0 1 0 0 0 0 0 1 0 0 0 0 0 0 5 2 0 0 0 0 0 0 0 0 0 0 0 0 0 0 0 0 0 1 0 0 0 0 0 5 0 0 0 4 0 0 1 1 1 0 0 2 1 0 0 1 0 0 0 3 0 0 0 0 1 0 0 0 0 0 0 0 0 0 0 0 0 0 0 0 0 0 0 0 1 0 0 0 0 1 0 1 0 0 0 0 1 0 0 5 1 0 0 0 0 0 0 0 0 0 0 0 0 0 1 0 1 0 0 0 0 0 0 0 2 0 0 0 1 2 0 2 0 0 0 1 0 2 0 0 0 0 0 0 0 0 1 1 1 0 0 0 0 0 0 2
0 186 0 5 0 3 1 7 1 2 7 0 1 3 0 1 0 0 2 0 0 7 1 0 1 2 1 5 3 2 0 1 2 0 0 0 0 0 1 0 0 6 2 0 0 2 4 0 0 6 0 0 0 0 0 6 0 0 0 0 1 0 6 6 0 0 0 0 7 0 0 3 0 3 0 3 0 0 0 0 1 0 0 0 0 0 0 0 0 0 0 0 1 0 0 0 0 0 4 5 0 0 0 1 0 0 0 0 0 0 0 0 0 0 0 0 0 2 0 0 0 1 0 4 0 0 0 5 0 0 1 1 1 0 0 3 2 0 0 0 0 0 1 3 0 0 0 0 1 0 0 0 0 0 0 0 0 0 0 0 0 0 0 0 0 0 0 0 1 0 0 0 0 1 0 1 0 0 0 1 0 0 0 6 1 0 0 0 0 2 0 0 0 0 0 0 0 0 1 0 1 0 0 0 0 1 0 0 3 0 0 0 0 1 1 0 0 0 0 0 0 2 0 0 1 1 0 0 0 0 2 3 1 0 0 0 0 0 0 0
1 1009 0 19 5 10 1 41 23 0 31 1 0 14 2 19 0 9 10 1 1 42 24 0 19 23 17 47 35 7 4 35 16 0 2 0 0 0 25 5 0 6 7 0 2 16 10 0 1 29 1 0 1 26 1 39 0 0 1 0 2 4 27 10 1 2 2 0 44 0 4 18 3 27 0 5 2 10 2 2 3 0 1 22 3 4 0 0 0 1 0 0 1 0 3 1 4 2 10 25 1 0 0 0 0 1 0 1 1 1 0 1 0 0 2 0 1 19 0 0 1 0 2 33 1 1 1 19 0 1 0 3 3 2 3 23 1 0 0 1 9 3 0 38 3 0 3 1 0 0 0 0 1 3 1 0 0 0 0 0 0 0 1 0 1 0 0 0 4 1 0 2 1 1 1 1 4 2 0 1 23 0 0 29 0 0 2 0 4 0 1 0 1 1 0 0 0 1 1 0 0 2 2 5 0 0 0 0 1 2 0 1 2 0 0 32 0 1 0 1 0 7 0 0 0 0 0 1 0 0 15 3 3 0 1 0 1 0 0 9
0 120 0 3 1 4 2 7 0 1 1 0 0 0 1 4 0 0 2 1 0 8 2 0 5 3 1 8 8 0 1 5 1 0 0 0 0 0 3 1 0 3 2 0 1 4 5 0 0 5 0 0 0 1 0 4 0 0 0 0 0 0 6 2 0 1 0 0 6 0 1 4 2 4 0 0 0 0 0 0 0 0 0 2 1 1 0 0 0 0 0 0 0 1 0 0 0 0 2 0 0 0 0 0 0 0 0 0 0 1 0 0 0 0 0 0 1 2 0 1 0 0 1 5 0 1 0 3 0 0 0 1 0 0 1 2 0 0 0 0 2 0 0 1 0 0 2 0 0 0 0 0 1 0 0 0 0 0 0 0 0 0 0 0 0 0 0 0 0 0 0 0 0 1 1 0 0 0 0 0 1 0 0 3 0 0 1 0 0 0 0 0 0 0 0 0 0 1 1 0 1 1 0 0 0 0 0 0 0 0 0 0 0 1 0 3 0 0 0 0 0 2 0 0 0 0 0 0 0 0 2 0 1 0 1 0 0 0 0 3
0 288 0 8 1 1 0 18 10 0 7 2 0 5 1 5 0 2 2 1 0 14 8 0 6 9 6 17 15 5 0 12 2 0 0 0 0 0 8 1 0 1 1 1 1 5 5 0 0 10 0 0 1 9 0 8 0 0 1 0 1 2 8 1 1 3 1 0 17 0 2 9 1 11 1 0 2 2 2 0 1 0 1 5 1 2 0 0 0 3 0 0 0 0 1 1 1 1 2 5 0 0 0 0 0 0 0 1 0 1 0 0 0 0 0 0 2 4 0 0 0 1 1 8 0 1 0 6 0 0 0 2 1 1 1 7 0 0 1 1 3 1 0 6 1 1 2 1 0 1 0 0 1 1 0 0 0 2 0 0 0 0 1 0 0 0 0 0 1 1 0 1 0 1 1 1 1 1 0 1 6 0 0 8 0 0 1 0 0 0 0 0 0 0 0 0 0 1 1 0 0 2 2 0 0 0 0 0 0 1 0 1 0 3 0 6 0 0 0 0 0 1 0 0 0 0 0 0 0 0 4 2 1 0 1 0 1 0 0 4
1 644 0 20 1 8 1 27 17 0 30 0 1 10 1 14 0 2 10 2 1 18 20 0 17 14 9 28 15 5 1 20 10 0 0 0 0 0 22 6 0 4 6 0 1 13 6 0 2 17 1 0 1 14 1 22 0 0 0 1 1 1 12 3 1 2 2 0 27 0 2 17 2 27 0 5 1 7 2 0 1 0 1 9 1 1 0 0 0 1 0 0 2 0 2 0 3 1 9 18 1 0 0 0 0 1 0 2 1 0 0 0 0 0 2 0 0 11 0 0 1 0 1 18 1 0 0 11 0 0 0 2 1 1 1 11 2 0 0 1 4 1 0 22 2 0 0 2 0 0 0 0 1 3 2 0 0 0 0 0 0 0 1 0 0 0 0 0 5 0 1 1 0 1 1 0 3 1 0 1 11 0 0 20 0 0 0 0 3 1 1 0 1 0 0 0 0 1 1 0 1 1 2 2 0 0 0 0 1 2 0 0 1 0 0 14 0 1 0 0 0 11 0 0 2 0 0 1 0 0 14 2 2 0 1 0 1 0 0 8
0 189 0 6 2 4 0 6 1 0 9 0 0 0 0 3 0 2 5 1 0 7 6 0 7 6 4 11 9 2 1 6 4 0 0 0 0 0 8 2 0 4 4 0 2 6 3 0 1 5 0 0 0 3 0 6 0 2 0 1 0 2 5 1 0 2 2 0 13 0 2 6 2 6 0 4 0 4 0 0 1 0 1 4 0 0 0 0 0 1 0 0 1 0 0 0 1 1 1 6 1 0 0 0 0 0 0 0 0 0 0 0 0 0 2 0 1 1 0 0 0 0 1 10 0 0 0 2 0 0 0 1 0 0 1 2 0 0 0 0 1 1 1 2 0 0 0 0 0 0 0 0 1 0 0 0 0 0 0 0 0 0 0 0 0 0 0 1 2 0 0 0 0 1 0 0 1 1 0 0 3 1 0 2 0 0 0 0 0 1 0 0 0 0 0 1 0 1 1 0 1 0 0 0 0 0 0 0 0 0 0 0 1 0 0 5 0 0 0 2 0 5 1 0 0 0 0 1 0 1 4 0 1 0 2 0 1 0 0 2
