0 558 0 8 3 7 2 8 1 0 11 0 0 2 0 5 0 1 5 1 0 12 9 1 13 4 9 6 8 1 0 9 3 0 1 0 0 0 7 7 0 6 6 0 0 7 10 0 1 5 0 0 0 7 3 12 1 0 0 1 0 0 6 6 0 1 2 0 8 0 0 7 0 8 0 11 0 1 0 0 0 0 0 4 0 0 0 0 0 0 0 0 0 0 0 0 0 0 1 6 0 0 0 0 0 1 0 0 0 0 0 0 0 0 0 0 0 0 0 0 0 0 0 7 0 0 0 4 0 0 0 0 0 0 0 9 0 0 0 0 1 0 0 7 0 0 0 0 0 0 0 0 0 0 0 0 0 0 0 0 0 0 0 0 0 0 0 0 5 0 0 0 0 0 0 0 2 0 0 0 11 0 0 5 0 0 0 1 0 0 0 0 0 0 0 0 0 0 1 0 0 0 0 0 1 0 0 0 0 0 0 0 0 1 0 7 0 0 0 0 0 11 0 0 0 0 0 0 0 0 5 3 0 0 0 0 0 0 0 6
0 560 0 4 4 8 0 6 2 1 5 0 0 1 0 6 0 1 3 1 0 12 12 0 8 6 12 9 10 0 0 9 2 0 1 0 0 0 4 1 0 3 1 0 1 4 10 0 1 2 0 0 0 9 1 15 0 0 0 1 0 0 9 3 1 0 1 0 11 0 0 5 0 3 0 5 0 2 1 0 1 0 0 9 0 0 0 0 0 0 0 0 0 0 0 0 0 0 1 9 0 0 1 0 0 0 0 0 0 0 0 0 0 0 0 0 0 1 0 0 0 0 0 10 0 0 0 6 0 0 1 0 0 0 0 13 0 0 0 0 1 0 0 11 0 0 0 0 0 0 0 0 1 0 0 1 0 0 0 0 0 0 0 0 0 0 0 0 6 0 0 0 0 0 0 1 1 0 0 0 11 0 0 7 0 1 0 2 0 2 0 0 1 0 0 0 0 0 3 0 0 0 0 0 0 0 0 1 0 0 1 0 0 0 0 7 0 0 0 0 0 8 0 0 1 0 0 0 0 0 5 7 0 0 0 0 0 0 0 2
0 98 0 1 0 1 0 1 1 0 1 0 0 0 0 0 0 1 2 0 0 3 0 0 0 0 0 1 1 0 0 1 1 0 0 0 0 0 1 0 0 0 0 0 0 1 0 0 0 0 0 0 0 3 0 1 0 0 0 0 0 0 4 1 1 0 0 0 1 0 0 1 0 1 0 0 0 1 0 0 1 0 0 2 0 0 0 0 0 0 0 0 0 0 0 0 0 0 0 1 0 0 0 0 0 0 0 0 0 0 0 0 0 0 0 0 0 1 0 0 0 0 0 2 0 0 0 0 0 0 0 0 0 0 0 2 0 0 0 0 0 0 0 3 0 0 0 0 0 0 0 0 1 0 0 1 0 0 0 0 0 0 0 0 0 0 0 0 0 0 0 0 0 0 0 0 0 0 0 0 1 0 0 0 0 1 0 0 0 2 0 0 0 0 0 0 0 0 0 0 0 0 0 0 0 0 0 0 0 0 0 0 1 0 0 0 0 0 0 0 1 3 0 0 0 0 0 0 0 0 0 0 0 0 0 0 0 0 0 2
0 615 1 8 3 6 0 8 0 0 6 0 0 3 0 4 0 1 9 1 0 13 9 0 9 4 10 5 8 1 0 8 3 0 1 0 0 0 3 1 0 4 5 0 0 3 4 0 1 3 0 0 0 7 1 12 1 0 0 1 0 0 7 1 0 0 1 0 10 0 0 6 0 3 0 4 0 1 1 0 0 0 0 6 0 0 0 0 0 0 0 0 0 0 0 0 0 0 0 7 0 0 0 1 0 0 0 0 0 0 0 0 0 0 0 0 0 0 0 0 0 0 0 6 0 0 0 4 0 0 0 0 0 0 0 11 0 0 0 0 1 0 0 8 0 0 0 0 0 0 0 0 0 0 0 0 0 0 0 0 0 0 0 0 0 0 0 1 5 0 0 0 0 0 1 0 1 0 0 0 11 0 0 7 0 0 0 1 0 0 0 0 0 0 0 0 0 0 1 0 0 0 0 0 0 0 0 0 0 0 0 0 0 0 0 5 0 0 0 0 0 6 0 0 0 0 0 0 0 0 5 4 0 0 0 0 0 0 0 2
0 544 0 5 3 8 1 10 0 1 12 0 0 4 0 5 0 0 12 1 0 9 11 0 15 6 11 10 8 0 0 9 3 0 2 0 0 0 7 1 0 3 7 0 0 4 12 0 1 4 0 0 0 6 1 11 0 0 0 1 0 1 7 8 0 0 1 0 9 0 0 7 0 7 0 8 0 1 0 0 0 0 0 5 0 0 0 0 0 0 0 0 0 0 0 0 0 0 2 7 0 0 0 0 0 0 0 0 0 0 0 0 0 0 0 0 0 1 0 1 0 0 0 9 0 0 0 5 0 0 0 1 0 0 0 10 0 0 0 0 1 0 0 9 0 0 0 0 0 0 0 0 0 0 0 0 0 0 0 0 0 0 0 0 0 0 0 0 7 0 0 0 0 0 0 0 1 0 0 0 10 0 0 8 1 0 0 1 0 1 2 0 0 0 0 0 1 0 1 0 0 0 0 0 0 0 0 0 0 0 0 0 0 1 0 5 1 0 0 0 0 8 0 0 0 0 0 0 0 0 4 3 0 0 1 0 0 0 1 5
0 606 0 4 3 7 0 7 4 0 7 0 0 1 0 6 1 1 6 1 0 10 12 0 7 3 9 10 9 0 0 9 1 0 1 0 0 0 3 2 0 7 3 0 0 3 5 0 2 3 0 0 0 6 1 11 0 0 0 1 0 0 7 4 1 0 1 0 9 0 0 5 0 2 0 4 0 1 0 0 1 0 0 8 0 0 0 0 0 0 0 0 0 1 0 0 0 0 1 6 0 0 0 0 0 0 0 0 0 0 0 0 0 0 0 0 0 3 0 0 0 0 0 9 0 0 0 3 0 0 0 0 0 0 0 9 0 0 0 0 1 0 0 7 0 0 1 0 0 0 0 0 0 0 0 0 0 0 0 0 0 0 0 0 0 0 0 0 6 0 0 0 0 0 0 1 1 0 0 0 10 0 0 7 0 0 0 1 0 0 1 0 0 0 0 0 0 0 1 0 0 0 0 1 0 0 0 0 0 0 0 0 0 0 0 6 0 0 0 0 1 6 0 0 0 0 0 0 0 0 3 3 2 0 0 0 0 0 0 4
1 554 0 5 3 5 0 8 7 0 6 0 0 4 0 5 0 0 4 1 0 14 16 0 6 7 8 11 10 0 0 8 6 0 1 0 0 0 4 1 0 3 1 0 1 4 6 0 1 9 0 0 0 5 1 13 0 2 0 1 2 0 8 4 0 0 1 0 11 0 0 5 0 5 3 4 0 2 0 0 0 0 0 6 2 0 0 0 0 0 0 0 0 0 0 0 0 0 3 11 0 0 0 0 0 0 0 0 0 0 0 0 0 0 0 0 0 5 0 0 0 0 0 10 0 0 0 7 0 0 0 0 0 0 0 11 0 0 0 0 1 0 0 15 0 0 0 0 0 0 0 0 0 0 0 0 0 0 0 0 0 0 0 0 0 0 0 0 5 0 1 0 0 0 0 0 1 0 0 0 11 0 0 9 1 0 0 1 0 0 0 0 0 0 0 0 0 0 1 0 0 0 0 1 0 0 0 0 1 0 0 0 0 0 0 6 0 0 0 0 0 5 0 0 0 0 0 0 0 0 2 4 0 0 0 0 0 0 1 2
0 978 0 7 3 11 0 10 1 4 7 0 0 5 0 8 1 0 7 1 0 20 18 1 8 10 10 12 11 1 1 11 4 0 1 0 0 0 8 1 0 10 6 0 0 10 8 0 1 10 0 0 0 9 1 16 0 0 2 1 0 0 9 6 0 0 1 0 17 0 0 9 0 5 0 8 0 3 0 0 0 0 0 6 0 0 0 0 0 0 0 0 1 0 0 0 0 0 3 13 0 0 0 0 0 0 0 0 0 0 0 0 0 0 0 0 0 6 0 0 0 0 0 17 0 0 0 7 0 0 0 0 2 0 1 10 0 0 0 0 2 0 0 12 0 0 0 0 0 0 0 0 0 1 0 0 0 0 1 0 0 0 0 0 0 0 0 0 10 0 0 0 0 0 0 0 1 0 0 0 11 0 0 11 0 0 0 1 0 1 0 0 0 0 0 0 0 0 2 1 0 0 0 2 0 0 1 0 4 0 0 0 0 1 0 11 0 0 0 0 0 10 0 0 0 0 0 0 0 0 4 3 2 0 0 0 0 0 0 2
0 506 0 8 4 9 1 7 3 4 7 0 0 3 0 4 1 0 7 1 0 16 12 1 10 7 11 11 13 0 0 12 1 1 1 0 0 0 9 1 0 7 2 0 0 6 5 0 1 8 0 0 0 8 1 12 0 0 2 1 0 0 12 2 1 0 1 0 12 0 1 8 0 7 0 6 0 1 0 0 0 0 0 5 1 0 0 0 0 0 0 0 2 0 0 0 0 0 1 11 0 0 0 0 0 0 0 0 0 0 0 0 0 0 0 0 0 1 0 0 0 0 0 10 0 0 0 4 0 0 0 0 0 0 1 13 0 0 0 0 2 0 0 9 0 0 3 0 0 0 0 0 0 0 0 0 0 1 0 0 0 0 0 0 0 0 0 0 8 2 0 0 0 0 0 0 1 1 1 0 15 0 1 8 0 0 1 1 0 1 1 0 0 0 0 0 0 0 1 0 0 0 0 0 0 0 1 0 1 0 0 0 0 1 0 7 0 0 0 0 0 6 0 0 0 0 0 0 0 0 4 6 1 0 0 0 0 0 1 1
0 495 0 9 5 9 0 10 0 7 9 0 0 1 1 4 1 0 5 2 0 11 11 1 8 5 9 12 15 0 0 13 3 0 3 0 0 0 8 2 0 8 5 0 0 5 11 0 2 5 0 0 0 8 1 13 0 0 0 1 2 0 16 2 1 1 2 0 12 0 0 7 0 7 0 5 1 1 0 0 0 0 0 7 0 0 0 0 0 0 0 0 1 0 0 0 0 0 0 8 0 0 0 0 0 0 0 0 0 0 0 0 0 1 0 0 0 1 0 0 0 0 0 11 0 0 0 3 0 0 0 0 0 0 0 11 0 0 0 0 2 0 0 8 0 0 0 0 0 0 0 1 0 0 0 0 0 0 0 0 0 0 0 0 0 0 0 1 10 2 0 0 0 0 0 0 3 1 0 0 14 0 0 9 0 0 1 2 0 2 0 0 0 0 0 0 0 0 1 0 0 0 0 0 0 0 1 1 1 0 0 0 0 0 0 10 0 0 0 0 0 9 0 0 0 0 0 0 0 0 5 4 1 0 0 0 1 0 0 2
1 486 0 10 3 6 0 11 0 6 7 0 1 3 0 4 1 0 11 1 0 11 13 1 15 4 11 9 10 0 1 12 3 0 2 0 0 0 9 2 0 7 2 0 0 11 9 0 2 10 0 0 0 8 1 12 0 0 0 1 0 0 11 5 0 0 1 0 10 0 0 9 1 9 0 7 0 1 0 0 0 0 0 6 0 1 0 0 0 0 0 0 1 0 0 0 0 0 1 8 1 0 1 0 0 0 0 0 0 0 0 0 0 0 0 0 0 2 0 0 0 1 0 12 0 0 0 4 0 1 0 0 0 0 1 12 0 0 0 0 3 0 0 10 0 0 1 0 0 0 0 0 0 0 0 0 0 0 0 0 0 0 0 0 0 0 0 0 6 0 0 0 0 0 0 0 2 0 0 0 11 0 0 10 1 0 0 1 0 1 0 0 0 1 0 0 0 0 1 0 0 0 0 0 0 0 2 0 1 1 0 0 1 1 0 8 0 0 0 0 0 7 0 0 0 0 0 0 0 0 5 4 1 0 0 0 0 0 1 7
1 89 0 4 0 1 0 3 0 2 1 0 0 0 0 2 0 0 1 0 0 1 0 1 3 1 3 2 1 0 0 0 1 0 0 0 1 0 2 1 0 0 0 0 0 3 3 0 0 2 0 0 0 1 0 2 0 0 0 0 0 0 0 2 0 0 0 0 5 0 0 1 0 3 0 0 0 0 0 0 0 0 0 2 0 0 0 0 0 0 0 0 1 0 0 0 0 0 0 1 1 0 0 0 0 0 0 0 0 0 0 0 0 0 0 0 0 0 0 0 0 0 0 4 0 0 0 0 0 0 0 0 0 0 0 2 0 0 0 0 2 0 0 1 0 0 1 0 0 0 0 0 0 0 0 0 0 0 0 0 0 0 0 0 0 0 0 0 0 0 0 0 0 0 0 0 0 0 0 0 1 0 0 0 0 0 0 0 0 0 0 1 0 0 0 0 0 0 0 0 0 0 0 0 0 0 1 0 1 0 0 0 0 0 0 0 0 0 0 0 0 2 0 0 0 0 0 0 0 0 1 0 1 0 0 0 0 0 1 2
0 532 0 12 5 9 1 10 2 6 8 0 0 1 0 4 1 1 8 1 0 10 10 1 12 4 12 9 12 0 0 12 2 0 1 0 0 0 7 1 0 7 2 0 0 5 8 0 1 6 0 0 0 7 1 9 0 0 1 1 0 0 9 4 0 0 1 0 14 0 1 8 1 7 0 6 0 1 0 0 0 0 0 5 0 0 0 0 0 0 0 0 1 0 0 0 0 0 1 8 0 0 0 0 1 0 0 0 0 0 0 0 0 0 0 0 0 4 0 0 0 0 0 9 0 0 0 4 0 0 0 0 0 0 0 13 0 0 0 0 2 0 0 10 0 0 0 0 0 0 0 0 0 0 0 0 0 0 0 0 0 0 0 0 0 0 0 0 5 0 0 0 0 0 0 0 1 0 0 0 13 0 0 6 0 0 0 1 0 1 0 0 0 0 0 0 0 0 1 0 0 0 0 0 0 0 1 0 1 0 0 0 0 0 0 10 0 0 0 0 0 7 0 0 0 0 0 0 0 0 5 3 2 0 0 0 0 0 0 1
0 546 0 8 4 6 0 11 0 5 8 0 0 1 0 4 1 0 7 1 0 13 12 1 7 5 14 9 11 0 0 12 1 0 1 0 0 0 6 2 0 6 3 0 0 11 6 0 1 6 0 0 0 7 1 12 0 0 0 1 0 0 11 3 0 0 1 0 12 0 0 8 0 5 0 5 0 1 0 0 0 0 0 4 0 0 0 0 0 0 0 0 1 0 0 0 0 0 1 6 0 0 0 0 0 0 0 0 0 0 0 1 0 0 1 0 0 1 0 0 0 0 0 9 0 0 0 3 0 0 0 0 0 0 0 12 0 0 0 0 2 0 0 10 0 0 0 0 0 0 0 0 0 0 0 0 0 0 0 0 0 0 0 0 0 0 0 0 6 0 0 0 0 0 0 0 1 0 0 0 14 0 0 6 0 0 0 1 0 2 0 0 1 0 0 0 0 0 1 0 0 0 0 0 0 0 1 0 2 0 0 0 0 1 0 10 0 0 0 0 0 8 0 0 0 0 0 0 0 0 4 3 1 0 0 0 0 0 0 1
0 518 0 9 3 9 0 15 1 6 7 0 1 2 0 5 1 0 7 1 0 11 12 1 14 7 10 10 14 0 0 14 3 0 1 0 0 0 7 1 0 9 2 0 1 7 4 0 1 7 0 0 0 8 2 10 0 0 0 1 0 0 9 4 0 0 2 0 10 0 0 9 0 6 0 5 0 1 0 0 0 0 0 4 0 0 0 0 0 0 0 0 1 0 0 0 0 0 1 9 1 0 0 0 0 1 0 0 0 0 0 0 0 0 0 0 0 3 0 0 0 0 0 9 0 0 0 4 0 0 0 1 0 0 0 10 0 0 1 0 2 0 0 11 0 0 0 0 0 0 0 0 1 0 0 0 0 0 0 0 0 0 0 0 0 0 0 0 8 0 0 0 1 0 0 0 1 0 0 0 13 0 0 6 0 0 0 1 0 1 0 0 0 0 0 0 0 1 1 0 0 0 0 0 0 0 1 0 1 0 0 0 0 0 0 9 0 0 0 0 0 6 0 0 0 0 0 0 0 0 5 3 1 0 0 0 0 0 0 4
0 425 0 9 1 8 1 9 1 4 8 0 1 2 0 5 1 0 2 1 0 10 10 1 14 3 10 9 10 0 0 7 1 0 1 0 0 0 8 1 0 3 2 0 0 5 3 0 1 9 0 0 0 8 1 10 0 0 0 0 0 0 8 3 0 1 2 1 8 1 0 9 1 7 0 5 0 2 0 0 0 0 0 3 0 0 0 0 0 0 0 0 1 0 0 0 0 0 0 5 1 0 0 0 0 0 0 0 0 0 0 0 0 0 0 0 0 3 0 0 0 0 1 6 0 0 0 3 0 0 0 1 0 0 0 8 0 0 1 0 2 0 0 10 0 0 0 0 0 0 0 0 0 0 0 0 0 0 0 0 0 0 0 0 0 0 0 0 5 1 0 0 0 0 0 0 1 0 0 0 11 0 0 6 0 0 0 1 0 1 0 0 0 0 0 0 1 0 1 0 0 0 0 1 0 0 1 0 1 0 0 0 0 0 0 7 0 0 0 0 0 6 0 0 1 0 0 0 0 0 4 2 0 0 0 0 0 0 0 7
0 496 1 10 4 5 0 11 1 5 9 0 0 2 0 4 1 2 7 1 0 16 15 1 10 7 9 11 11 0 0 17 1 0 1 0 0 0 7 1 0 6 5 0 0 9 6 0 1 6 0 0 0 10 1 9 0 0 0 2 0 1 11 4 0 0 1 0 12 0 0 10 1 10 0 4 0 2 0 0 0 0 1 4 1 1 0 0 0 0 0 0 1 0 0 0 0 0 1 8 0 0 0 0 0 0 0 0 0 0 0 0 0 0 0 0 0 2 0 0 0 0 0 11 1 0 0 4 0 0 0 0 0 0 2 11 0 0 0 0 3 0 0 13 0 0 0 0 0 0 0 1 0 0 0 0 0 0 0 0 0 0 0 0 0 0 0 0 7 0 0 0 0 0 0 0 1 0 0 0 12 0 0 6 0 0 0 1 1 1 2 0 0 0 0 0 0 0 1 0 0 0 0 2 0 0 1 0 1 0 0 0 0 0 0 7 0 0 1 0 0 12 0 0 0 0 0 0 0 0 3 3 2 0 0 0 0 0 0 4
0 478 0 11 3 7 0 11 0 4 11 0 0 2 0 5 1 0 6 1 0 15 12 1 13 5 9 9 17 1 0 12 1 0 1 0 0 0 8 4 0 8 7 0 0 10 13 0 1 9 0 0 0 9 2 16 0 0 0 2 0 0 12 6 0 1 1 0 10 0 0 9 0 12 0 6 0 1 0 0 0 0 0 5 0 0 0 0 0 0 0 0 1 0 0 0 0 0 0 7 0 0 0 0 0 0 0 0 0 0 0 0 0 0 0 0 0 5 0 0 0 0 0 8 0 0 0 4 0 0 0 0 0 1 1 10 0 0 0 0 2 0 0 10 0 1 0 0 0 0 0 0 0 0 0 0 0 0 0 0 0 0 0 0 0 0 0 0 6 0 0 0 1 0 0 0 2 0 0 0 12 0 0 8 0 0 0 1 0 1 0 0 0 0 0 0 0 0 1 0 0 1 0 1 0 0 2 0 1 0 0 0 0 0 0 10 0 0 0 0 0 10 0 0 0 0 0 0 0 0 5 4 1 0 0 0 0 0 0 5
0 515 0 11 4 8 0 10 1 4 12 0 0 1 0 4 1 1 6 1 0 10 12 1 10 4 12 8 12 0 0 11 2 0 1 0 0 0 11 3 0 7 3 0 0 9 10 0 1 6 0 0 0 8 2 9 0 0 0 1 0 0 9 9 0 0 1 0 8 0 0 11 3 12 0 6 0 1 0 0 1 0 0 5 0 0 0 0 0 0 0 0 1 0 0 0 0 0 2 6 0 0 0 0 0 0 0 0 0 0 0 0 0 0 0 0 0 3 0 0 0 0 0 9 0 0 0 4 0 0 0 0 0 0 0 12 0 0 0 0 2 0 0 8 0 0 0 0 0 0 0 0 0 0 0 0 0 0 0 0 0 0 0 0 0 0 0 0 7 0 0 0 0 0 0 0 1 0 0 0 11 0 0 5 0 0 0 1 0 1 0 0 0 0 0 0 1 0 2 0 0 0 0 0 0 0 1 0 1 0 0 0 0 1 0 7 0 0 0 0 0 10 0 0 0 0 0 0 0 0 8 5 1 0 0 0 0 0 0 2
0 495 1 10 4 6 0 14 2 4 9 1 0 2 0 6 1 2 8 1 1 11 12 1 10 8 13 10 12 0 0 15 3 0 2 0 0 0 9 2 0 6 3 0 0 8 5 0 1 5 0 0 0 9 1 14 0 0 0 1 0 0 11 2 0 0 1 0 8 0 0 9 1 5 0 6 0 1 0 0 0 0 0 10 0 0 0 0 0 0 0 0 1 0 0 0 0 0 2 6 1 0 1 0 0 0 0 0 0 0 0 0 0 0 1 0 0 1 0 0 0 0 0 11 0 0 0 5 0 0 0 0 0 0 0 15 0 0 0 0 2 0 0 9 0 0 0 0 0 0 0 0 0 0 0 1 0 0 0 0 0 0 0 0 0 1 0 0 6 0 0 0 0 0 0 1 2 1 0 1 14 0 0 6 0 0 0 1 0 1 0 0 0 0 0 1 0 0 1 1 0 0 0 0 0 0 2 0 3 0 0 0 0 1 0 7 0 0 0 0 0 8 0 1 0 0 0 0 0 0 6 4 1 0 0 0 0 0 0 2
0 1626 0 15 10 26 3 22 2 2 22 2 0 2 1 5 0 1 28 1 0 34 34 0 12 3 24 24 33 0 3 23 6 0 8 1 0 0 11 11 0 25 20 0 0 15 20 0 3 11 0 0 0 15 2 27 1 0 0 0 0 0 29 25 0 2 2 0 31 0 1 9 3 13 0 19 0 4 0 0 0 2 0 9 0 0 0 0 0 0 0 0 2 0 0 0 0 0 4 19 0 1 0 0 0 0 0 0 0 0 0 0 0 0 0 0 0 4 0 0 0 0 0 21 0 1 0 4 0 0 1 0 0 1 0 26 0 0 0 0 0 0 0 28 0 0 1 0 0 0 0 0 0 0 0 1 0 0 0 0 0 0 0 1 1 0 0 0 9 0 0 0 0 0 0 0 4 0 1 0 25 0 0 22 0 0 0 1 0 2 0 1 0 0 0 0 0 0 0 2 0 0 0 3 1 0 1 0 0 0 0 0 2 5 0 21 0 0 1 0 0 21 0 0 1 0 0 0 0 0 8 4 5 0 0 0 0 0 1 12
0 1569 0 6 5 18 1 13 2 2 12 0 1 4 0 8 0 3 14 1 0 21 26 0 12 5 17 20 28 0 1 23 3 0 4 0 0 0 9 4 0 16 7 0 0 9 15 0 3 6 0 0 0 12 1 26 0 0 0 1 0 0 23 19 0 1 2 1 20 0 0 10 1 10 0 17 0 6 0 0 0 0 0 9 0 0 0 0 0 0 0 0 0 0 1 0 1 0 5 10 0 0 0 0 0 0 0 0 0 0 0 0 0 0 0 0 0 4 0 0 0 0 0 15 1 0 0 5 0 1 0 0 0 1 0 16 0 0 0 0 0 0 1 13 0 0 0 0 0 0 0 0 0 0 1 1 0 0 0 0 0 0 0 0 0 0 0 0 9 0 0 0 0 0 0 0 3 0 0 0 20 0 0 14 0 0 0 1 0 1 0 0 0 1 0 0 0 0 0 0 0 0 0 5 0 0 0 0 0 0 0 0 3 2 0 16 0 0 0 0 0 18 1 0 0 0 0 0 0 0 9 3 4 0 0 0 0 0 0 7
0 542 0 7 3 10 1 14 2 3 10 0 0 3 0 5 0 3 13 1 0 11 9 0 14 2 6 4 9 0 0 9 1 0 1 0 0 0 9 5 0 6 6 0 0 8 10 0 2 2 0 0 0 5 1 11 0 0 0 0 0 0 7 11 0 1 1 1 5 0 0 10 0 8 0 11 0 2 0 0 0 0 0 4 0 0 0 0 0 0 0 0 0 0 0 0 1 0 1 4 0 0 0 0 0 0 0 0 0 0 0 0 0 0 0 0 0 2 0 0 0 0 0 8 1 0 0 3 0 1 0 0 0 0 0 8 0 0 0 0 0 0 0 10 0 0 0 0 0 0 0 0 0 0 0 0 0 0 0 0 0 0 0 0 0 0 0 0 8 0 0 0 0 0 0 0 3 0 0 0 9 0 0 3 0 0 0 1 0 0 0 0 0 0 0 0 0 0 0 0 0 0 0 1 0 0 0 0 0 0 0 0 0 0 0 5 0 0 0 0 0 17 0 0 0 0 0 0 0 0 6 4 0 0 0 0 0 0 0 5
0 513 0 5 3 8 0 11 1 2 9 1 0 3 0 6 0 3 8 1 0 16 13 0 8 4 6 10 11 0 0 10 7 0 1 0 0 0 5 3 0 7 3 0 0 8 8 0 2 2 0 0 0 7 1 14 0 1 1 0 1 0 10 8 0 1 1 1 11 0 1 6 0 6 1 10 0 1 0 0 1 0 0 8 0 0 0 0 0 0 0 0 0 0 1 0 1 0 2 8 0 0 0 0 0 0 0 1 0 0 0 0 0 0 0 0 0 0 0 0 0 0 0 10 1 0 0 3 0 1 0 1 0 0 0 12 0 0 0 1 0 0 0 10 0 0 0 0 0 0 0 1 0 0 1 0 0 0 0 0 0 0 0 0 1 0 0 0 7 0 0 0 0 1 0 0 3 0 0 0 11 0 0 8 0 0 0 1 0 0 0 0 0 0 0 0 0 0 0 0 0 0 0 1 0 0 0 0 0 0 0 0 1 0 0 6 0 0 1 0 1 12 0 0 0 0 0 0 0 0 5 5 1 0 0 0 0 0 0 2
0 502 0 8 4 9 0 15 1 1 18 0 0 1 0 6 0 3 10 1 0 12 11 0 9 5 7 10 11 0 0 12 2 0 1 0 0 0 4 5 0 4 3 0 0 7 8 0 2 1 0 0 0 7 1 13 0 1 1 0 0 0 13 12 0 1 1 1 12 0 0 6 0 8 0 14 0 5 0 0 0 0 0 3 0 0 0 0 0 0 0 1 0 1 0 0 1 0 2 5 0 0 0 0 0 0 0 0 0 0 0 0 0 1 0 0 0 4 0 0 0 0 1 9 1 0 0 3 0 1 0 0 0 0 0 10 0 0 0 0 0 0 0 8 0 1 0 0 0 0 0 1 0 0 0 1 0 0 0 0 0 0 0 0 0 0 0 0 7 0 0 0 0 0 0 0 4 0 0 0 9 0 0 7 0 1 1 1 0 0 0 0 0 0 0 0 0 0 1 0 1 0 0 1 0 0 0 0 0 0 0 0 1 0 0 5 0 1 0 0 1 12 0 0 0 0 0 0 0 0 5 3 0 0 0 0 0 0 0 6
0 513 0 9 4 9 1 16 0 1 12 0 0 1 0 4 0 3 9 1 0 12 9 0 12 1 8 11 10 0 0 9 2 0 1 0 1 0 9 4 0 4 7 0 0 7 10 0 2 1 0 0 0 7 1 10 0 0 0 0 0 0 9 14 0 1 1 1 8 0 0 9 0 8 0 12 0 3 0 0 2 0 0 7 0 0 0 0 0 0 1 0 1 0 0 0 1 0 2 7 0 0 1 0 0 0 0 0 0 0 0 0 0 0 0 0 0 1 0 0 0 0 0 8 1 0 0 3 0 1 0 1 0 0 0 14 0 0 0 0 0 0 0 8 0 0 0 0 0 0 0 0 0 0 0 0 0 0 0 0 0 0 0 0 0 0 0 0 7 0 0 0 0 0 0 0 3 1 1 0 8 0 0 5 0 1 0 1 0 0 0 0 0 0 0 0 1 1 0 0 0 0 0 1 0 0 0 0 0 0 0 0 0 0 0 6 0 0 0 0 0 15 0 0 0 0 0 0 0 0 5 3 1 0 1 0 0 0 0 3
0 507 0 6 3 8 0 13 3 2 11 0 1 6 0 4 0 3 8 1 0 14 14 0 11 2 8 8 12 0 0 10 2 0 1 0 0 0 6 3 0 7 5 0 0 9 9 0 3 3 0 0 0 6 1 11 1 0 1 0 0 0 13 10 1 1 1 1 7 0 1 8 0 7 1 13 0 2 0 1 1 0 0 5 0 0 0 0 0 0 0 0 0 0 0 0 1 0 1 4 0 0 0 0 0 0 0 0 0 0 0 0 0 0 0 0 0 2 0 0 0 0 0 6 1 0 0 3 0 1 0 0 0 0 1 11 0 0 0 0 0 0 0 10 0 1 0 0 0 0 0 0 1 0 0 0 0 0 0 0 0 0 0 0 0 0 2 1 7 0 0 0 0 0 0 0 3 0 0 0 10 0 0 6 0 0 0 1 0 0 1 0 0 0 0 1 0 0 0 0 0 0 0 1 0 0 0 0 0 0 0 0 1 0 0 9 0 0 0 0 0 16 0 0 1 0 0 0 0 0 4 3 1 1 0 0 0 0 0 2
0 1557 1 10 6 13 2 18 0 0 13 0 5 5 0 12 0 0 6 2 0 19 27 0 8 16 17 23 26 3 5 22 3 0 4 0 0 0 7 4 0 13 6 0 0 9 10 0 2 11 0 0 0 12 2 28 0 1 2 6 0 0 22 13 2 0 1 0 22 0 1 5 1 9 0 14 0 4 1 1 1 0 0 7 0 0 0 0 0 0 0 0 0 0 1 0 0 1 2 10 0 0 0 0 0 0 0 0 0 0 0 0 0 0 0 0 0 1 0 0 0 0 2 13 2 1 1 5 0 0 0 1 0 1 0 15 0 0 0 0 1 0 2 12 0 0 1 0 0 0 0 0 0 0 1 1 0 4 0 0 0 0 0 0 0 0 0 0 8 0 0 0 0 0 0 2 3 0 0 0 19 0 0 13 0 0 0 1 0 1 0 0 0 1 0 4 0 0 0 0 0 0 0 5 0 1 0 0 0 1 0 0 3 4 0 15 0 0 0 0 0 11 0 0 0 0 0 0 0 0 9 5 3 0 5 0 0 0 0 8
0 492 1 10 4 7 2 18 1 3 14 0 1 5 0 8 0 0 5 1 0 14 7 0 9 9 6 6 8 3 3 10 2 0 1 0 0 0 9 3 0 4 5 0 0 10 8 1 1 5 0 0 0 7 2 13 0 1 2 4 0 0 6 7 2 0 1 0 9 0 1 9 0 10 0 8 0 1 1 1 1 0 0 3 0 0 0 0 0 0 0 0 0 0 0 0 0 0 3 7 0 0 0 0 0 0 0 0 0 0 0 0 0 0 0 0 1 2 0 0 0 0 1 8 0 0 1 4 0 0 0 1 0 1 0 8 0 0 0 0 0 0 1 7 0 0 0 0 0 0 0 0 0 1 1 0 0 2 0 0 1 0 0 0 0 0 0 0 10 0 0 0 0 0 0 1 2 0 0 0 10 0 0 3 0 0 0 1 0 0 0 0 0 0 0 1 0 0 0 0 0 1 0 2 0 1 0 0 0 1 0 0 0 3 0 5 0 0 0 0 0 9 0 0 1 0 0 0 0 0 6 6 0 1 3 0 0 0 0 8
1 506 1 9 3 7 1 18 0 1 15 0 1 4 0 5 0 0 7 1 0 9 8 1 8 6 8 8 8 3 3 10 2 0 1 0 0 1 9 3 0 5 7 0 0 9 8 0 1 4 0 0 0 6 2 12 0 1 2 4 0 0 8 5 1 0 1 0 7 0 1 4 2 8 0 6 0 0 0 1 1 0 0 4 0 0 0 0 0 0 0 0 0 0 0 0 0 0 3 8 0 0 0 0 0 0 0 0 0 0 0 0 0 0 0 0 0 2 0 0 0 0 1 6 0 0 1 3 0 0 0 1 0 1 0 9 0 0 0 0 0 0 1 7 0 0 0 0 0 0 0 0 0 0 1 0 0 2 0 0 0 0 0 0 0 0 0 0 8 0 0 0 0 0 0 1 3 0 0 0 13 0 0 5 0 0 0 1 0 0 0 0 1 0 0 1 0 0 0 0 0 0 0 3 0 1 0 0 0 1 0 0 0 2 0 6 0 0 0 0 0 15 0 0 1 0 0 0 0 0 5 5 0 1 3 0 0 0 0 10
0 1167 0 9 4 22 3 17 7 5 15 0 0 2 0 5 0 2 24 1 0 34 27 0 18 8 19 16 17 3 1 22 3 0 5 0 0 0 14 2 0 20 12 0 0 15 21 0 1 2 0 0 0 10 2 22 0 0 0 0 0 0 18 28 0 0 1 0 25 0 0 6 1 12 0 18 0 3 0 0 0 0 0 8 0 0 0 0 0 0 0 0 1 0 1 0 0 0 6 17 0 0 0 0 0 0 0 0 0 1 0 0 0 0 0 0 0 2 0 0 0 0 0 16 0 0 1 7 0 0 0 1 0 0 0 17 0 0 0 0 1 2 0 12 0 0 0 0 0 1 0 0 0 0 0 1 0 1 0 0 0 0 0 0 0 0 0 0 10 0 0 0 0 0 0 1 1 0 0 0 30 0 0 18 0 0 0 1 0 1 0 1 0 0 0 0 0 0 0 0 0 0 0 3 0 2 1 0 0 0 0 0 1 7 0 16 0 0 0 0 0 21 0 0 0 0 0 0 0 0 6 5 1 0 0 0 0 0 1 12
0 424 0 9 3 8 1 15 2 4 15 0 0 3 0 6 1 1 11 1 0 13 15 1 16 6 13 9 9 1 0 13 5 0 1 0 0 0 13 1 0 8 8 0 1 11 14 0 1 5 0 0 0 9 2 11 0 0 0 0 0 0 9 8 0 1 1 0 9 0 0 8 0 9 0 8 1 2 0 0 0 0 0 8 0 1 0 0 0 0 0 0 0 0 0 0 0 0 5 6 0 0 1 0 0 0 0 0 0 1 0 0 0 0 0 0 0 1 0 0 0 0 0 8 0 1 1 10 0 0 0 0 0 0 0 15 0 0 1 0 1 0 0 8 0 0 1 0 0 1 0 0 0 1 0 0 0 0 1 0 0 1 0 0 0 0 0 0 8 0 0 0 0 0 0 0 2 0 0 0 16 0 0 10 0 1 0 1 0 0 0 0 0 0 0 0 0 0 0 0 1 0 0 0 0 1 0 0 0 0 0 0 1 4 0 11 0 1 0 0 0 12 0 0 0 0 0 0 0 0 8 5 2 0 0 0 0 0 0 7
0 449 0 7 5 7 1 13 2 7 13 0 0 3 0 3 0 2 11 1 0 17 17 0 13 5 11 15 11 2 0 17 4 0 3 0 0 0 11 1 0 6 5 0 0 10 8 0 1 4 0 0 0 7 2 9 1 0 0 0 0 0 10 7 0 0 1 0 9 0 0 5 0 10 0 9 0 1 0 0 1 0 0 7 0 0 0 0 0 0 0 0 0 0 0 0 0 0 0 7 0 0 0 0 0 0 0 0 0 1 0 0 0 0 0 0 0 2 0 0 0 0 2 6 0 0 1 10 0 0 0 0 0 0 0 16 0 0 0 0 1 0 0 13 0 0 0 0 0 1 0 0 0 0 0 0 0 0 0 0 0 0 0 0 0 0 0 0 6 0 0 0 0 0 0 0 1 0 0 0 21 0 0 8 0 0 0 1 0 0 0 1 0 0 0 0 0 0 0 0 0 0 0 1 0 2 0 0 1 0 0 0 0 4 0 12 0 0 0 0 0 10 0 0 0 0 0 1 0 0 7 4 0 0 0 0 0 0 0 6
0 2175 1 14 4 24 5 36 7 5 28 0 0 7 1 6 0 1 17 1 0 29 44 1 20 13 30 42 38 0 1 39 5 0 7 0 0 0 16 21 0 16 17 0 0 15 16 0 2 11 0 0 0 17 2 30 0 0 0 0 0 0 29 29 0 0 2 0 37 3 0 12 1 19 0 12 1 6 2 0 1 0 0 8 2 0 0 0 0 0 1 0 0 0 1 0 0 0 15 19 0 0 0 0 0 0 0 0 0 0 0 0 0 1 0 0 0 9 0 0 0 0 0 31 0 1 0 6 0 0 0 0 1 0 2 21 0 0 0 0 4 0 0 26 0 0 0 0 0 0 0 0 0 0 0 1 0 1 1 0 0 1 0 0 0 0 0 0 7 0 0 0 0 0 0 0 9 0 0 0 30 0 0 25 0 2 1 2 1 1 0 0 0 0 0 0 0 0 0 0 0 2 0 6 1 0 1 0 1 0 0 0 3 5 0 25 0 0 0 0 0 12 0 0 0 0 0 0 0 0 16 4 4 0 0 0 0 0 0 6
0 1253 2 9 3 12 1 23 1 3 11 0 1 3 0 5 0 0 11 2 0 19 31 0 12 12 21 23 27 0 1 16 8 0 2 0 2 0 17 5 1 13 10 0 0 14 17 0 2 6 0 0 0 11 1 23 0 0 0 0 0 0 23 15 1 1 1 0 25 1 1 4 0 15 1 6 0 2 1 0 1 0 0 6 0 0 0 0 0 0 1 0 0 0 0 0 0 0 4 9 1 0 0 0 0 0 0 0 0 0 0 0 0 0 0 0 1 4 0 0 0 0 0 15 0 0 0 7 0 1 0 1 0 0 2 15 1 0 0 0 0 0 0 18 0 1 0 0 0 0 0 0 0 1 0 1 0 1 0 0 0 1 0 0 0 0 0 0 8 0 0 0 1 0 0 0 3 0 0 0 19 0 0 13 0 0 0 2 0 1 0 0 0 0 0 2 0 0 0 0 0 1 1 4 1 0 0 0 1 0 0 0 3 3 0 12 0 0 0 0 0 5 1 0 0 0 0 0 0 0 7 3 1 0 1 0 0 0 0 8
0 67 2 7 2 4 0 14 1 0 6 0 0 0 0 0 0 0 7 1 0 6 4 0 5 3 5 6 3 0 0 2 3 0 0 0 1 0 8 4 1 4 3 0 0 1 8 0 2 2 0 0 0 3 0 3 0 0 0 0 0 0 2 4 0 0 0 0 4 2 0 1 0 9 1 0 0 0 1 1 0 0 0 2 0 0 0 0 0 0 1 0 0 0 0 0 0 0 2 1 0 0 0 0 0 0 0 0 0 0 0 0 0 0 0 0 0 0 0 0 0 0 0 4 0 0 0 6 0 1 0 1 0 0 1 1 0 0 0 0 0 0 0 7 0 1 0 0 0 0 0 0 0 0 0 0 0 0 0 0 0 1 0 0 0 0 0 0 5 0 0 0 0 0 0 0 2 0 0 0 2 0 1 1 0 0 0 1 0 0 0 0 0 0 0 1 0 0 0 0 0 1 1 0 1 1 0 0 1 0 0 0 0 1 0 1 0 0 0 0 0 1 1 0 1 0 0 0 0 0 1 1 0 0 0 0 0 0 0 3
0 92 2 4 2 3 0 11 0 0 6 0 0 0 0 0 0 0 9 1 0 3 4 0 6 2 4 6 2 0 0 1 3 0 0 0 1 0 11 4 1 2 3 0 0 1 8 0 0 1 0 0 0 2 0 4 0 0 0 0 0 0 2 4 0 0 0 0 4 1 0 0 1 9 1 2 0 0 1 0 0 0 0 1 1 1 0 0 0 0 1 0 0 0 0 0 0 0 2 4 0 0 0 0 0 0 0 0 0 0 0 0 0 0 0 0 0 0 0 0 0 0 0 4 0 0 0 4 0 0 0 1 0 0 1 0 0 0 0 0 0 0 0 6 0 1 0 0 0 0 0 0 0 0 0 0 0 0 0 0 0 0 0 0 0 0 0 0 5 0 0 0 0 0 0 0 2 0 0 0 2 0 0 1 0 0 0 1 0 0 0 0 0 0 0 1 0 0 0 0 0 1 0 0 1 0 0 0 1 0 0 0 0 1 0 1 0 0 0 0 0 1 1 0 0 0 0 0 0 0 1 0 0 0 0 0 0 0 0 1
1 3479 0 31 8 45 3 37 3 6 34 0 0 8 1 13 0 3 26 1 0 39 48 0 40 13 43 47 49 1 1 49 10 0 10 0 0 0 42 32 0 28 21 0 0 29 30 0 4 9 0 0 0 21 0 41 0 0 0 0 0 1 45 39 0 0 5 0 53 3 1 24 2 37 0 23 0 10 0 0 0 0 0 15 0 0 0 0 0 0 0 1 1 0 1 1 0 1 15 30 0 0 0 0 0 0 0 0 0 0 0 0 0 2 0 0 0 5 0 0 0 0 3 51 0 0 0 13 0 0 0 0 0 0 0 29 0 0 0 0 1 0 0 42 0 0 1 0 0 0 0 0 0 0 1 1 0 0 2 0 0 0 0 0 0 0 0 0 12 0 0 1 1 0 0 0 7 2 1 0 44 0 0 36 1 2 2 0 0 1 0 0 2 0 0 0 0 0 0 0 1 0 0 6 0 0 0 0 1 0 0 0 4 12 0 25 0 0 0 0 0 20 0 0 0 0 0 0 0 0 22 4 3 0 1 0 1 0 1 14
0 446 0 17 3 18 0 21 0 0 24 0 0 4 0 9 0 2 6 0 0 10 11 0 17 7 5 10 12 0 0 6 3 0 2 0 0 1 18 3 0 7 11 0 0 15 15 0 2 5 0 0 0 1 0 9 0 0 0 0 0 0 8 14 0 1 1 0 7 0 0 14 0 17 0 6 0 1 0 0 0 0 0 4 0 0 0 0 0 0 0 0 0 0 0 2 0 0 4 8 0 0 0 0 0 0 0 0 0 0 0 0 0 0 0 0 0 3 0 0 0 0 1 7 0 0 0 5 0 0 0 0 0 0 0 2 0 0 0 0 0 0 0 7 0 0 1 1 0 0 0 0 0 0 0 0 0 1 1 0 1 0 0 0 0 0 0 0 6 0 0 0 0 0 0 0 1 0 0 0 11 0 0 6 0 0 1 1 0 0 0 1 1 0 0 0 0 0 0 0 1 0 0 0 0 0 0 0 1 0 0 0 0 4 0 2 0 0 0 0 0 12 0 0 0 0 0 0 0 0 11 3 0 1 1 0 0 0 0 9
0 1124 1 19 5 32 1 21 4 5 26 0 0 5 0 11 0 2 15 1 0 31 21 0 19 5 16 18 21 0 1 22 7 0 8 0 0 0 24 3 0 18 10 0 0 14 18 0 1 8 0 1 0 5 0 19 0 0 0 0 1 1 20 23 0 0 2 0 21 0 1 15 1 18 0 15 0 3 0 0 1 0 0 14 2 0 0 0 0 0 0 0 1 1 0 1 0 1 7 9 0 0 2 0 0 0 0 0 0 1 0 0 0 1 0 0 1 7 0 0 0 0 1 22 0 0 0 6 0 0 0 0 0 1 0 13 0 0 0 0 1 0 0 16 0 0 1 0 0 0 0 0 0 0 0 1 0 0 1 0 0 0 0 0 0 0 0 0 10 0 0 0 0 0 0 0 3 0 0 0 24 0 0 15 0 1 0 0 0 1 0 2 0 0 0 0 0 0 0 2 0 2 2 1 0 0 0 1 0 0 0 0 1 10 0 13 0 1 0 0 0 13 0 0 0 0 0 0 0 0 16 4 0 0 1 0 1 0 0 5
0 415 0 17 3 11 0 16 1 1 21 0 0 4 1 6 0 2 9 0 0 14 12 0 15 3 12 13 14 0 0 14 1 0 3 0 0 0 16 4 0 7 5 0 0 13 8 0 1 4 0 0 0 5 0 13 0 0 0 0 1 0 13 5 0 0 1 0 14 0 1 9 1 12 0 5 0 2 0 0 1 0 0 7 0 0 0 0 0 0 0 0 1 0 0 1 0 0 5 5 0 0 2 0 0 0 0 0 0 1 0 0 0 0 0 0 0 4 0 0 0 0 1 13 0 1 0 6 0 0 0 0 0 0 0 7 0 0 0 0 1 0 0 11 0 0 1 0 0 0 0 0 0 0 0 0 0 0 1 0 0 0 0 0 0 1 0 0 3 0 0 0 0 1 0 0 1 0 0 1 19 0 0 11 0 0 0 0 2 0 0 0 0 2 0 0 0 0 2 0 1 0 2 1 0 0 0 1 0 0 0 1 1 7 0 11 0 0 0 0 0 7 0 0 0 0 0 0 0 0 8 2 2 0 0 0 0 0 0 6
0 440 1 20 7 13 0 18 0 2 23 0 0 4 0 7 0 2 7 1 0 13 9 0 19 5 11 8 8 0 0 15 1 0 2 0 0 0 19 4 0 7 5 0 0 15 8 0 1 3 0 0 0 3 0 8 0 0 0 1 1 0 10 7 0 0 1 0 12 0 0 11 2 12 0 8 0 1 0 0 1 0 0 7 0 0 0 0 0 0 0 1 0 0 0 1 0 0 3 6 0 0 1 0 0 0 0 0 0 1 0 0 0 0 0 0 0 4 0 0 0 0 1 11 0 0 0 6 0 0 0 0 0 1 0 9 0 0 0 0 0 0 0 7 0 0 1 0 0 0 1 0 0 0 0 0 0 0 1 0 0 0 0 0 0 0 0 0 4 0 0 0 0 0 0 0 1 0 0 0 15 0 0 7 0 0 0 0 1 0 0 0 0 0 0 0 0 0 0 0 0 0 2 1 0 0 0 1 0 0 0 0 0 7 0 12 0 0 0 0 0 7 0 0 0 0 0 1 0 0 7 2 0 0 0 0 0 0 0 4
0 412 0 19 5 12 0 17 2 1 22 0 0 7 0 4 0 3 11 0 0 11 10 1 16 8 12 10 12 0 0 11 5 0 3 0 0 0 17 4 0 7 4 0 1 17 8 0 1 6 0 0 0 4 0 7 0 0 0 0 1 1 7 5 0 0 1 0 10 0 0 12 1 14 0 6 0 2 0 0 2 1 0 8 0 1 0 0 0 0 0 0 0 0 0 1 0 1 7 6 0 0 1 0 0 0 0 0 0 1 0 0 0 0 0 0 0 5 0 0 0 0 1 17 0 1 0 6 0 0 0 0 1 0 1 10 0 0 0 0 0 0 0 6 0 0 1 0 1 0 0 0 0 0 0 0 0 0 1 0 0 1 0 0 0 0 0 0 5 0 0 0 0 0 0 0 1 0 0 0 14 0 0 8 1 1 0 0 0 0 0 2 1 0 0 0 0 0 0 0 0 0 2 0 0 0 0 1 0 0 0 0 0 7 0 8 0 0 0 0 0 8 0 0 2 0 0 0 0 0 10 3 0 0 0 0 0 0 0 5
0 410 0 20 3 12 1 20 2 2 20 0 0 4 0 6 0 2 12 0 0 11 12 0 21 4 10 9 8 0 0 12 4 1 2 0 0 0 20 3 0 6 5 0 0 12 7 0 1 8 0 0 0 3 0 7 0 0 0 0 1 0 10 5 0 1 1 0 15 0 0 13 1 15 0 7 1 1 0 1 1 0 0 8 1 0 0 0 0 0 0 0 0 0 0 1 0 0 7 6 0 0 1 0 0 0 0 0 0 1 0 0 0 0 1 0 0 4 0 0 0 0 1 12 0 0 0 7 0 0 0 1 0 2 0 7 0 0 0 0 1 0 1 5 1 0 1 0 0 0 0 1 0 0 1 0 0 0 2 0 0 0 0 0 0 1 0 0 5 0 0 0 1 0 0 0 0 0 0 0 14 0 0 9 2 0 0 0 0 0 0 0 0 0 0 0 0 0 0 0 0 0 2 0 0 0 0 1 0 0 0 0 0 8 0 11 0 0 0 0 1 9 0 0 0 0 0 0 0 1 10 2 2 0 1 0 0 0 0 4
0 416 0 20 3 15 0 16 3 1 21 0 0 5 0 6 0 3 9 0 0 14 9 0 18 8 9 10 9 0 0 10 4 0 2 0 0 0 17 3 0 7 9 0 0 14 9 0 1 6 0 0 0 3 0 7 0 0 1 0 1 0 7 5 0 0 1 0 11 0 0 10 2 14 0 10 1 2 0 0 1 0 0 7 0 0 0 0 0 0 0 0 1 1 0 1 0 0 6 6 1 0 1 0 0 0 0 0 0 1 0 0 0 0 0 0 0 5 0 0 0 0 1 13 0 0 0 7 0 0 0 0 0 0 0 7 0 0 0 0 2 0 0 7 0 0 1 0 0 0 0 0 0 1 0 0 0 0 1 0 0 0 0 0 1 0 0 0 3 0 0 0 0 1 0 0 1 0 0 0 11 0 0 9 1 1 0 0 0 0 0 0 1 0 0 0 0 0 0 0 0 0 3 1 0 0 1 1 1 0 0 0 0 7 0 10 0 0 0 0 0 7 0 0 0 0 0 0 0 0 16 2 1 0 2 0 0 0 0 6
0 438 0 18 4 15 0 17 0 1 23 0 0 4 0 5 0 2 5 0 0 12 12 0 17 4 10 8 12 0 0 12 2 0 4 0 0 1 16 6 0 7 5 0 1 14 9 0 2 4 0 0 0 5 0 7 0 0 0 1 1 0 10 8 0 0 1 0 7 0 0 8 1 13 0 7 0 2 0 0 1 0 0 7 0 0 0 0 0 0 0 0 1 0 0 1 0 0 3 7 0 0 1 0 0 0 0 0 0 1 0 0 0 0 0 0 0 5 0 0 0 0 1 14 0 0 0 5 0 0 0 0 0 0 1 9 0 0 0 0 0 0 0 9 0 0 1 0 0 0 0 1 0 0 0 0 0 0 1 0 0 0 0 0 0 0 0 0 4 0 0 0 0 0 0 0 2 0 0 0 15 0 0 7 0 1 0 0 0 0 1 0 1 0 0 0 0 0 0 0 0 0 2 0 0 0 0 1 0 0 0 0 0 9 0 15 0 0 0 0 0 7 0 0 0 0 0 0 0 0 9 2 0 0 0 0 0 0 0 4
0 462 0 16 3 11 0 19 0 1 22 2 0 3 0 5 1 2 9 0 0 9 10 0 16 4 9 9 8 0 0 14 3 0 3 0 0 0 15 3 0 6 10 0 0 12 8 0 1 6 0 0 0 4 0 8 0 0 1 0 1 0 8 7 0 0 2 0 12 0 0 9 1 16 0 5 0 1 0 0 1 0 0 8 0 0 0 0 0 0 0 0 0 0 0 1 0 0 4 5 0 0 1 0 0 0 0 0 0 1 0 0 0 0 0 0 0 3 0 0 0 1 1 9 0 0 0 5 0 0 0 0 0 1 0 6 0 0 0 0 0 0 0 5 0 0 1 1 0 0 0 0 0 0 0 0 0 0 1 0 0 0 0 0 0 0 0 0 3 0 0 0 0 0 0 0 1 0 0 0 14 0 0 9 0 0 0 0 1 0 0 0 0 0 0 0 1 0 0 0 0 0 2 1 0 0 0 1 0 0 0 0 1 7 0 11 0 0 0 0 0 11 0 0 0 0 0 0 0 0 8 2 0 0 0 0 0 0 0 5
0 29839 0 2 7 18 16 37 23 28 5 31 27 14 0 8 0 0 23 5 1 44 3 5 31 12 7 1 40 0 0 0 0 0 0 0 0 0 6 24 8 31 3 0 11 2 4 3 13 2 0 0 0 15 13 1 5 6 0 0 23 0 0 6 21 2 3 10 48 13 0 0 3 0 35 13 15 0 0 0 0 1 0 0 0 0 0 0 0 0 0 0 2 0 0 0 14 0 0 0 11 0 0 1 1 0 0 0 0 0 0 0 0 0 1 0 0 2 0 0 0 0 1 0 1 0 0 0 0 1 0 0 0 0 0 27 0 0 0 0 0 1 0 0 0 3 0 0 0 0 0 0 0 0 0 0 0 0 0 0 0 0 0 0 0 0 6 0 0 0 1 0 0 0 0 0 0 0 0 1 2 0 0 0 0 3 0 0 0 0 0 0 0 5 0 0 0 0 0 0 0 0 0 0 0 0 0 0 0 0 0 0 0 0 0 1 1 0 0 0 0 19 0 1 0 0 0 0 0 0 0 5 6 2 1 0 0 0 0 3
2 799 0 1 0 0 0 2 0 2 2 0 0 1 0 1 0 0 6 0 0 4 4 0 2 1 1 2 3 1 1 1 1 0 1 0 0 0 2 0 0 1 1 0 0 2 2 0 0 3 0 0 0 0 0 2 0 0 1 0 0 0 0 1 0 0 0 0 5 0 0 2 1 2 0 2 0 0 0 0 0 0 0 0 1 1 0 0 0 0 0 0 0 0 0 1 0 0 1 4 0 0 0 0 0 1 0 0 0 0 0 0 0 0 0 0 0 0 0 0 0 0 0 5 0 0 0 0 0 0 0 0 0 0 1 1 1 0 0 0 0 0 0 4 0 1 2 0 0 0 0 0 0 0 0 0 0 0 0 0 0 0 0 0 0 0 0 0 2 0 0 1 0 0 0 0 0 1 0 0 0 0 0 1 0 1 0 0 0 0 0 0 0 0 0 0 1 0 0 0 0 0 0 0 0 1 1 0 0 0 0 0 1 0 0 1 0 1 0 0 0 3 0 0 0 0 0 0 0 0 5 1 0 0 0 0 0 0 0 0
0 753 0 4 2 4 0 3 0 2 3 0 0 1 0 1 0 0 4 0 0 8 3 0 5 3 6 8 3 0 0 1 1 0 0 0 0 0 4 0 0 1 3 0 0 4 2 0 0 0 0 0 0 5 0 6 0 0 0 0 0 0 2 2 0 0 0 0 4 0 1 4 0 0 0 1 0 2 0 0 0 0 0 1 0 0 0 0 0 0 0 0 0 0 0 0 0 0 1 2 0 0 0 0 0 1 0 0 1 0 0 0 0 0 0 0 0 2 0 0 0 0 0 5 0 0 0 1 0 0 0 0 0 0 0 7 0 0 0 0 0 0 0 2 0 0 0 0 0 0 0 0 0 1 0 0 0 0 0 0 0 0 0 0 2 0 0 0 4 0 0 0 0 0 0 0 0 0 0 0 4 0 0 5 0 0 0 0 0 0 0 0 1 0 0 1 0 0 0 1 0 0 0 0 0 1 1 0 0 0 0 0 0 0 0 4 0 0 0 0 0 2 0 1 0 0 0 0 0 0 2 0 1 0 0 0 0 0 0 0
0 773 0 6 1 3 1 5 1 1 2 0 0 1 0 6 0 0 3 0 0 5 1 0 3 4 0 1 2 1 0 4 3 0 1 0 0 0 4 0 0 1 4 0 0 2 7 0 0 5 0 0 0 0 0 2 0 0 0 0 0 0 1 3 0 0 0 2 2 0 0 6 1 6 0 3 0 0 0 0 0 1 0 0 2 0 0 0 0 0 0 0 0 0 0 0 0 0 0 1 0 0 0 0 0 0 0 0 0 0 0 0 0 0 0 0 0 1 0 0 0 0 0 2 0 0 0 1 0 0 0 0 0 1 0 0 1 0 0 0 0 0 0 0 0 0 0 0 0 0 0 0 0 0 0 0 0 0 0 0 1 0 0 0 0 0 0 0 2 0 0 0 1 0 1 0 0 0 0 0 3 0 0 2 0 0 0 0 0 0 0 0 0 0 0 0 1 0 0 0 0 0 0 1 1 1 0 0 0 0 0 0 0 1 0 1 1 0 0 0 0 1 0 0 0 0 0 0 0 0 2 0 0 0 0 0 0 0 0 3
0 1849 0 7 0 9 3 8 1 4 12 2 1 3 1 8 0 1 15 1 0 9 7 0 6 11 7 8 10 0 1 10 4 0 1 0 0 0 7 3 0 6 9 0 2 6 14 0 0 4 0 0 0 3 2 9 2 0 0 1 2 0 7 9 2 0 0 1 12 0 1 2 2 5 2 5 2 1 0 0 0 0 0 2 0 0 0 0 0 0 0 2 0 0 0 0 1 1 4 6 1 0 0 0 0 0 0 0 0 0 0 0 0 0 0 0 0 3 1 0 0 1 2 2 1 1 0 5 0 0 0 3 0 1 1 5 0 0 0 1 2 0 0 4 0 0 0 0 2 0 0 0 0 2 0 1 0 0 3 0 0 0 0 0 0 1 1 0 4 0 0 0 0 0 0 1 0 1 0 1 4 0 0 3 0 1 0 1 2 0 1 1 0 1 0 2 0 0 0 0 0 0 0 1 0 0 1 1 0 0 0 0 2 0 0 4 0 0 0 0 0 12 0 0 0 0 1 0 0 0 6 0 1 0 1 0 0 0 1 6
0 446 0 6 1 9 1 9 3 4 17 2 1 2 1 9 0 1 11 1 0 7 6 0 9 8 9 6 9 0 1 7 6 0 0 0 0 0 8 2 0 5 5 1 2 7 11 0 0 3 0 0 0 5 2 10 2 0 0 1 1 0 6 4 1 0 0 1 10 0 0 7 1 4 1 4 2 1 0 0 0 0 0 3 0 0 0 0 0 0 0 0 0 1 0 0 1 0 8 4 0 0 0 0 0 0 0 0 0 0 0 0 0 0 0 0 0 3 1 0 0 0 2 2 0 1 0 4 0 0 0 1 1 1 1 7 0 0 0 1 3 0 0 8 0 0 0 0 1 0 0 0 0 0 0 1 0 0 1 0 0 0 0 0 0 1 0 1 3 0 0 0 0 0 0 0 1 1 0 0 4 0 0 6 0 2 0 1 2 0 1 0 0 0 0 0 0 0 0 0 0 0 1 0 0 0 0 1 0 0 0 0 1 0 0 6 0 0 0 0 0 7 0 0 0 0 1 0 0 0 6 0 1 0 0 0 0 0 0 3
0 535 0 7 0 5 0 8 2 4 13 1 1 3 1 8 0 3 8 1 0 8 12 0 9 6 4 9 10 0 1 10 3 0 1 0 0 1 6 3 0 4 6 0 2 5 9 0 0 9 0 0 0 7 2 15 1 3 1 1 0 0 6 5 0 0 0 1 11 0 0 2 2 4 2 2 2 1 0 0 1 0 0 2 0 0 0 0 0 0 0 0 0 0 0 0 1 0 4 4 0 0 0 0 0 0 0 0 0 0 0 0 0 0 0 1 0 2 1 0 0 0 2 9 0 1 0 5 0 0 1 1 0 1 1 4 1 0 0 2 0 0 0 13 0 0 0 0 1 0 0 0 0 0 0 1 0 0 1 0 0 0 0 1 0 1 0 0 4 0 0 0 0 0 0 0 0 0 0 0 9 0 1 8 0 1 0 1 2 0 0 0 0 0 0 1 0 1 0 0 0 1 0 0 0 1 0 2 0 0 0 0 2 0 0 4 0 0 0 0 2 6 0 0 1 0 1 0 1 0 6 1 0 0 1 0 0 0 0 5
0 1856 0 12 3 7 2 14 11 2 11 1 1 8 0 11 0 0 10 0 0 18 11 0 9 8 11 13 12 1 3 12 7 0 1 0 0 1 8 3 0 2 8 0 1 6 5 0 1 9 0 0 0 6 1 9 1 6 1 0 0 0 11 5 0 0 1 0 14 0 0 8 1 12 5 4 1 1 0 0 0 0 1 6 0 0 0 0 0 1 0 0 0 0 0 1 0 0 8 12 0 0 1 0 0 0 0 0 0 0 0 0 0 0 0 0 3 1 0 0 0 1 0 15 0 0 1 1 0 0 0 0 1 0 0 8 1 0 0 0 2 0 0 17 0 0 0 1 0 0 0 0 0 1 0 0 0 0 0 0 0 3 0 0 0 1 0 0 3 0 0 0 0 0 0 0 2 0 0 2 14 0 0 14 0 1 0 0 0 0 1 0 0 0 0 0 0 0 0 2 1 0 1 3 0 0 0 1 0 0 0 0 0 1 0 9 0 1 0 0 0 8 0 0 1 0 0 0 0 0 6 3 1 1 1 0 0 0 0 2
1 528 0 9 0 5 1 8 9 0 11 1 1 4 0 9 0 1 5 0 0 12 9 0 6 4 6 7 11 1 1 7 3 0 1 0 0 1 8 2 0 1 8 0 0 8 4 0 0 7 0 0 0 6 3 6 1 1 0 0 0 0 11 7 0 0 1 0 9 0 0 9 2 11 2 6 1 1 1 0 0 0 1 4 2 0 0 0 0 0 0 0 0 0 0 1 0 0 4 10 1 0 1 0 0 0 0 0 0 0 0 0 0 0 0 0 2 1 0 0 0 1 0 14 0 0 1 4 0 0 0 0 0 0 0 4 0 0 0 0 1 0 0 9 1 0 1 2 0 0 0 0 0 0 0 0 0 0 0 0 0 3 0 0 0 0 0 0 3 0 0 0 0 0 0 0 1 0 0 2 12 0 0 11 0 0 0 0 0 1 1 0 0 0 0 1 0 0 0 3 1 0 0 1 0 0 1 1 0 0 0 0 0 2 0 4 0 1 0 0 0 5 0 0 0 0 0 0 0 0 5 2 1 1 0 0 0 0 0 4
0 235 0 7 0 2 0 8 4 0 12 1 1 7 0 5 0 0 5 0 0 6 5 0 5 6 5 5 11 1 1 5 2 0 0 0 1 1 6 2 0 0 6 0 0 6 5 0 0 6 0 0 0 6 1 4 1 1 0 0 0 0 8 5 0 0 0 0 5 0 0 10 1 8 2 3 0 1 1 0 0 0 1 3 0 0 0 0 0 0 0 0 0 0 0 1 0 0 3 8 0 0 0 0 0 0 0 0 0 0 0 0 0 0 0 0 2 0 0 0 0 1 0 6 0 0 1 3 0 1 0 0 0 0 0 3 0 0 0 0 0 0 0 6 0 0 0 2 0 0 0 0 0 0 0 0 0 0 0 0 0 2 0 0 0 0 0 0 1 0 0 0 0 0 0 0 1 0 0 1 9 0 0 6 0 1 0 0 0 0 0 0 0 0 0 0 0 0 0 2 0 0 0 2 0 0 0 0 0 0 0 0 0 0 0 2 0 1 0 0 0 5 0 0 0 0 0 0 0 0 5 1 1 1 0 0 0 0 0 2
0 1787 0 7 0 1 1 6 6 1 6 0 1 4 0 8 0 2 5 0 0 5 10 0 9 10 6 9 1 1 4 1 5 1 0 0 0 1 2 1 0 0 4 1 0 7 6 0 0 12 0 0 0 0 0 3 0 2 0 0 1 1 1 7 1 0 1 1 8 0 0 7 2 8 0 4 2 2 0 0 0 0 0 1 1 0 0 0 0 2 0 0 1 0 0 2 0 0 2 6 0 0 1 0 0 0 0 0 0 0 0 0 0 0 0 0 1 7 0 0 0 0 0 12 0 0 0 5 0 0 0 0 1 0 0 0 1 0 0 0 0 2 0 7 0 0 1 1 0 0 0 0 1 0 0 0 0 0 0 0 0 0 0 0 0 0 0 0 2 0 0 0 0 0 0 0 2 0 0 0 1 0 0 2 0 0 1 0 0 0 0 0 0 0 0 0 0 0 0 0 0 0 1 0 0 0 0 0 0 0 0 0 0 2 0 1 0 0 0 0 0 5 0 0 1 0 0 0 0 0 9 0 0 1 3 0 1 0 1 2
0 642 0 8 0 4 1 7 6 2 9 0 1 3 0 5 0 0 8 0 0 7 4 0 7 11 3 6 2 1 4 2 3 0 0 0 1 2 3 1 0 0 4 0 0 9 9 0 1 6 0 0 0 0 0 1 1 1 0 0 0 1 6 11 0 0 1 1 7 0 0 8 3 7 0 0 1 1 0 0 1 0 0 0 0 0 0 0 0 2 0 2 0 0 0 2 0 0 1 2 0 0 1 0 1 0 0 0 0 0 0 0 0 0 0 0 1 6 0 0 0 0 0 8 1 0 0 3 0 1 0 0 0 0 0 0 0 0 0 0 0 1 0 2 0 0 0 1 0 0 0 0 0 0 0 0 0 0 0 0 0 0 0 0 0 0 0 0 1 0 0 0 0 0 0 0 2 1 0 0 2 0 0 4 0 0 0 0 0 0 0 0 0 1 0 0 0 0 0 0 0 0 0 0 0 0 0 2 0 0 0 0 0 2 0 7 0 0 0 0 0 3 0 0 0 0 0 0 0 0 6 1 0 1 3 0 1 0 1 4
0 599 0 9 0 2 3 9 7 2 8 0 1 3 0 6 0 1 5 0 0 3 5 0 10 11 3 9 2 2 5 4 4 0 0 0 0 1 7 3 0 3 7 0 0 12 12 0 0 6 0 0 0 0 0 4 0 1 0 0 0 1 2 13 0 0 2 1 4 0 0 8 2 14 0 3 1 0 0 0 0 0 0 4 0 0 0 0 0 2 0 0 0 0 0 2 0 0 1 1 0 0 1 0 0 0 0 0 0 0 0 0 0 0 0 0 1 5 0 0 0 0 0 8 0 1 0 7 0 0 0 0 0 0 2 1 0 0 0 0 0 1 0 4 0 0 0 1 0 0 0 0 0 0 0 0 0 0 0 0 0 0 0 0 0 0 0 0 2 0 0 0 0 0 0 0 2 0 0 0 3 0 0 4 0 0 0 0 0 0 0 0 0 0 0 2 0 0 0 0 0 0 0 1 0 0 0 0 0 0 0 0 0 3 0 1 0 0 0 0 0 7 0 0 0 0 0 0 0 0 11 0 1 1 3 0 1 0 1 5
0 591 0 9 0 3 1 11 6 1 9 1 1 11 0 7 0 0 8 0 0 4 7 0 7 10 4 11 1 2 5 6 4 0 0 0 0 1 5 1 0 4 8 0 0 11 8 0 0 9 0 0 0 0 0 6 0 1 0 0 1 1 1 10 0 0 1 1 6 0 0 9 3 8 0 1 1 0 0 0 1 1 0 0 0 0 0 0 0 2 1 0 0 0 0 3 0 0 2 2 0 0 1 0 0 0 0 0 0 0 0 0 0 0 0 0 1 7 0 0 0 0 0 9 0 0 0 5 0 0 0 0 0 1 1 0 0 0 0 0 0 1 0 2 0 0 0 1 0 0 0 0 0 0 0 0 0 0 0 0 0 2 0 0 0 0 0 0 3 1 0 1 0 1 0 0 3 0 0 0 2 0 0 6 0 0 0 2 0 0 1 0 0 0 0 0 0 0 0 0 0 0 0 0 0 0 0 0 0 0 0 0 0 2 0 4 0 0 0 0 0 6 0 0 0 0 0 0 0 0 7 1 0 1 3 0 1 0 1 4
0 566 0 9 1 5 1 12 8 1 10 0 1 8 0 11 0 2 4 0 0 2 7 0 12 11 7 10 5 1 4 2 3 0 0 0 0 1 6 4 0 2 4 0 0 11 11 0 0 6 0 1 0 4 0 7 0 1 0 0 0 1 6 9 0 0 2 1 1 1 0 8 3 12 0 5 1 0 0 0 0 1 0 0 0 1 0 0 0 2 0 0 2 0 0 2 0 0 5 5 0 0 1 0 0 0 0 0 0 0 0 0 0 0 0 0 1 8 0 0 0 0 0 9 0 0 0 4 0 0 0 0 0 0 0 0 0 0 0 1 0 1 0 5 0 0 0 1 0 0 0 0 1 0 0 0 0 0 0 0 0 0 0 0 0 0 0 0 5 0 0 0 0 0 0 0 3 0 0 0 5 0 0 5 0 1 0 0 0 0 0 0 0 0 0 0 0 0 0 0 0 0 0 0 0 0 0 0 0 0 0 0 0 3 0 1 0 0 0 0 0 3 0 0 0 0 0 0 0 0 10 2 0 2 2 0 1 0 1 5
0 583 0 9 0 2 2 8 6 1 9 0 1 3 0 8 0 0 7 0 0 6 7 0 7 14 5 12 5 1 4 5 4 0 1 0 0 2 2 2 0 1 8 0 0 8 8 0 0 8 0 0 0 0 0 5 0 2 0 0 1 1 5 7 0 0 1 1 3 0 0 7 2 12 0 3 1 0 0 0 0 0 0 0 0 1 0 0 0 3 0 0 0 1 0 3 0 2 2 5 0 0 1 0 0 0 0 0 0 0 0 0 0 0 0 0 1 8 0 0 0 0 0 12 0 0 0 4 0 0 0 0 1 0 4 0 0 0 0 0 0 1 0 3 0 0 0 1 1 1 0 0 0 0 0 0 0 0 0 0 0 0 0 0 0 0 0 0 1 2 0 0 0 1 0 0 2 0 0 0 7 0 0 8 0 1 0 0 0 0 0 0 0 0 0 0 0 0 0 0 0 0 0 0 0 0 0 0 0 0 0 0 0 2 0 4 0 0 0 0 0 6 0 1 0 0 0 1 0 0 9 0 0 2 2 0 1 0 1 4
0 626 0 6 0 3 1 8 6 3 10 0 1 4 0 5 0 1 4 0 0 4 5 0 12 12 3 6 2 1 4 6 4 0 1 0 0 1 5 1 0 2 6 0 0 9 8 0 0 8 0 0 0 1 0 4 0 1 0 0 1 1 4 7 0 0 1 1 4 0 0 10 3 12 0 2 1 1 0 0 0 0 0 1 0 0 0 0 0 2 0 0 0 0 0 2 0 0 1 1 0 0 1 0 0 0 0 0 0 0 0 0 0 0 0 0 1 5 0 0 0 0 0 7 0 0 0 4 0 0 0 0 0 0 0 4 0 0 0 0 0 1 0 5 0 1 0 1 0 0 0 0 0 0 0 0 0 0 0 0 0 0 0 0 0 0 0 0 3 0 0 0 0 0 0 0 2 0 0 0 3 0 0 3 0 0 0 0 0 0 0 0 1 0 0 0 0 1 0 0 0 0 0 0 0 0 0 1 0 0 0 0 0 2 0 1 0 0 0 0 0 9 0 0 0 0 0 0 0 0 7 1 0 1 2 0 1 0 1 2
0 599 1 7 3 1 1 6 7 2 6 0 1 5 0 6 0 0 3 0 0 4 7 0 8 12 4 11 3 2 4 5 5 0 0 0 0 1 4 2 0 2 4 0 0 9 9 0 0 8 0 0 0 1 0 5 0 1 0 0 0 1 2 9 0 0 1 1 5 0 2 7 3 10 1 0 1 1 0 0 0 0 0 2 0 0 0 0 0 2 0 0 1 0 0 2 0 0 2 5 0 0 1 0 0 0 0 0 0 0 0 0 0 0 0 0 1 6 0 0 0 1 0 12 0 0 0 3 0 0 0 0 1 0 0 3 0 0 0 1 0 1 0 8 0 0 0 1 0 0 0 0 0 0 0 0 0 0 0 0 0 0 0 0 0 0 0 0 2 2 0 0 0 0 1 1 2 0 0 1 7 0 0 9 0 0 0 0 0 0 0 0 0 0 0 0 0 0 0 1 0 0 0 0 0 0 0 0 0 0 0 0 0 4 0 4 0 0 1 0 0 2 0 0 0 0 0 0 0 0 7 1 0 1 2 0 1 0 1 4
0 56 0 2 2 2 0 1 2 2 1 1 0 1 0 1 0 0 0 0 0 1 5 0 4 4 3 4 1 0 1 1 3 0 0 0 0 0 3 0 0 1 1 0 0 3 2 0 0 4 0 0 0 1 0 3 0 0 0 0 0 0 1 2 0 0 0 1 2 0 1 4 1 3 1 0 0 1 0 0 0 0 0 0 1 0 0 0 0 0 0 0 0 0 0 1 0 0 0 1 0 0 0 0 0 0 0 0 0 0 0 0 0 0 0 0 0 3 0 0 0 1 0 7 0 0 0 1 0 0 0 0 1 0 0 1 0 0 0 0 0 1 0 3 0 0 0 0 0 0 0 0 0 0 0 0 0 0 0 0 0 0 0 0 0 0 0 0 1 0 0 0 0 0 0 0 1 0 0 0 2 0 0 3 0 0 0 0 0 0 0 0 0 0 0 0 0 0 1 0 0 0 0 0 0 0 0 0 0 0 0 0 0 2 0 1 0 0 0 0 0 0 0 0 0 0 0 0 0 0 2 0 0 0 1 0 0 0 0 1
0 239 1 4 2 3 1 3 5 3 5 1 1 2 0 2 0 0 4 0 0 1 4 0 8 9 3 5 1 2 2 3 5 0 1 0 0 1 3 2 0 2 7 0 0 6 5 0 0 8 0 0 0 1 0 5 0 1 0 0 0 1 3 8 0 0 1 1 5 0 1 8 3 9 1 0 0 1 0 0 0 0 0 4 0 0 0 0 0 2 0 0 0 0 0 2 0 0 1 1 0 0 0 0 0 0 0 0 0 0 0 0 0 0 0 0 1 4 0 0 0 0 0 9 0 0 0 2 0 0 0 0 1 0 0 0 1 0 0 1 1 1 0 4 0 0 0 1 0 0 0 0 0 0 0 0 0 0 0 0 0 0 0 0 0 0 1 0 2 0 0 0 0 0 0 0 2 0 0 0 2 0 0 3 0 1 0 0 0 0 0 0 0 0 0 0 0 0 0 0 0 0 0 0 1 0 0 0 0 0 0 0 0 3 0 3 0 0 1 0 0 3 0 0 0 0 0 0 0 0 6 0 1 1 2 0 1 0 1 2
0 632 0 7 2 1 2 13 7 1 8 0 1 5 1 5 0 0 6 0 0 3 9 0 7 10 5 8 5 1 4 6 4 0 1 0 0 1 1 1 0 0 5 0 0 8 8 0 0 7 0 0 0 3 0 5 0 1 0 0 0 1 2 7 0 1 1 1 3 0 1 6 2 7 0 1 1 0 0 0 0 0 0 0 0 0 0 0 0 2 0 0 0 0 0 2 0 1 1 1 0 0 1 0 0 0 0 0 0 0 0 0 0 0 0 0 1 6 0 0 0 0 0 9 0 1 1 5 0 0 0 0 0 0 0 1 0 0 0 1 1 3 0 2 0 0 1 1 0 0 0 0 0 0 0 0 0 0 0 0 0 0 0 0 0 0 0 0 1 0 0 0 0 0 0 0 2 0 0 1 2 0 0 5 0 0 0 0 0 0 2 0 0 0 0 0 0 0 0 0 1 0 1 0 0 0 0 0 0 0 0 0 0 3 0 2 0 0 0 0 0 5 0 0 0 0 0 0 0 0 8 0 0 1 2 0 1 0 2 2
0 583 0 9 0 3 1 6 5 3 8 0 1 5 0 6 0 0 6 1 0 5 8 0 7 10 4 10 6 2 4 2 7 0 0 0 0 1 1 2 0 0 6 0 1 9 9 0 0 10 0 0 0 1 0 7 0 1 0 0 0 1 6 8 0 2 1 1 5 0 0 9 3 10 0 1 1 0 2 0 0 0 0 1 0 0 0 0 0 2 0 0 0 0 0 3 1 0 2 4 0 0 1 0 0 0 0 0 0 0 0 0 0 0 0 0 1 7 0 0 0 1 0 11 1 0 0 6 0 0 0 2 0 0 0 0 0 0 0 0 1 1 0 9 0 0 0 1 0 0 0 0 0 1 0 0 0 0 0 0 0 0 0 0 1 0 0 0 2 0 0 0 0 2 0 0 2 0 0 1 4 0 0 7 0 2 0 0 0 1 0 0 1 0 0 0 0 0 0 0 0 0 0 0 0 0 0 1 0 0 0 0 0 2 0 3 0 0 0 0 0 7 0 0 0 0 0 1 0 0 7 1 0 1 2 0 1 0 1 4
0 242 0 6 0 1 1 10 5 4 3 1 1 4 1 4 0 0 4 1 0 0 6 1 7 11 3 6 3 1 2 3 3 0 0 0 0 1 1 4 0 0 8 0 1 7 7 0 0 5 0 0 0 1 0 1 1 1 0 0 0 1 5 7 0 2 0 1 3 0 1 8 4 9 1 1 0 0 0 0 0 0 0 1 0 0 0 0 0 2 0 0 0 0 0 3 1 0 3 2 0 0 0 0 0 0 0 0 0 0 0 0 0 0 0 0 1 4 0 0 0 1 0 7 0 0 0 5 0 0 0 0 0 0 0 0 0 0 0 0 0 1 1 6 0 0 0 1 0 0 0 0 0 0 0 0 0 0 0 0 0 0 0 0 0 0 0 1 0 0 0 0 0 0 0 0 2 0 0 0 3 0 0 3 0 0 0 0 0 1 0 0 1 0 0 1 0 0 0 0 0 0 0 0 0 0 0 1 0 1 0 0 0 2 0 1 0 0 0 0 0 4 0 0 0 0 0 0 0 0 4 1 0 1 2 0 1 0 0 2
0 1572 1 9 0 6 6 6 8 1 5 4 1 4 0 4 0 1 3 0 0 15 5 0 13 9 3 13 8 1 2 5 1 0 0 0 0 1 4 4 0 2 5 0 0 10 16 0 0 4 0 0 0 1 0 3 0 0 1 1 3 0 4 8 0 0 1 0 18 2 1 6 2 6 1 4 2 2 0 0 0 1 0 1 2 0 0 0 0 0 0 0 0 1 0 0 0 1 5 5 0 0 1 0 0 0 0 0 1 1 0 0 0 0 0 0 3 6 1 0 0 0 0 14 0 0 0 5 0 0 0 0 2 0 0 1 0 0 0 0 1 0 1 5 0 2 0 1 1 0 0 0 0 0 1 0 0 0 0 0 0 1 0 0 0 0 0 0 6 0 0 0 0 0 0 0 1 0 0 0 3 0 0 0 2 1 0 0 0 0 0 0 0 0 0 0 0 1 1 0 0 0 3 1 1 0 0 0 0 0 0 0 0 1 0 2 0 0 1 0 0 6 0 0 0 0 0 1 0 0 1 1 1 2 2 0 0 0 0 4
0 611 1 6 0 0 4 9 5 0 5 3 1 5 0 3 0 1 4 0 0 8 3 0 12 4 5 10 10 0 3 6 3 0 0 0 0 1 6 4 0 0 4 0 0 8 12 0 0 6 0 0 0 1 0 2 0 0 1 1 1 1 5 8 0 0 2 0 9 2 1 7 2 10 0 0 1 0 0 0 0 0 0 3 2 0 0 0 0 0 0 0 0 0 0 1 0 1 6 3 0 0 1 0 0 0 0 0 1 1 0 0 0 0 0 0 2 4 1 0 0 0 0 10 0 0 0 5 0 0 0 0 1 0 0 5 1 0 0 0 1 0 0 5 0 0 0 1 1 0 0 0 0 0 0 0 0 0 0 0 0 1 0 0 0 0 0 0 0 0 0 0 0 0 0 0 1 0 0 0 2 0 0 0 2 1 0 0 0 0 1 1 0 0 0 0 0 1 1 0 0 2 2 0 0 0 0 0 0 0 0 0 0 2 0 3 1 0 1 0 0 3 0 0 0 0 0 1 0 0 4 1 1 1 0 0 0 0 0 4
0 572 1 7 0 3 4 10 6 2 8 2 1 4 0 4 0 3 4 0 0 7 4 0 9 5 5 9 7 1 2 12 4 0 0 0 0 1 8 4 0 1 6 0 0 10 10 0 0 5 0 0 0 2 0 4 0 0 1 1 1 0 6 3 1 1 1 0 11 2 0 8 4 7 0 2 1 0 0 0 0 0 0 3 2 0 0 0 0 0 0 0 0 0 0 0 0 0 5 4 2 0 1 0 0 0 0 0 1 1 0 0 0 0 0 0 2 5 1 0 1 0 0 13 0 0 0 4 0 0 0 0 2 0 0 1 1 0 0 0 1 0 0 8 0 1 0 1 1 0 0 0 0 0 0 0 0 0 0 0 1 1 0 0 0 0 0 0 1 0 0 0 0 0 0 0 3 0 0 1 3 0 0 2 2 0 0 1 0 0 1 0 0 0 0 0 0 1 1 0 0 0 2 0 0 0 0 0 0 0 0 0 0 0 0 6 0 0 1 0 0 9 0 0 0 0 0 1 0 0 5 4 1 1 0 0 0 0 0 4
0 584 1 10 1 2 4 6 5 0 5 2 3 5 0 8 0 1 6 0 0 11 4 1 6 6 3 9 12 2 2 6 2 0 0 0 0 1 4 6 0 3 8 0 1 9 10 0 0 5 0 0 0 1 1 3 0 0 1 1 1 0 4 3 0 0 1 0 12 2 0 7 2 10 0 3 1 0 0 0 0 0 0 1 2 0 0 0 0 0 2 0 0 2 0 0 0 0 12 5 0 0 1 0 1 0 0 0 1 1 0 0 0 0 0 0 2 6 1 0 0 0 1 10 0 0 0 4 0 0 0 0 3 0 0 1 1 0 0 0 1 0 0 5 0 0 0 1 1 0 0 0 0 0 0 0 0 0 0 0 0 1 0 0 1 0 0 0 0 0 0 0 0 0 0 0 1 0 0 0 4 0 0 2 2 0 0 0 0 1 0 0 0 0 0 0 0 1 1 0 0 0 2 1 0 0 0 0 0 0 0 0 1 0 0 2 0 0 1 0 0 8 0 0 0 0 0 1 0 0 5 1 1 1 0 0 0 0 0 0
0 3443 0 17 2 12 2 11 3 5 17 0 0 12 0 1 1 6 11 0 0 1 1 0 10 13 1 14 3 1 1 3 6 0 0 0 0 0 15 4 0 13 12 0 0 8 12 0 0 3 0 1 0 3 0 6 1 0 0 2 0 0 3 17 0 0 1 0 4 0 1 9 2 11 0 4 0 2 0 0 0 0 0 3 1 0 0 0 0 0 0 1 2 0 2 0 0 1 6 8 0 0 0 0 0 0 0 0 0 0 0 0 0 0 0 0 0 4 0 0 0 0 0 16 0 0 0 0 0 0 0 3 0 2 1 1 0 0 0 0 0 0 0 10 0 0 0 0 0 0 0 0 0 0 0 0 1 0 1 0 0 0 0 0 0 1 0 0 7 1 0 0 0 0 0 2 0 0 0 0 5 0 0 2 0 0 0 0 0 0 0 0 1 0 2 0 0 0 0 0 0 0 0 1 0 0 0 0 0 5 0 0 0 2 0 6 0 0 0 0 0 14 1 0 0 0 0 0 0 0 13 3 3 0 0 0 0 0 0 13
0 583 0 14 1 8 2 6 3 5 9 0 0 9 0 0 0 2 10 0 0 5 6 0 10 5 2 7 2 0 0 4 2 0 1 0 0 0 12 5 0 11 10 0 0 6 7 0 0 2 0 1 0 7 0 4 1 0 0 1 0 0 0 15 0 0 1 0 8 1 0 4 1 7 0 5 0 1 0 1 1 0 0 2 1 0 0 0 0 0 0 1 1 0 2 0 0 1 1 4 1 0 0 0 0 0 0 0 0 0 0 0 0 0 0 0 0 3 0 0 0 0 0 8 1 0 0 0 0 0 0 1 0 1 1 2 1 0 0 0 0 0 0 5 0 0 1 0 0 0 0 0 0 0 0 0 0 0 1 0 0 0 0 0 1 0 0 0 1 0 0 0 0 0 1 1 0 0 0 0 6 0 0 4 1 0 0 1 0 0 0 0 2 0 0 0 0 0 0 0 0 0 0 3 0 0 0 0 0 5 0 0 0 0 0 0 0 0 0 1 0 8 1 0 0 0 0 0 1 0 9 3 3 1 0 0 0 0 1 9
0 573 0 13 1 8 3 6 2 6 9 0 0 10 0 2 0 1 9 1 0 5 2 0 11 10 4 8 7 0 0 2 2 0 0 0 0 0 12 3 0 10 10 0 0 6 6 0 0 4 0 1 0 2 0 2 2 0 0 1 2 1 2 16 0 1 1 0 5 0 0 4 1 8 0 4 1 0 0 0 0 0 0 4 1 1 0 0 0 1 0 1 0 0 2 0 0 1 3 8 0 0 0 0 0 0 0 0 0 1 0 0 0 0 0 0 0 2 0 0 0 0 0 9 0 0 0 1 0 0 0 1 0 1 1 4 0 0 0 0 0 0 0 6 0 0 1 0 0 0 0 0 0 1 0 0 0 0 1 0 1 0 0 0 1 0 0 0 1 1 0 0 0 0 0 1 0 0 0 0 3 0 1 0 1 1 0 0 0 0 2 0 1 0 0 0 0 0 0 0 0 0 1 2 0 0 0 0 0 3 0 0 0 1 0 3 0 2 0 0 0 7 0 0 0 0 0 0 0 0 9 3 3 0 0 0 0 0 0 11
0 533 1 18 0 10 2 13 3 5 14 0 0 10 0 1 0 3 13 0 0 2 4 0 12 9 2 6 3 1 0 0 4 0 1 0 0 0 14 3 0 11 12 0 0 12 7 0 0 10 0 1 0 2 0 4 1 3 0 1 0 0 1 18 0 1 1 0 4 0 0 8 1 15 0 9 0 0 0 0 0 0 0 2 1 0 0 0 0 0 0 1 0 0 2 0 0 1 2 6 0 0 0 0 0 0 0 0 0 0 0 0 0 0 0 0 0 4 0 0 0 0 0 13 0 0 0 5 0 0 0 2 0 1 2 0 0 0 0 0 0 0 0 3 0 0 0 0 0 0 0 0 0 1 0 0 0 0 1 0 0 0 0 0 0 0 0 0 2 0 0 0 0 0 0 1 0 0 0 0 3 0 0 2 0 0 0 0 0 0 0 0 1 0 0 0 0 1 0 0 0 0 0 2 0 0 0 0 0 3 0 0 0 0 0 1 0 0 0 0 0 9 1 0 1 0 0 0 0 0 12 2 2 0 0 0 0 0 0 11
0 563 0 17 1 7 3 10 2 6 9 0 0 8 1 0 0 2 8 0 0 4 8 1 7 6 5 8 2 0 0 1 5 0 0 0 0 0 12 3 0 13 10 0 0 7 8 0 0 3 0 1 0 6 1 6 1 0 0 1 1 0 9 16 0 0 1 0 4 1 0 4 1 9 0 4 0 0 0 0 0 1 0 2 1 0 0 0 0 0 0 1 1 0 2 0 0 1 2 7 0 0 1 0 0 0 0 0 0 0 0 0 0 0 0 0 0 2 1 0 0 0 0 11 0 0 0 1 0 0 0 1 0 1 1 3 0 0 0 0 0 0 0 5 0 0 0 0 0 0 0 0 0 0 0 0 0 0 1 0 0 0 0 0 0 0 0 0 4 0 0 0 0 0 0 1 0 0 0 0 6 0 0 5 0 0 0 0 0 0 0 0 1 0 0 0 0 0 0 0 0 0 0 2 1 0 0 0 0 3 0 0 0 0 0 4 0 0 0 0 0 6 0 0 0 0 0 0 0 0 11 2 2 0 0 0 0 0 0 10
0 535 0 14 2 7 2 6 1 6 8 1 0 9 0 2 0 1 8 0 0 5 8 0 8 9 6 4 5 0 1 7 3 0 0 0 0 0 12 2 0 10 11 0 0 9 5 0 0 3 0 1 0 9 0 7 1 0 0 1 0 0 4 15 0 1 1 0 8 0 0 7 2 12 0 5 1 1 0 2 0 1 0 4 1 0 0 0 0 0 0 1 0 0 2 0 0 1 3 9 0 0 0 0 0 0 0 0 0 0 0 0 0 0 0 0 0 3 0 0 0 0 0 11 0 2 0 1 0 0 0 1 0 1 1 3 1 0 0 1 0 0 0 14 0 0 0 0 0 0 0 0 0 0 0 0 0 0 1 0 0 0 0 0 0 0 0 0 1 0 0 0 0 0 0 1 1 0 0 0 5 0 0 1 1 1 0 0 1 1 1 0 1 0 0 1 0 0 0 0 1 0 0 2 0 0 0 0 0 3 0 0 0 1 0 2 1 0 1 0 0 10 0 0 0 0 0 0 0 0 8 4 2 0 0 0 0 0 0 9
0 552 0 16 0 10 2 12 3 6 12 0 0 8 0 0 0 2 11 0 0 0 1 0 13 5 2 7 2 0 0 3 2 0 0 0 0 0 17 4 0 16 13 0 0 8 9 0 0 3 0 1 0 4 0 5 1 0 0 1 0 0 1 18 0 0 1 0 2 0 0 12 2 11 0 6 0 0 0 0 1 0 0 2 2 0 0 0 0 0 0 1 0 0 2 0 0 2 3 6 0 0 1 0 0 0 0 0 0 0 0 0 0 0 0 0 0 3 0 0 0 0 0 8 0 0 0 0 0 0 0 1 0 1 1 1 0 0 0 0 0 0 0 6 0 0 0 0 0 0 0 0 0 0 0 0 0 0 1 0 0 0 0 0 0 0 0 0 3 0 0 1 0 0 0 1 3 0 0 0 8 0 0 6 0 0 0 0 0 0 0 0 1 0 0 0 0 1 0 0 0 0 0 1 0 0 0 0 0 3 0 0 0 0 0 1 0 0 0 0 0 11 0 0 0 0 0 0 0 0 8 3 2 0 0 0 0 0 0 11
0 605 0 14 0 7 3 7 1 6 8 0 0 6 0 1 0 2 9 0 0 0 3 0 6 5 3 6 3 0 0 6 3 0 1 0 0 0 13 5 0 11 12 0 1 9 8 0 0 3 0 1 0 4 0 2 1 0 0 1 1 0 1 17 0 0 1 0 4 0 0 6 1 8 0 7 0 1 0 0 0 0 0 3 1 0 0 0 0 0 0 1 0 0 2 0 0 1 1 3 1 0 0 0 0 0 0 0 1 0 0 0 0 0 0 0 0 2 0 0 0 0 0 9 0 0 1 0 0 0 0 1 0 1 1 0 0 0 0 0 0 1 0 5 0 0 0 0 0 0 0 1 0 0 0 0 0 0 1 0 0 0 0 0 0 0 0 0 1 0 0 0 0 0 0 1 1 0 0 0 6 0 1 0 0 0 0 0 0 0 0 0 1 0 0 0 0 0 0 0 0 0 0 1 0 0 0 0 0 3 0 0 0 0 0 2 0 0 0 0 0 9 0 0 0 0 0 0 0 0 9 2 2 0 1 0 0 0 2 8
1 562 0 14 0 8 2 8 2 6 12 0 0 6 0 2 0 2 10 0 0 10 4 0 6 6 4 6 4 1 1 5 5 0 0 1 0 0 11 4 0 13 9 0 0 8 5 0 0 4 0 1 0 3 0 6 1 0 1 1 0 0 3 15 0 0 3 0 3 0 0 5 1 15 1 4 0 0 0 1 0 0 0 1 2 2 0 0 0 0 0 2 0 0 2 0 0 1 2 5 0 0 0 0 0 0 0 0 0 0 0 0 0 0 0 0 0 5 0 0 0 1 0 12 0 0 0 0 0 0 0 1 1 1 1 0 0 0 0 0 0 2 1 4 0 0 0 0 0 0 0 0 1 0 0 0 0 0 1 0 0 0 0 0 0 0 0 1 2 0 0 0 0 0 0 1 0 0 0 0 3 0 1 4 0 0 0 0 0 1 0 0 1 0 0 0 1 0 0 0 0 1 0 1 0 0 0 0 0 5 0 0 1 1 0 1 0 0 0 0 0 6 0 0 2 0 0 0 0 0 10 2 2 0 0 0 0 0 0 9
0 521 0 13 0 9 2 9 4 7 9 0 1 9 0 0 0 1 9 0 0 11 9 0 10 7 8 6 2 0 0 4 4 0 0 0 0 0 20 3 0 10 9 0 0 7 9 0 2 2 0 1 0 3 0 7 1 0 0 3 0 1 5 18 0 0 1 0 4 0 1 4 1 8 0 6 0 2 0 0 0 0 0 5 1 0 0 0 0 0 0 1 1 0 2 0 0 1 3 10 0 0 0 0 0 0 0 0 0 0 0 0 0 0 0 0 0 2 0 0 0 0 0 13 0 0 0 0 0 0 0 2 0 1 2 6 0 0 0 0 0 0 0 8 0 0 0 0 0 0 0 1 0 0 0 1 0 0 2 0 0 0 0 0 0 0 0 0 4 0 0 0 0 0 0 1 0 1 0 0 6 0 0 3 0 0 0 0 0 2 0 0 2 0 0 0 0 0 0 0 0 0 0 1 0 0 0 0 1 3 0 0 1 2 0 3 0 0 0 0 0 8 0 0 1 0 0 0 0 0 11 2 5 0 0 0 0 0 0 8
1 1681 0 11 0 5 2 10 9 3 12 1 1 5 0 5 0 1 11 0 0 6 12 0 10 9 2 12 8 1 0 5 11 0 0 0 0 0 5 2 0 9 14 0 0 7 4 0 0 10 0 0 0 4 0 4 0 1 0 0 0 0 3 6 1 0 0 0 9 0 1 15 2 12 0 2 0 0 1 0 0 0 0 3 2 0 0 0 0 0 0 1 0 0 2 0 0 2 11 6 0 0 0 0 0 0 0 0 0 0 0 0 0 0 1 0 0 6 0 0 0 0 0 13 0 0 0 5 0 1 0 0 0 1 1 5 0 0 0 1 0 0 0 3 0 0 0 0 0 0 0 0 0 0 0 0 0 0 1 0 0 0 0 0 0 0 0 0 2 1 0 1 1 0 1 1 2 1 0 1 4 0 0 7 0 0 0 0 0 0 0 0 1 0 0 0 0 0 0 0 0 0 0 0 1 0 1 0 0 4 0 0 0 1 0 5 0 0 0 0 0 6 0 0 0 0 0 0 0 0 12 4 1 0 0 0 0 0 0 3
0 604 0 10 0 8 2 12 5 2 8 0 0 5 0 4 0 0 7 0 0 3 3 0 12 4 1 6 3 0 0 4 3 0 0 0 0 0 10 2 0 8 9 0 0 5 2 0 0 7 0 0 0 3 0 3 0 1 0 1 0 0 2 6 0 0 0 0 5 0 0 11 2 11 0 6 0 0 1 0 1 0 0 2 1 0 0 0 0 0 0 1 0 0 2 0 0 1 8 6 0 0 0 0 0 0 0 0 0 1 0 0 0 0 0 0 0 5 0 0 1 0 0 8 0 0 0 2 0 1 0 0 0 0 1 2 0 0 0 1 0 0 1 5 0 0 0 0 0 0 0 0 0 0 0 0 0 0 1 0 0 0 0 0 0 0 0 0 2 0 0 1 1 2 1 2 0 2 0 1 5 0 0 4 0 0 0 0 0 0 0 0 1 0 0 1 0 0 0 0 0 0 0 0 0 0 0 0 0 2 0 0 0 0 0 3 0 0 0 0 0 11 0 0 0 0 0 0 0 0 12 2 1 0 0 0 0 0 1 3
0 606 2 6 0 5 2 9 5 3 8 0 1 1 0 8 0 0 4 0 0 3 9 0 8 9 3 7 7 0 0 3 8 0 0 0 0 0 4 2 0 7 7 0 0 4 4 0 0 5 0 0 0 2 0 5 0 0 0 0 1 0 5 6 1 0 0 0 8 0 0 11 2 10 0 1 0 0 1 0 0 0 0 1 1 1 0 0 0 0 0 2 3 0 2 0 0 1 11 4 0 0 0 0 0 0 0 0 0 0 0 0 0 0 0 0 1 5 0 0 0 0 0 11 0 0 0 3 0 1 0 0 1 0 1 5 0 0 0 0 0 0 1 5 0 0 0 0 0 0 0 0 0 0 0 0 0 0 1 0 0 0 0 0 0 0 0 0 0 0 0 1 1 0 2 1 0 1 0 1 3 0 0 1 0 0 0 1 0 0 0 0 1 0 0 0 0 0 0 0 0 0 0 0 0 0 0 0 1 2 0 0 0 1 0 3 0 0 0 0 0 1 0 0 0 0 0 0 0 0 13 6 0 0 0 0 0 0 2 4
0 670 0 8 1 5 2 7 4 2 7 0 0 1 0 2 0 0 7 1 0 3 5 0 11 4 0 5 3 0 0 6 3 0 1 0 0 0 3 3 0 8 10 0 0 6 4 0 0 2 0 0 0 1 0 1 0 0 0 0 0 0 0 5 0 0 0 0 4 0 0 13 3 9 0 1 0 0 1 0 0 0 0 1 1 0 0 0 0 0 0 1 0 0 2 0 2 1 8 2 1 0 0 0 0 0 0 0 0 0 0 0 0 0 0 0 0 4 0 0 0 0 0 7 0 0 0 3 0 1 0 0 0 0 1 2 0 0 0 0 0 0 0 1 0 0 0 0 0 0 0 0 0 1 0 0 0 0 1 0 0 0 0 0 0 0 0 0 1 0 0 1 1 0 1 1 2 1 0 1 3 0 0 0 0 0 0 0 0 0 0 0 1 0 0 0 0 0 0 0 0 0 0 0 1 0 0 0 0 2 0 0 0 0 0 1 0 0 0 0 0 3 0 0 0 0 0 0 0 0 9 2 0 1 0 0 0 0 0 6
0 634 0 9 2 3 3 8 7 2 4 1 0 1 2 2 0 0 5 0 0 1 4 0 9 8 2 4 5 0 0 7 4 0 1 0 0 0 5 4 0 6 10 0 1 8 1 0 0 6 0 0 0 4 0 6 0 0 0 0 0 0 3 4 0 0 1 0 4 1 1 10 2 12 0 1 0 0 1 0 0 0 0 1 1 0 0 0 0 0 0 1 0 0 2 0 0 1 8 4 0 0 0 0 0 0 0 0 0 0 0 0 0 0 0 0 0 3 0 0 0 0 0 6 1 0 1 3 0 1 0 0 0 0 1 3 0 0 0 0 0 0 0 4 0 0 0 0 0 0 0 1 0 0 0 0 0 0 1 0 0 0 0 0 0 0 0 0 0 0 1 1 1 0 1 1 0 2 0 1 3 0 0 4 0 0 0 0 0 0 1 0 1 0 0 0 0 0 1 0 0 0 0 0 0 0 0 0 0 2 0 0 0 1 0 3 0 0 0 0 0 3 0 0 0 0 0 0 0 0 13 2 0 0 3 0 0 0 0 3
0 1411 0 8 3 7 2 11 8 4 12 0 1 5 0 10 0 4 5 0 0 7 12 0 11 11 10 19 19 0 0 3 11 0 4 0 0 0 13 1 1 10 10 0 0 13 7 0 1 5 1 0 0 4 0 14 0 0 1 1 0 1 19 10 0 1 1 0 16 0 3 10 1 6 0 3 0 2 0 0 0 0 0 3 1 0 0 0 0 0 0 2 0 0 2 0 0 1 10 12 2 0 0 0 0 0 0 0 0 0 0 0 0 0 0 0 0 9 0 0 0 0 0 20 1 0 0 6 0 0 0 0 0 1 1 9 0 0 0 0 0 0 0 10 0 1 0 0 0 0 0 0 0 1 0 0 0 0 2 0 0 0 0 0 0 0 0 0 2 1 0 0 0 0 0 2 0 0 0 0 11 0 0 6 2 1 0 0 1 0 1 0 1 0 0 1 0 0 0 0 1 0 0 2 0 0 0 0 0 2 0 0 2 2 0 11 0 0 0 0 1 7 0 0 2 0 0 0 0 1 9 2 1 0 0 0 0 0 0 5
0 1756 0 14 1 18 3 3 5 2 12 0 0 7 0 9 0 2 5 0 1 15 11 0 10 9 3 10 9 2 2 10 13 0 1 0 0 0 7 5 0 9 15 0 0 3 7 1 1 7 0 0 0 5 1 22 0 0 0 0 0 0 5 8 0 1 1 0 14 0 0 4 2 7 0 3 1 0 1 0 0 0 1 9 1 0 0 0 0 0 0 1 0 0 3 1 0 1 10 19 0 0 1 0 0 0 0 0 0 0 0 0 0 0 0 0 2 7 0 0 0 0 0 18 0 0 0 3 0 0 0 0 1 0 1 9 0 0 0 0 1 0 0 2 0 0 0 0 0 0 0 0 0 2 0 0 0 0 3 0 1 0 0 0 1 0 0 0 1 1 0 0 0 0 0 3 1 0 0 0 5 0 0 15 5 0 0 0 0 0 0 0 1 0 0 0 0 0 0 0 0 0 1 2 1 0 0 0 0 2 0 0 1 0 0 10 0 0 0 0 0 6 0 0 0 0 0 0 0 1 9 2 2 0 2 0 0 0 3 5
0 29788 0 1 5 23 19 55 33 22 3 9 29 25 0 17 0 0 36 5 2 14 1 6 43 15 3 2 23 0 0 3 0 0 0 1 0 0 7 25 1 42 5 1 24 3 15 5 15 1 0 0 0 11 22 1 7 9 0 0 8 0 2 23 20 2 3 16 24 21 0 0 0 2 19 23 0 0 0 0 0 0 0 1 0 0 0 0 0 0 0 0 3 0 0 0 15 1 0 0 5 0 0 2 0 0 0 0 0 0 0 0 0 0 0 0 0 3 0 0 0 0 1 0 1 1 0 1 0 2 0 0 0 0 0 22 0 0 0 0 0 0 0 0 0 3 0 1 0 0 0 0 0 0 0 0 0 0 0 0 0 0 0 0 0 0 5 0 0 0 5 0 0 0 0 0 0 0 0 1 2 0 0 0 0 2 0 0 0 0 0 0 0 2 0 0 0 0 0 0 0 0 0 0 0 0 0 0 0 0 0 0 0 0 0 2 0 0 0 0 0 36 0 0 0 0 0 0 0 0 1 2 3 0 1 1 2 0 0 1
0 774 0 2 1 7 3 12 1 3 6 0 0 0 0 0 0 0 3 0 0 0 3 0 9 1 1 0 0 0 0 3 2 0 1 0 0 0 4 3 0 3 2 0 0 1 5 0 0 0 0 0 0 0 1 1 0 0 0 0 1 0 4 8 1 0 1 1 4 1 0 4 1 4 0 0 0 0 0 0 0 0 0 1 0 0 0 0 0 0 0 0 0 0 0 0 0 0 1 2 0 0 0 0 0 0 0 0 0 0 0 0 0 0 0 0 0 0 0 0 0 0 0 1 0 0 0 0 0 0 0 0 0 0 0 0 0 0 0 0 0 0 0 3 0 0 0 0 0 0 0 0 0 0 0 0 0 0 0 0 0 0 0 0 0 0 0 0 2 0 0 0 0 0 0 0 0 0 0 0 2 0 0 1 0 0 0 0 0 0 0 0 0 0 0 1 0 0 0 0 0 0 0 0 0 0 0 0 0 0 0 0 0 1 0 1 0 0 0 0 0 5 0 0 0 0 0 0 0 0 6 0 0 0 0 0 0 0 0 1
0 773 0 8 1 5 0 7 0 2 5 0 0 0 0 0 0 0 6 0 0 3 1 0 11 0 2 0 0 1 1 1 1 0 1 0 0 0 5 4 0 2 4 0 0 0 5 0 0 0 0 0 0 1 1 1 1 0 0 0 1 0 1 3 1 0 0 1 2 1 0 2 1 1 0 0 0 1 0 0 0 0 0 3 0 0 0 0 0 0 0 0 0 0 0 0 0 0 1 2 1 0 0 0 0 0 0 0 0 0 0 0 0 0 0 0 1 1 0 0 0 0 0 2 0 0 0 2 0 0 0 0 0 0 0 3 0 0 0 0 0 0 0 3 0 0 0 0 0 0 0 0 0 0 0 0 0 0 0 0 0 0 0 0 0 0 0 0 3 0 0 0 0 0 0 0 1 0 0 0 5 0 0 0 0 0 0 0 0 0 0 0 0 0 0 0 0 0 0 0 0 0 0 0 0 0 0 0 0 0 0 0 0 2 0 1 0 0 0 0 0 4 0 0 0 0 0 0 0 0 3 0 0 0 0 0 0 0 0 4
0 773 0 2 2 6 0 8 0 2 4 0 0 2 0 0 0 0 1 0 0 3 5 0 8 1 0 1 2 2 0 1 3 0 0 0 0 0 1 3 0 5 2 0 0 1 2 0 0 4 0 0 0 3 1 4 0 0 0 0 1 0 2 2 2 1 0 1 5 1 0 0 0 3 0 1 0 3 0 0 0 0 0 0 0 1 0 0 0 0 0 0 0 0 2 0 0 0 3 4 0 0 0 0 0 0 0 0 0 0 0 0 0 0 0 0 0 0 0 0 0 0 0 2 0 0 0 1 0 0 0 0 0 0 0 0 0 0 0 0 0 0 0 3 0 0 0 0 0 0 0 0 0 0 0 0 0 1 0 0 0 0 0 0 1 0 0 0 1 0 0 0 0 0 0 0 0 0 0 0 0 0 0 3 0 0 0 0 0 0 0 0 0 0 0 1 0 0 0 0 0 0 0 0 0 0 0 0 0 0 0 0 1 0 0 2 0 0 1 0 0 4 0 0 0 0 0 0 0 0 2 1 1 0 1 0 0 0 0 0
0 719 0 6 2 8 2 12 3 2 2 0 0 2 0 1 0 0 1 0 0 3 2 0 13 0 4 3 1 0 0 1 2 0 0 0 0 0 7 4 0 8 5 0 0 1 3 0 2 0 0 0 0 1 1 5 0 0 0 0 1 0 2 11 1 0 1 1 4 1 0 6 1 8 0 2 0 1 0 0 0 0 0 1 0 0 0 0 0 0 0 0 0 0 0 1 0 0 1 3 0 0 0 0 0 0 0 0 0 0 0 0 0 0 0 0 0 0 0 0 0 0 0 4 0 0 0 1 0 0 0 2 0 0 0 1 0 0 0 0 1 0 0 0 0 0 1 0 0 1 0 0 0 0 0 0 0 0 0 0 1 1 0 0 0 0 0 0 3 0 0 0 0 0 0 0 0 0 0 0 1 0 0 1 0 0 0 0 0 0 0 0 0 0 0 0 0 0 0 0 1 0 0 0 0 0 0 0 0 0 0 0 0 1 0 0 0 0 0 0 0 6 0 0 0 0 0 0 0 0 6 0 3 0 0 0 0 0 0 3
0 765 0 5 1 6 0 8 2 3 0 0 1 1 0 1 0 2 0 0 0 1 2 0 7 2 2 4 2 0 0 4 0 0 0 0 0 0 0 3 0 4 1 0 0 2 6 0 0 1 0 0 0 1 1 3 0 0 0 0 1 0 2 6 3 0 1 1 2 1 0 1 6 3 0 3 0 0 0 0 0 0 0 0 0 0 0 0 0 0 1 0 0 0 1 0 0 0 0 1 0 0 0 0 0 0 0 0 0 0 0 0 0 1 0 0 0 0 0 0 0 0 0 6 0 0 0 2 0 1 0 0 0 0 0 0 0 0 0 0 0 0 0 1 1 1 0 0 0 0 0 0 0 0 0 0 0 1 0 0 0 0 0 0 0 0 0 0 1 0 0 0 0 0 0 0 1 0 3 0 2 0 0 2 0 0 0 0 0 0 1 0 0 0 0 0 0 0 0 0 0 0 0 0 0 0 0 0 2 0 0 0 0 3 0 1 0 0 0 1 0 4 0 0 0 0 0 0 0 0 1 0 0 0 0 0 0 0 0 0
0 754 0 4 2 7 0 9 2 3 2 0 0 1 0 1 1 0 2 0 0 2 3 0 8 1 1 1 0 0 0 2 0 0 0 0 0 1 5 4 0 4 3 0 0 1 10 0 1 0 0 0 0 2 1 1 1 0 0 0 1 0 0 10 1 0 0 1 5 2 0 1 4 3 1 1 0 1 0 0 0 0 0 1 0 0 0 0 0 0 0 0 0 0 0 0 0 0 1 3 0 0 0 0 0 0 0 0 0 0 0 0 0 0 0 0 0 4 0 0 0 0 0 2 0 0 0 0 0 0 0 0 0 0 0 2 0 0 0 1 0 0 0 2 0 0 0 0 0 0 0 0 0 0 0 0 0 0 0 0 0 0 0 0 0 0 0 0 2 0 0 0 0 0 0 0 0 0 0 0 3 0 0 2 0 0 0 0 1 0 0 0 1 2 0 0 0 1 0 0 0 0 0 0 0 0 0 0 0 0 0 0 0 1 0 1 0 0 0 0 0 6 0 0 0 0 0 0 0 0 0 0 0 0 0 0 0 0 0 3
0 756 0 4 2 4 2 13 2 4 4 0 1 4 0 3 0 0 3 0 0 2 0 0 8 4 0 1 1 0 0 0 4 0 0 0 0 0 6 3 1 2 2 0 0 3 5 0 1 3 0 0 0 0 1 2 0 1 0 0 1 0 1 3 1 0 0 1 2 1 0 4 0 4 1 1 0 0 0 0 0 0 0 0 0 0 0 0 0 0 0 0 0 0 0 0 0 0 3 0 0 0 0 0 0 0 0 0 0 0 0 0 0 0 1 0 0 2 0 0 0 0 0 1 0 0 0 0 0 0 0 0 0 0 0 1 0 0 0 0 0 0 0 0 0 0 0 0 0 0 0 0 0 0 0 0 0 0 0 0 0 0 0 0 0 0 0 0 1 0 0 0 0 0 0 0 0 0 0 0 0 0 0 2 0 0 0 0 0 0 0 0 0 3 0 0 0 0 0 0 0 0 0 0 0 0 0 0 0 0 0 0 0 2 0 1 0 0 0 0 0 7 0 0 0 0 0 0 0 0 8 1 0 0 1 0 0 0 0 4
0 726 0 11 1 12 0 13 1 2 6 0 0 5 0 2 0 0 1 0 0 0 1 0 9 5 1 3 0 0 0 2 1 0 1 0 0 0 2 4 0 4 3 0 0 3 8 0 0 6 0 0 0 0 2 3 0 0 0 0 1 0 1 5 1 0 0 1 6 1 0 5 0 12 0 8 0 0 0 0 0 0 0 0 0 0 0 0 0 0 0 0 0 0 0 0 0 0 2 0 0 0 0 0 0 0 0 0 0 0 0 0 0 0 0 0 0 2 0 0 0 0 0 1 0 0 0 0 0 0 0 0 0 0 0 1 0 0 0 0 0 0 0 3 0 0 0 0 0 0 0 0 0 0 0 0 0 0 0 0 0 1 0 0 0 0 0 0 1 0 0 1 0 0 0 0 2 0 0 0 1 1 0 1 0 0 0 0 0 0 0 0 0 0 0 0 0 0 0 0 0 0 0 0 1 1 0 0 0 0 0 0 0 0 0 0 0 0 0 0 0 5 1 0 0 0 0 0 0 0 4 1 0 0 0 0 0 0 0 1
