582 2 0 0 1 3 0 3 0 0 0 4 0 1 0 0 0 0 0 0 0 1 0 1 0 0 4 0 0 1 0 0 2 1 2 0 0 0 4 0 0 0 0 0 0 2 0 0 0 0 0 0 0 0 0 0 0 0 0 0 5 0 0 0 1 1 0 0 0 1 0 0 0 0 0 0 0 3 0 3 0 0 0 1 0 0 0 0 0 1 0 0 0 1 0 0 0 7 0 0 0 0 0 0 0 2 0 0 0 2 0 2 0 0 0 0 1 0 0 0 0 0 0 0 0 0 0 0 7 0 0 1 0 0 2 1 0 0 0 0 0 0 0 1 0 6 0 0 0 0 0 1 0 0 1 0 0 0 3 0 0 2 0 0 0 0 0 0 0 1 0 0 0 0 3 1 0 0 0 4 0 0 0 0 0 2 0 0 0 0 0 1 1 1 4 0 0 0 1 0 0 0 0 0 1 0 0 0 0 0 0 0 0 0 0 0 0 0 0 0 0 0 0 0 0 0 0 0 1 0 0 0 0 1 0 0 0 0 1 0
750 1 0 1 0 1 0 0 0 0 0 0 2 6 0 2 0 0 0 0 0 1 0 2 0 1 3 0 0 0 0 0 1 0 0 1 0 0 2 0 3 0 0 2 0 0 0 0 0 1 0 0 0 0 0 0 0 0 0 0 1 0 0 0 1 0 0 0 0 1 0 0 0 0 0 0 0 0 0 2 0 0 2 0 0 0 0 2 0 0 0 0 0 0 0 0 0 2 0 0 0 0 1 0 0 0 0 0 0 1 0 0 0 0 0 0 0 0 1 0 1 0 0 0 0 0 0 0 2 0 0 0 0 0 1 2 0 0 0 0 0 0 0 0 0 7 0 0 0 0 0 3 0 0 2 0 0 0 0 0 0 1 0 0 0 0 0 0 0 1 0 0 1 0 1 0 0 0 0 1 0 0 0 0 0 0 0 0 0 0 0 0 0 1 0 0 0 0 0 0 0 0 0 0 0 0 0 0 0 0 0 0 0 0 0 0 0 2 0 0 0 0 0 0 0 0 0 0 1 0 0 0 0 4 0 0 0 0 0 0
3133 1 1 0 0 1 0 4 0 0 2 2 5 8 2 6 1 0 0 3 0 2 0 2 0 1 0 0 0 1 0 0 1 0 0 0 1 0 6 1 3 0 0 0 0 1 0 0 0 0 0 0 0 0 0 0 0 0 0 0 2 1 1 0 6 0 1 0 0 1 0 0 1 0 0 0 0 1 0 1 0 0 0 0 0 0 0 9 0 0 0 0 0 1 0 0 0 0 0 0 0 0 0 0 0 1 0 0 0 6 0 0 0 0 0 0 0 1 1 0 0 0 0 0 0 0 0 0 5 0 1 2 0 0 1 3 0 1 0 0 0 1 1 0 0 8 0 1 2 0 0 7 0 0 6 0 0 0 0 0 0 0 0 0 4 1 0 2 0 4 0 0 2 0 2 1 0 0 0 2 0 0 0 0 0 0 0 0 0 0 0 2 0 1 0 0 0 3 0 0 0 0 0 0 4 0 0 0 0 0 0 0 0 0 0 0 0 5 0 1 0 0 0 0 0 0 0 0 0 0 0 0 0 5 0 0 0 0 0 0
564 0 0 8 0 0 0 0 0 2 1 6 0 1 1 1 1 0 2 2 0 3 2 1 0 1 1 1 0 2 0 1 0 0 1 0 0 1 15 1 0 0 0 0 0 0 0 1 0 4 1 0 0 0 0 0 2 0 2 5 6 1 0 0 2 0 1 0 0 3 0 0 10 2 3 1 0 0 2 0 6 0 0 0 0 0 0 22 0 8 8 0 0 0 0 1 1 2 0 0 0 0 0 0 0 1 0 0 2 3 3 0 0 0 3 0 0 0 2 0 1 0 10 0 0 0 0 0 3 0 0 4 3 0 8 3 2 2 4 0 0 1 3 0 0 8 3 0 2 1 10 6 0 11 1 1 0 0 0 0 1 0 2 0 3 2 0 0 0 1 1 0 5 0 0 0 1 0 0 5 0 0 0 3 0 4 0 2 1 5 0 2 0 0 0 7 0 3 0 1 0 0 0 1 2 2 0 0 0 1 0 0 4 9 0 1 2 2 1 1 2 0 0 0 0 0 0 0 1 0 0 2 0 2 0 10 0 1 2 1
214 1 0 4 0 0 0 0 0 1 0 5 0 0 0 0 1 1 1 1 0 0 2 0 0 2 0 0 0 2 0 1 0 1 3 0 0 1 5 0 0 0 0 0 0 0 0 0 0 2 0 0 0 0 0 0 0 0 1 2 3 1 0 0 1 0 1 0 0 0 0 0 9 1 1 1 0 0 1 0 5 0 0 0 0 0 0 7 0 2 3 0 0 0 0 1 0 2 0 0 0 0 0 0 0 0 0 0 1 2 2 0 0 0 0 0 0 0 0 0 0 0 4 0 0 0 0 0 2 0 0 2 1 0 3 2 1 1 0 0 0 0 0 0 0 2 1 0 0 0 3 4 0 2 0 0 0 0 0 0 1 0 2 0 0 0 0 0 0 0 1 0 1 0 0 1 0 0 0 0 0 0 0 2 0 1 0 2 0 1 0 1 0 0 0 1 0 2 0 1 0 0 0 0 1 1 0 0 0 1 0 0 0 2 0 1 0 0 0 0 0 0 0 0 0 0 0 0 3 0 0 1 0 0 0 2 0 0 0 0
3113 3 3 0 0 5 0 2 0 0 4 9 0 6 0 1 1 0 1 2 0 2 0 5 0 0 2 0 0 1 0 0 3 7 0 0 3 0 3 0 1 0 0 1 1 3 0 0 0 0 0 0 0 0 0 0 0 0 0 0 3 3 2 1 1 0 2 0 0 1 0 0 0 0 0 0 0 7 0 1 0 0 4 0 1 0 0 2 0 0 0 0 0 0 0 0 0 8 0 0 0 0 0 1 0 2 0 0 2 1 0 0 0 0 0 0 0 0 0 0 1 0 0 0 0 0 0 0 8 0 0 0 0 0 1 10 0 0 0 0 2 2 0 7 1 2 0 0 4 0 0 1 0 0 3 0 0 0 2 0 1 1 2 0 2 0 0 1 0 0 0 0 1 0 2 0 1 0 1 4 0 0 0 0 0 2 0 0 0 0 0 0 0 0 1 0 0 3 0 0 0 0 0 0 1 0 0 1 0 0 0 0 0 0 0 0 0 1 0 0 0 0 0 0 0 0 0 0 3 0 0 0 0 3 0 1 0 0 0 0
637 0 0 1 0 0 0 2 1 4 2 2 0 3 0 1 4 0 0 4 0 0 2 2 0 2 2 1 1 0 0 4 0 0 0 0 0 0 10 0 0 0 1 1 0 0 0 3 0 1 0 0 0 0 0 0 1 4 2 0 2 1 0 0 4 0 0 0 1 1 0 0 7 0 2 3 1 0 2 0 5 0 0 0 1 0 0 7 1 4 5 2 0 0 0 0 0 2 0 0 0 0 1 0 0 0 0 0 1 2 1 0 0 0 3 0 0 0 0 0 1 0 5 0 0 0 0 0 3 0 0 4 3 1 0 4 0 1 3 0 0 2 4 2 0 7 2 0 1 0 8 6 0 8 2 2 0 0 0 1 0 0 11 0 0 0 0 0 0 7 0 1 3 1 0 0 1 0 3 5 0 0 0 0 0 1 1 0 1 5 1 1 0 0 0 8 0 0 0 0 0 0 0 2 1 1 0 0 0 1 0 0 0 4 0 0 3 1 1 0 2 0 0 0 2 0 0 0 1 1 1 1 0 2 0 9 0 0 0 0
3156 1 2 0 0 3 0 4 0 0 2 2 1 6 1 3 0 1 0 1 0 1 0 1 1 0 12 0 1 0 0 0 1 2 0 0 2 0 2 0 3 0 0 1 1 1 0 1 0 0 0 0 0 0 0 0 0 0 0 0 5 2 0 0 1 0 0 0 0 1 0 0 0 0 0 0 0 2 1 1 0 0 0 0 0 0 0 4 1 1 0 0 0 0 0 0 0 1 0 0 0 0 0 1 0 2 0 0 0 2 0 0 0 0 0 0 0 0 0 0 1 0 0 0 0 0 0 0 4 0 1 3 0 0 1 1 1 1 0 0 0 2 0 0 0 10 1 0 2 0 0 2 0 0 2 0 0 0 4 0 0 2 0 0 0 0 0 0 0 1 0 0 1 0 1 0 0 0 0 2 0 0 0 0 0 3 0 0 0 0 0 0 0 0 1 0 0 2 0 0 0 0 0 0 0 0 0 0 0 1 0 0 0 0 0 0 0 1 0 0 0 0 0 0 0 0 0 0 0 0 0 0 0 10 0 0 0 0 1 0
609 0 1 9 1 1 0 1 0 4 2 3 1 3 1 1 1 1 2 3 0 1 4 2 1 3 7 0 0 0 0 11 0 1 0 1 0 0 9 0 1 0 0 0 0 0 0 1 0 6 1 0 0 0 1 0 0 2 3 0 2 1 1 1 0 0 0 0 0 1 0 1 4 2 2 1 1 2 1 1 2 2 1 2 0 0 2 12 0 3 0 0 0 0 0 0 0 1 0 0 0 0 0 0 0 1 0 0 0 0 4 3 0 0 1 0 0 0 1 0 0 0 1 0 0 1 0 0 6 0 0 6 3 1 5 2 0 1 1 0 0 1 1 0 0 19 6 0 3 0 2 1 2 1 0 1 0 0 4 0 0 1 10 0 0 0 0 1 1 0 0 1 9 2 0 1 0 0 1 3 0 0 0 0 1 8 4 1 2 3 0 0 0 0 0 4 0 0 2 0 1 0 0 0 2 0 0 0 0 1 0 0 4 3 0 0 1 1 0 0 0 1 0 0 0 1 0 0 1 0 1 1 0 7 0 7 0 0 0 0
3130 2 3 3 0 1 0 3 0 0 9 5 2 3 1 1 4 4 2 0 0 3 1 0 0 0 4 0 0 0 0 0 0 8 0 1 7 0 4 0 1 0 0 0 1 1 1 1 0 0 0 0 0 0 0 0 0 0 0 0 0 1 1 0 1 0 1 0 0 0 0 0 0 0 0 0 0 0 0 1 0 0 2 0 1 0 0 2 0 0 0 0 0 0 0 0 0 6 0 0 0 0 0 1 0 1 0 0 0 2 1 0 0 0 0 0 0 0 0 0 3 0 0 0 0 0 0 0 8 0 0 1 0 0 1 4 0 0 0 0 0 4 0 4 0 2 0 0 2 0 1 1 0 0 8 0 0 0 2 0 2 0 0 0 2 1 0 1 0 2 0 0 0 0 3 0 1 0 2 1 0 0 0 0 0 1 0 0 0 1 0 1 0 2 0 1 0 3 0 0 0 0 1 0 0 0 0 1 0 0 0 0 1 0 0 0 0 0 0 1 0 0 0 0 0 0 0 0 0 0 0 0 0 4 0 0 0 0 0 0
727 2 0 7 0 2 0 0 0 0 1 6 0 3 3 3 2 1 2 2 1 3 4 0 0 0 2 1 0 0 0 4 0 3 5 0 4 1 6 0 0 0 0 0 0 0 0 5 0 3 3 0 0 0 0 0 1 0 1 1 1 0 1 2 4 0 0 0 0 1 2 1 3 0 0 3 0 1 1 2 3 0 1 2 1 0 3 5 0 1 1 0 0 2 0 0 1 0 0 1 0 0 0 0 0 1 0 0 0 3 1 2 0 0 1 0 0 0 1 0 0 0 2 0 0 0 0 0 5 1 0 2 1 1 2 2 1 4 1 0 0 0 1 0 0 8 2 0 1 1 6 2 0 3 2 0 0 0 1 0 0 0 5 0 1 1 0 0 1 1 0 0 5 0 0 2 0 0 3 2 1 0 0 0 1 4 1 1 0 3 0 4 0 1 0 2 0 1 2 1 1 0 1 1 1 1 0 0 0 1 0 1 1 1 0 0 3 0 0 0 1 0 3 0 1 2 0 0 0 0 0 2 0 2 0 3 0 0 0 1
654 3 6 5 1 0 0 1 0 4 0 4 1 2 2 1 4 2 1 1 0 11 3 1 0 1 0 2 0 1 0 1 0 4 0 0 3 0 5 0 0 0 1 1 0 0 0 9 0 0 0 0 0 0 0 0 0 0 0 0 0 2 2 0 1 0 2 1 0 0 0 0 5 0 3 0 0 0 1 1 0 0 0 0 2 2 2 3 0 7 3 0 0 4 0 0 1 5 0 0 0 0 1 0 0 1 0 0 0 2 2 0 0 0 0 0 0 0 1 0 0 0 1 0 0 0 0 1 5 0 0 2 1 0 0 7 2 8 2 0 0 6 0 1 0 2 0 0 8 1 5 4 2 1 0 2 0 0 0 0 0 0 0 0 1 1 0 0 0 0 0 0 7 0 1 1 0 0 6 1 0 0 1 1 1 0 0 0 0 4 0 2 0 0 0 1 0 1 0 0 0 0 1 2 3 0 0 0 0 0 0 1 5 4 0 0 0 0 1 0 0 1 0 1 2 1 0 0 0 1 0 1 0 3 0 2 0 0 0 2
3109 3 5 0 0 1 0 1 0 0 3 4 2 6 2 4 2 2 0 0 0 3 0 2 1 1 8 0 0 0 0 0 0 3 0 0 2 0 3 0 0 0 0 0 0 0 0 1 0 0 0 0 0 0 0 0 0 0 0 0 0 0 1 0 2 0 1 1 0 0 0 0 0 0 0 2 0 3 0 4 0 0 3 1 0 0 0 9 0 0 0 0 0 0 0 0 0 8 1 0 0 0 0 2 0 0 0 0 0 6 0 0 0 0 0 0 0 1 0 0 0 0 0 0 0 0 0 0 3 0 2 1 0 0 0 7 0 0 0 0 0 2 0 5 0 4 1 0 5 0 0 3 0 0 5 0 0 0 1 0 0 2 0 0 4 1 0 0 0 1 0 0 0 0 3 0 2 0 0 2 0 0 0 0 0 2 0 0 0 2 0 4 0 2 1 0 0 4 0 0 0 0 1 0 3 0 0 0 0 0 1 0 0 0 0 0 0 0 0 0 0 0 0 0 1 0 0 0 2 0 1 0 0 9 0 0 0 0 0 0
572 0 0 5 0 1 0 0 0 10 0 0 1 4 0 1 2 1 0 6 0 2 3 2 1 1 2 0 1 0 0 1 0 1 2 0 0 2 18 1 0 0 1 0 0 0 0 1 0 2 0 0 1 0 0 0 0 1 1 1 3 0 0 0 3 0 2 0 0 1 1 0 13 0 0 2 0 1 1 2 11 1 3 0 1 0 0 13 0 6 10 0 1 1 0 0 3 4 0 0 0 0 0 0 1 1 0 0 0 1 1 1 0 0 0 0 0 0 2 0 1 0 8 1 1 0 0 0 2 1 0 3 11 0 1 3 0 0 5 0 0 5 3 0 1 4 2 0 4 1 11 10 2 4 3 0 0 0 0 0 0 0 2 0 2 0 0 0 0 9 0 0 1 0 1 0 2 0 0 1 0 0 0 1 3 3 0 0 3 12 2 1 0 0 1 6 0 0 0 0 0 0 1 0 0 1 0 0 0 0 0 0 0 6 0 1 1 2 0 0 0 0 0 1 0 0 0 0 2 0 0 2 2 2 0 13 0 1 0 0
677 0 0 0 0 1 0 0 1 7 1 2 0 5 1 1 2 2 0 1 0 4 2 2 1 1 0 2 3 0 0 2 0 1 1 0 1 0 6 0 0 0 0 0 0 0 0 2 0 2 0 1 0 0 0 0 0 0 1 1 0 0 0 1 0 0 0 0 0 0 2 0 6 0 2 2 0 1 0 2 5 0 2 0 0 0 0 7 0 8 2 0 0 0 0 1 2 2 0 0 0 1 0 0 0 0 0 1 0 1 0 0 0 0 0 0 0 0 1 0 0 0 0 1 1 0 0 0 1 0 0 2 3 0 1 5 1 4 1 0 0 2 4 0 0 0 1 0 6 1 6 6 2 4 6 2 0 0 0 0 0 0 1 0 1 0 0 0 0 5 0 1 2 1 2 1 2 0 3 0 0 0 0 1 1 2 0 0 0 5 0 0 1 0 1 4 0 1 0 0 0 0 1 0 2 0 0 0 0 2 0 0 1 6 0 0 1 0 2 0 0 0 0 2 2 0 0 0 1 1 0 0 1 2 0 5 0 0 0 3
672 0 2 1 1 1 0 0 0 4 1 2 0 4 0 1 3 2 0 3 0 2 2 3 0 2 0 0 0 0 0 0 0 0 1 1 0 2 5 0 0 0 0 0 0 0 0 3 0 2 0 0 0 0 0 0 0 0 3 1 0 0 1 2 2 0 1 0 0 1 1 0 8 0 1 2 0 1 0 2 3 0 3 0 0 0 0 10 0 6 3 0 0 0 0 0 1 4 0 0 0 0 1 0 0 0 0 0 0 2 0 0 0 0 0 0 0 0 0 0 2 0 4 0 0 0 0 0 2 0 0 0 3 0 1 3 0 5 1 0 0 3 2 0 0 2 1 0 3 0 4 4 3 3 5 0 0 0 0 0 0 0 3 0 0 1 0 0 1 4 0 0 0 1 1 0 2 0 3 2 0 0 0 1 0 2 0 1 0 7 0 0 0 0 1 5 0 2 0 2 0 0 3 1 0 1 1 0 0 0 0 1 2 6 1 0 1 0 0 0 0 0 0 0 1 1 2 0 4 0 1 0 1 2 0 10 0 0 0 2
697 0 0 2 0 0 0 1 0 2 0 0 0 4 2 1 0 2 2 2 0 1 3 2 0 2 2 2 1 0 0 0 0 0 4 0 0 0 7 0 0 0 0 0 0 0 0 2 0 0 0 0 0 0 0 0 1 3 0 1 2 0 0 0 1 1 0 0 0 0 1 1 3 2 2 0 1 1 0 2 3 0 4 1 0 0 0 6 0 3 2 0 0 0 0 1 0 2 0 0 0 2 1 0 0 0 0 0 1 3 0 1 0 0 0 0 0 0 0 0 0 0 4 0 0 0 0 0 1 0 0 1 3 0 0 3 0 2 0 0 0 1 1 1 0 6 0 0 4 1 5 4 0 1 3 1 0 0 0 0 0 1 2 0 1 0 0 2 0 7 1 2 1 0 2 0 2 0 1 2 0 0 1 0 1 1 1 0 1 7 1 1 0 0 1 3 0 0 0 1 0 1 2 1 2 0 0 0 0 3 0 1 2 1 0 0 3 1 0 0 0 1 0 0 2 0 0 0 2 1 1 1 0 2 0 3 0 1 0 1
685 0 0 5 0 0 0 1 0 6 0 1 0 4 0 1 1 1 0 3 0 0 1 2 0 0 1 0 0 0 0 0 0 0 0 0 0 2 9 0 0 0 0 0 0 0 0 0 0 2 0 0 0 0 0 0 1 1 1 1 1 1 0 0 1 0 1 0 0 0 0 2 0 0 0 1 2 1 0 2 3 1 2 0 0 0 0 12 0 2 4 0 0 0 0 0 1 4 0 0 0 0 0 0 1 1 0 0 0 0 1 1 0 0 0 0 0 0 0 0 0 0 4 0 0 0 0 0 2 0 0 4 1 0 2 3 2 1 2 0 0 6 1 0 0 17 2 1 3 0 8 3 1 4 3 1 0 0 0 0 0 0 6 0 0 0 0 0 1 1 0 0 3 0 1 0 2 0 0 5 0 0 0 1 2 3 0 0 1 3 1 0 0 0 1 6 0 0 0 0 0 0 1 1 1 0 0 3 0 3 0 1 1 1 0 0 3 1 0 0 2 0 0 0 0 0 0 0 1 0 0 2 0 2 0 2 0 1 1 1
3106 2 6 0 0 2 0 5 0 0 6 9 0 2 1 3 0 0 0 0 0 1 0 3 0 1 4 0 0 1 0 0 0 5 0 0 4 0 2 0 0 0 0 1 0 4 0 0 0 0 0 0 0 0 0 0 0 0 0 0 5 0 3 0 2 0 0 0 0 2 0 0 0 1 0 0 0 10 0 1 0 0 3 1 0 0 0 4 0 0 0 0 0 0 0 0 0 13 0 0 0 0 0 0 0 1 0 0 1 2 0 0 0 0 0 0 0 0 0 0 0 0 0 0 0 0 0 0 9 0 1 0 0 0 0 11 0 0 1 0 0 0 0 3 0 3 0 0 5 0 0 1 0 0 5 0 0 0 4 0 0 0 0 0 0 0 0 1 0 1 0 0 0 0 2 0 0 0 0 5 0 0 0 0 0 1 0 0 0 0 0 2 0 1 1 0 0 0 0 0 0 0 0 0 4 0 0 0 0 1 1 0 0 0 0 0 0 1 0 0 0 0 0 0 1 0 0 0 8 0 0 0 0 9 0 0 0 0 1 0
410 0 3 5 1 0 0 2 0 6 6 0 1 2 1 2 5 4 1 1 0 7 1 0 0 2 2 1 1 2 0 1 0 4 1 1 0 0 3 1 0 0 0 0 0 0 0 3 0 2 1 0 0 0 0 0 1 0 6 0 3 0 3 2 1 0 0 0 0 3 5 0 3 0 1 1 0 3 2 0 5 0 1 0 0 0 1 8 0 9 5 0 0 0 0 0 0 3 0 0 0 0 1 0 0 1 0 1 1 3 0 0 0 0 0 0 1 0 1 0 0 0 2 0 0 1 0 1 0 0 0 1 5 0 2 3 0 4 0 0 0 2 2 2 0 5 3 0 2 3 5 8 2 3 0 3 0 0 1 0 0 0 3 0 4 1 0 0 0 2 0 0 4 2 0 0 0 0 9 1 0 3 0 1 3 1 0 0 0 5 0 0 0 0 0 8 0 5 0 0 0 0 0 1 2 0 0 0 1 0 0 0 0 3 1 0 0 1 3 0 0 1 0 0 0 2 1 0 1 0 2 0 0 3 0 7 0 0 0 1
3166 0 0 0 0 1 0 0 0 0 6 1 2 2 0 1 1 0 1 3 0 3 0 1 1 1 2 3 1 0 0 0 0 3 0 0 0 0 4 0 2 0 0 0 1 1 0 0 0 0 0 0 0 0 2 0 0 0 0 0 0 2 2 0 1 0 0 0 0 4 1 0 0 2 0 1 0 0 1 2 1 0 0 1 1 0 0 2 0 0 0 0 0 0 0 0 0 1 0 0 0 0 1 1 0 1 0 0 0 3 0 0 0 0 0 0 0 0 1 0 2 0 0 0 0 0 0 0 5 0 0 0 0 0 1 2 2 0 0 0 0 2 0 1 0 0 0 0 2 0 0 3 0 0 9 1 0 0 1 0 0 0 0 0 4 0 0 0 0 1 0 0 1 0 1 0 0 0 0 0 0 0 0 0 0 0 0 0 0 1 0 1 0 1 0 0 0 5 0 0 0 0 0 0 0 0 0 0 0 3 3 0 0 1 1 0 0 0 1 1 0 0 0 0 2 0 0 0 1 0 0 1 0 2 0 0 0 0 0 0
462 1 2 10 0 1 0 0 0 4 1 6 0 0 0 0 3 5 2 0 0 12 6 0 0 3 0 0 0 0 0 5 0 1 6 0 2 0 5 0 0 0 0 0 0 0 0 8 0 2 1 0 0 1 2 0 0 0 0 0 2 1 0 0 0 0 5 0 0 3 0 0 0 0 4 0 0 0 0 0 0 0 0 1 2 1 2 4 0 0 0 0 0 2 0 0 1 7 0 0 0 0 0 0 0 0 0 4 0 2 6 1 0 0 0 2 2 1 0 1 2 0 0 0 1 0 0 1 4 0 0 2 1 1 0 11 3 8 0 0 1 4 0 3 1 5 0 0 6 2 1 0 2 1 8 2 0 0 1 0 1 0 1 0 3 0 0 0 1 0 0 0 7 0 0 0 2 0 6 3 0 1 0 0 0 2 1 0 1 2 0 0 0 0 0 1 0 1 0 0 0 0 1 0 3 0 0 1 2 1 0 1 1 0 0 0 0 0 2 0 0 2 0 0 0 1 0 1 1 1 0 0 0 1 0 5 0 0 1 1
376 0 3 3 0 1 0 0 1 8 4 7 0 0 1 0 2 0 0 1 0 6 5 0 0 4 0 5 0 0 0 5 0 2 7 0 0 0 7 0 0 0 0 0 0 0 0 3 0 0 1 0 0 0 0 0 0 0 2 0 0 1 3 0 1 1 1 0 0 1 0 0 1 0 0 1 0 0 0 0 1 0 0 0 1 0 0 4 0 6 5 0 0 1 0 0 1 5 0 0 0 0 1 0 0 0 0 1 0 2 4 0 0 0 0 0 2 0 0 0 0 0 2 0 0 0 2 0 8 0 0 1 4 0 1 2 0 3 3 0 1 5 2 0 0 2 1 0 6 0 5 5 5 2 1 2 0 0 0 0 1 0 1 0 2 0 0 0 1 7 0 1 6 0 0 1 0 0 3 1 0 1 0 1 1 1 1 0 0 4 0 0 0 0 0 5 0 0 2 0 0 0 0 0 3 0 0 0 0 0 1 1 6 2 1 0 0 1 0 1 0 1 0 1 1 0 0 0 1 0 1 0 0 0 0 6 0 0 0 2
509 0 2 2 0 0 1 0 0 10 0 0 1 0 3 0 1 0 1 6 0 3 3 0 0 0 1 1 1 0 0 0 0 0 0 0 0 0 16 1 0 0 2 0 0 0 0 1 0 2 0 1 0 0 3 0 1 0 0 2 0 0 2 0 4 0 0 0 0 3 2 0 11 1 2 4 0 0 1 0 11 2 0 0 0 0 0 16 0 12 8 0 0 0 0 0 1 2 1 0 0 0 1 0 1 0 0 1 1 5 5 0 0 0 0 0 0 0 1 0 0 1 6 2 0 2 0 0 2 0 0 5 10 0 2 3 2 4 5 0 0 2 4 1 0 7 1 0 1 0 13 4 0 14 5 0 0 0 0 1 0 0 1 0 4 0 0 2 0 7 0 0 1 1 0 0 0 0 4 6 1 0 0 5 1 3 0 0 0 8 2 2 0 0 0 10 0 3 0 1 0 0 0 0 0 0 0 0 0 2 0 0 0 10 1 0 2 0 0 0 0 0 0 0 3 1 0 1 1 1 0 3 1 1 0 15 0 0 0 2
681 0 0 2 0 0 0 0 0 2 3 1 2 1 2 4 1 1 0 3 0 3 0 2 1 0 1 0 6 0 0 0 0 1 0 0 0 0 7 0 1 0 0 0 0 1 0 0 1 5 0 0 0 0 0 0 0 3 1 1 0 1 1 0 0 0 1 0 0 3 0 0 0 1 0 0 0 0 0 2 2 0 0 0 1 0 0 11 0 0 0 2 0 1 0 0 1 1 0 0 0 0 0 1 0 0 0 0 0 1 0 1 0 0 0 0 0 2 0 0 0 0 1 0 0 0 0 0 3 0 0 3 0 0 1 1 1 1 0 0 0 0 0 0 0 6 4 0 0 1 2 5 1 0 0 0 0 0 1 0 0 0 3 0 3 1 0 1 0 5 1 0 2 0 0 0 0 0 0 1 0 0 0 0 1 0 2 0 4 3 0 3 0 0 0 1 0 1 0 0 0 0 0 0 1 0 0 0 0 5 0 0 0 0 0 0 1 2 1 0 3 0 0 0 1 0 0 0 0 0 0 0 0 3 0 0 0 0 0 0
501 0 0 2 0 0 1 1 2 13 0 1 1 0 1 0 2 2 2 3 3 3 6 0 0 0 2 2 1 1 0 3 0 0 0 0 0 0 19 0 0 0 0 0 0 0 0 4 0 7 0 2 0 0 3 0 0 3 0 1 1 0 1 0 1 0 0 0 0 3 0 1 11 1 2 4 2 0 2 0 6 0 0 0 0 0 0 17 0 7 9 0 1 1 0 0 1 1 0 0 0 0 0 0 1 0 0 0 1 1 1 0 0 1 0 0 1 0 0 0 0 0 9 0 0 0 0 0 3 1 0 8 9 0 2 2 3 1 10 0 0 2 3 1 0 9 7 0 2 0 7 11 1 11 5 0 0 2 0 0 0 0 8 0 4 0 0 0 0 14 0 2 4 1 0 0 0 0 2 2 0 0 0 4 2 6 0 0 3 16 0 2 1 0 0 18 0 0 0 0 0 0 0 1 0 1 0 3 0 2 0 0 2 5 0 1 6 3 2 0 1 0 0 0 0 0 0 0 0 0 1 1 0 0 0 11 0 0 1 1
662 0 1 2 0 0 0 0 0 9 1 2 2 0 0 0 4 1 0 1 0 3 1 1 0 2 0 2 0 0 0 0 0 1 1 0 0 0 16 1 0 1 0 0 0 0 0 0 0 0 0 0 0 0 3 0 0 2 5 0 2 0 0 2 3 1 0 0 0 4 0 0 5 1 1 5 2 0 0 0 7 0 0 0 0 0 0 8 0 4 7 0 1 0 0 0 1 2 0 1 0 0 0 0 1 0 0 0 0 5 0 0 1 0 0 0 0 0 0 0 0 0 5 0 0 1 0 0 1 0 0 2 3 0 0 3 2 2 6 0 0 2 0 0 0 4 0 0 2 1 7 5 1 3 4 4 0 0 0 0 0 0 3 1 4 0 0 0 2 6 0 0 0 1 0 0 1 0 0 0 0 0 0 0 2 2 0 0 0 11 0 2 0 0 0 3 0 0 0 0 0 0 0 1 0 0 0 0 0 3 1 0 2 8 0 0 1 0 1 1 0 0 0 0 2 0 0 1 0 1 0 1 0 0 0 1 0 0 0 2
687 0 1 1 0 0 0 0 0 0 3 2 0 0 0 0 0 0 0 0 0 3 3 0 0 0 1 0 0 0 0 1 0 2 2 0 0 0 5 0 0 0 0 0 0 0 0 1 0 0 0 0 0 0 2 0 0 0 0 1 0 0 1 0 0 0 0 0 0 4 0 0 2 0 0 1 0 0 1 0 1 0 0 0 0 0 0 2 0 1 0 2 0 0 0 1 0 1 0 1 0 0 0 0 0 0 0 2 1 0 0 0 0 0 0 0 0 0 0 0 1 0 2 0 0 0 0 0 0 0 0 1 1 0 0 2 1 0 1 0 0 1 1 0 0 2 0 0 3 2 0 1 0 1 3 0 0 3 1 0 0 0 3 0 3 0 0 0 0 0 0 0 5 0 0 0 0 0 1 2 0 0 0 0 2 0 0 0 0 0 0 1 0 0 0 0 0 1 0 1 0 1 0 0 1 0 0 0 0 2 1 3 0 0 0 0 0 0 0 0 0 0 0 0 0 0 0 0 1 0 0 0 0 0 0 0 0 1 0 0
3149 2 8 1 0 0 0 2 0 0 6 4 0 9 2 2 2 2 0 0 0 2 0 0 0 0 2 0 0 1 0 0 0 6 0 0 0 0 2 0 0 0 0 0 1 1 0 0 0 0 0 0 0 0 0 0 0 0 0 0 3 1 4 0 0 0 1 2 0 1 0 0 1 0 0 0 0 3 0 0 1 0 2 0 1 1 0 2 0 0 0 0 0 0 0 0 0 5 0 0 0 0 0 0 0 0 0 0 0 5 0 0 0 0 0 0 0 1 0 0 4 0 0 0 0 0 0 0 6 0 2 0 0 0 1 7 0 0 0 0 0 3 0 5 0 3 0 0 4 0 0 1 0 0 7 0 0 1 1 0 0 0 0 0 1 0 0 0 0 1 0 0 0 0 1 0 0 0 0 1 0 0 0 0 0 0 0 0 0 0 0 0 0 1 0 0 0 1 0 0 0 0 0 1 4 0 0 0 0 0 0 0 1 0 0 0 0 1 0 0 0 0 0 0 0 0 0 0 0 0 0 0 0 3 1 0 0 0 0 0
647 1 1 3 0 2 0 2 0 3 1 5 0 7 0 1 1 3 0 0 0 1 4 0 0 0 1 1 0 1 0 2 0 0 4 0 0 0 4 0 0 0 0 0 0 0 0 2 0 2 0 0 0 0 0 0 0 1 0 1 2 0 0 0 0 0 1 1 0 0 1 1 0 0 3 0 1 2 0 1 0 0 1 0 1 0 0 7 0 1 0 0 0 0 0 0 2 3 0 0 0 1 0 0 0 0 0 0 0 0 1 2 0 0 0 0 0 2 0 0 0 0 3 0 1 1 0 0 4 0 0 1 1 0 2 2 0 5 1 0 0 0 0 1 0 2 1 0 0 0 0 2 1 1 3 1 0 1 3 0 0 1 2 0 1 0 0 0 0 0 0 0 1 0 0 1 0 0 1 3 0 0 0 0 0 0 0 0 1 0 1 0 0 0 0 2 0 1 1 1 0 0 0 1 1 0 0 1 0 0 0 0 0 4 0 0 1 0 2 0 0 0 0 0 0 0 0 0 3 0 0 0 0 1 0 1 0 0 0 1
3057 0 7 2 0 1 0 2 0 0 3 3 7 3 6 4 10 1 1 2 0 9 0 0 0 1 6 0 1 2 0 0 0 6 0 0 0 0 5 0 3 0 0 3 0 1 0 0 0 0 0 0 0 0 1 0 0 0 2 0 5 1 5 0 1 0 1 2 0 3 1 0 1 1 0 1 0 0 0 1 0 0 1 0 2 0 0 12 0 1 0 0 0 1 0 1 2 3 0 0 0 0 0 1 0 2 0 0 0 11 0 0 0 0 0 0 1 0 0 0 0 0 0 0 0 0 0 0 4 0 0 4 0 0 0 3 1 0 0 0 0 4 2 1 0 7 0 0 4 0 1 4 0 0 3 0 0 0 3 0 0 1 0 0 10 0 0 2 1 7 0 0 1 0 1 0 0 0 0 0 0 0 0 0 0 1 0 0 0 1 0 1 0 2 0 0 0 7 0 0 0 0 0 1 4 0 0 0 0 1 0 0 0 0 2 0 0 3 0 0 0 0 0 0 0 0 0 0 0 0 1 0 0 2 0 0 0 0 0 0
317 0 0 0 0 0 0 0 0 0 2 0 0 0 0 1 0 0 1 0 0 1 0 0 0 0 0 0 0 0 0 0 0 0 0 0 1 0 1 0 0 0 0 0 0 0 0 0 0 1 0 0 0 0 0 0 0 0 0 0 1 0 0 0 0 0 0 0 0 0 0 0 1 0 0 1 0 0 0 0 0 0 0 0 0 0 0 1 0 0 0 0 0 0 0 0 0 1 0 0 0 0 0 0 0 0 0 0 0 1 0 0 0 0 0 0 0 0 0 0 0 0 0 0 0 0 0 0 1 0 0 2 0 0 1 0 0 0 0 0 0 1 1 0 0 4 0 0 0 0 0 0 0 0 1 1 0 0 0 0 0 1 1 0 0 0 0 0 0 0 0 0 1 0 0 0 0 0 0 0 0 0 0 0 0 0 1 0 0 0 0 0 0 1 1 0 0 0 0 0 1 0 0 0 0 0 0 0 0 1 0 0 0 0 0 0 0 0 0 0 0 0 0 0 0 0 0 0 0 0 1 0 0 0 0 0 0 0 0 0
746 0 0 3 1 0 0 1 0 1 1 1 0 0 3 0 3 1 1 1 0 3 3 0 0 1 1 2 0 1 0 3 0 1 1 0 0 0 4 0 0 0 0 0 0 0 0 1 0 0 0 1 0 0 0 0 0 0 1 0 1 0 1 1 0 0 0 0 0 3 0 0 0 0 1 0 0 1 1 0 0 0 1 1 1 0 1 6 0 4 0 0 0 3 0 0 2 6 0 0 0 1 1 0 0 1 0 0 1 2 1 2 0 0 0 0 0 1 0 0 0 0 1 0 0 0 0 0 3 0 0 3 1 0 1 4 1 2 0 0 0 1 1 2 0 3 0 0 2 0 5 2 1 1 3 0 0 0 0 0 0 0 2 0 4 1 0 0 3 1 0 0 6 0 0 0 0 0 1 1 0 0 0 1 1 1 0 0 0 2 0 0 0 1 0 3 0 1 0 0 0 0 0 0 1 0 0 0 0 0 0 1 0 1 0 0 0 0 3 0 0 0 0 1 0 1 0 0 1 0 1 0 1 1 0 1 0 0 0 1
480 0 2 6 1 2 0 1 0 4 6 2 1 1 1 0 5 6 1 0 0 8 4 1 0 4 0 2 0 0 0 4 0 5 4 0 0 0 5 0 0 0 0 1 0 0 0 11 0 0 2 1 0 0 0 0 0 0 2 1 1 0 1 0 1 0 1 0 0 1 3 0 2 1 6 1 0 1 1 0 4 0 0 0 0 0 1 6 0 4 0 0 0 0 0 0 0 16 0 0 0 1 0 0 1 0 0 0 0 3 4 1 1 0 0 0 1 1 0 1 1 0 1 0 0 0 1 0 9 1 0 2 1 0 2 7 1 9 1 0 0 4 1 3 1 0 0 0 4 0 2 2 1 3 2 0 1 1 0 0 3 0 1 0 5 0 0 1 0 2 0 0 3 0 0 2 1 0 7 1 0 0 0 0 0 0 0 0 0 3 0 0 0 0 0 1 0 2 1 0 2 0 1 2 5 0 0 0 0 0 0 2 5 3 0 0 0 0 1 0 0 0 0 0 0 0 0 0 5 0 4 0 1 1 0 3 0 0 0 2
660 3 0 7 1 2 0 0 0 1 3 3 0 1 3 0 5 0 0 0 0 6 4 0 0 1 1 2 0 1 0 6 0 2 4 0 1 0 6 0 0 0 0 0 0 0 1 5 0 0 0 0 0 0 0 0 0 0 4 0 5 0 4 1 0 0 0 0 1 1 2 1 2 0 3 2 0 3 2 0 3 0 0 1 0 0 1 11 0 5 1 0 0 2 1 1 0 2 0 1 0 0 0 0 0 1 0 0 2 0 1 0 0 1 0 0 0 1 0 0 0 0 3 0 0 0 0 0 7 1 0 2 2 0 2 10 2 6 0 0 0 1 1 4 0 3 3 0 2 3 2 1 4 1 0 0 0 1 1 0 0 0 1 0 4 0 0 0 0 1 0 0 3 0 1 0 1 0 2 0 0 0 0 0 0 1 0 0 0 1 0 0 0 0 0 4 1 4 2 0 2 0 0 2 2 0 0 2 0 1 0 0 0 2 0 0 1 1 2 1 0 0 0 0 1 0 0 0 3 0 2 0 0 0 0 4 0 0 0 1
587 2 1 1 0 0 0 0 1 7 0 4 2 0 3 0 4 2 2 4 1 7 7 2 0 2 0 0 2 0 0 6 0 0 3 0 0 0 7 0 0 0 0 0 1 0 0 8 0 7 0 0 0 0 0 0 0 1 4 1 0 0 0 0 0 0 0 0 0 0 1 0 11 0 0 0 1 0 0 0 3 0 0 0 0 0 0 13 0 6 6 1 0 0 2 0 0 0 0 0 0 0 0 0 1 2 0 0 1 2 3 0 0 1 1 0 0 0 0 0 1 0 4 0 0 0 0 0 3 1 0 2 5 1 4 3 1 2 2 0 0 1 2 0 0 7 6 0 0 1 10 7 0 11 0 1 0 1 1 0 0 0 5 0 4 0 1 0 0 8 0 2 5 1 1 2 0 0 3 2 1 0 0 1 0 5 1 0 1 6 0 0 1 0 0 7 0 3 0 0 0 0 0 1 2 3 0 1 1 0 0 0 1 2 0 1 4 0 1 0 1 0 0 3 2 0 0 0 3 0 1 0 0 1 0 10 0 0 1 0
648 0 0 5 0 0 0 0 0 4 1 1 1 0 4 1 4 0 0 0 0 1 0 0 0 4 2 1 1 1 0 0 0 0 2 0 0 0 14 0 0 0 0 0 0 0 0 1 0 6 0 0 0 0 0 0 0 4 2 1 2 0 0 1 2 0 0 0 0 0 0 0 5 0 1 2 3 0 1 0 6 1 0 0 0 0 0 12 0 3 6 0 1 0 0 0 3 1 0 0 0 1 0 0 0 0 0 0 1 1 0 0 0 0 1 0 0 0 1 0 0 0 6 1 0 0 0 0 2 0 0 4 2 0 3 0 3 0 2 1 0 3 1 1 0 11 4 0 1 0 8 7 1 5 0 0 0 0 0 0 0 0 8 0 5 1 0 1 0 3 0 1 4 0 0 0 0 0 1 3 0 0 0 0 1 9 2 1 2 4 1 2 0 0 0 6 0 2 0 2 0 0 0 1 0 0 0 2 0 1 0 0 1 3 0 0 3 1 0 0 0 0 0 0 1 1 0 0 0 0 0 0 0 1 0 5 0 0 1 0
621 0 3 13 0 0 0 3 0 0 1 16 3 4 5 2 3 1 2 1 0 5 8 1 1 4 2 1 0 1 0 10 0 2 7 0 0 0 6 0 0 0 1 0 0 0 0 6 1 0 0 0 0 0 0 0 0 0 1 3 5 0 2 0 0 0 1 0 0 1 0 1 0 0 7 0 0 0 1 0 0 0 1 0 1 0 0 7 2 6 0 0 1 0 0 0 0 6 0 0 0 0 0 0 0 0 0 1 2 0 8 0 0 0 0 0 0 0 0 0 0 0 3 1 0 0 0 0 6 0 0 1 0 0 0 6 2 7 3 1 0 4 0 1 0 5 5 0 4 3 4 0 0 1 3 0 0 0 0 0 0 1 1 0 4 0 0 0 0 0 0 0 4 0 0 0 0 0 8 5 0 1 0 0 0 4 0 0 1 1 1 2 0 0 0 5 0 0 0 1 0 0 0 0 4 0 0 0 0 0 1 2 5 0 0 0 0 0 0 0 0 0 0 0 0 0 0 0 1 2 0 0 0 4 0 0 0 0 1 0
549 0 2 3 0 0 0 0 0 1 3 2 0 0 0 0 2 1 1 0 0 4 0 0 0 3 0 2 0 0 0 1 0 1 2 0 0 0 0 0 0 0 0 0 0 1 0 3 0 0 0 0 0 0 0 0 0 0 0 0 0 3 1 1 0 0 3 1 0 2 0 0 0 0 2 0 0 0 0 0 0 0 1 0 0 0 0 1 0 1 0 1 0 0 0 0 0 2 0 0 0 0 1 0 0 1 0 0 0 2 1 0 1 0 0 1 0 2 0 0 0 0 1 0 0 0 0 0 3 0 0 0 0 0 0 4 0 1 0 0 0 0 0 2 0 3 1 0 1 0 0 0 1 3 0 2 0 1 0 0 0 0 0 0 0 0 0 0 0 1 0 1 3 0 0 0 0 0 2 0 0 0 0 0 0 0 0 0 0 0 0 0 0 0 0 1 0 0 0 0 0 0 0 0 5 0 1 0 0 0 0 0 0 0 0 0 0 0 0 0 0 0 0 0 0 0 0 0 0 0 3 0 0 0 0 0 0 0 0 1
595 0 1 23 0 0 1 0 0 1 2 13 0 0 3 0 5 1 0 0 0 11 5 0 0 9 0 0 0 0 0 11 0 0 3 0 0 0 8 0 0 0 0 0 0 0 0 5 0 1 1 0 0 0 0 0 1 0 1 1 2 2 0 1 0 0 1 0 0 1 1 0 3 0 2 0 0 0 0 0 1 0 0 0 0 2 1 8 0 1 2 0 0 1 0 0 0 6 0 0 0 0 0 0 0 0 0 1 0 1 2 0 0 0 0 0 0 1 0 1 1 0 2 0 0 0 1 0 9 0 0 1 1 0 2 8 2 5 3 0 0 1 1 0 1 7 1 0 1 4 1 1 0 4 2 1 0 0 1 0 7 0 8 0 3 0 0 0 0 0 0 0 9 0 0 1 0 1 8 1 0 0 0 0 0 6 0 1 0 0 0 0 0 0 0 3 0 0 0 0 0 1 0 1 3 0 0 0 0 0 1 2 1 3 0 0 1 0 1 0 0 0 0 0 1 1 0 0 0 0 0 0 0 0 0 6 0 0 0 1
3131 3 4 0 0 2 0 2 0 0 2 8 1 3 1 0 3 0 1 5 0 2 0 2 1 0 4 0 0 2 0 0 3 0 0 0 3 0 2 0 5 0 0 0 1 1 1 0 0 0 0 0 0 0 1 0 0 0 0 0 1 2 2 0 4 0 2 0 0 1 1 0 0 0 0 0 0 3 0 0 0 0 1 1 0 0 0 5 0 0 0 0 0 0 0 0 0 5 0 0 0 0 0 1 0 2 0 0 0 6 0 0 0 0 0 0 0 0 1 0 1 0 0 0 0 0 0 0 7 0 0 4 0 0 0 4 0 0 0 0 0 2 0 1 0 6 0 1 2 0 0 2 0 0 7 0 0 0 1 0 1 0 0 0 4 0 0 0 0 3 0 0 0 0 2 0 0 0 0 1 0 1 0 0 0 0 0 0 1 0 0 0 0 2 3 0 0 4 0 0 0 0 1 1 1 0 0 0 0 1 0 0 0 0 0 0 0 0 0 0 0 0 1 0 0 0 0 0 2 0 0 0 0 1 0 0 0 0 0 0
584 2 1 6 0 1 0 0 0 2 2 7 1 3 0 0 2 6 0 2 0 8 6 0 0 5 0 0 0 0 0 3 1 2 6 0 2 2 2 0 0 0 0 0 0 0 0 1 0 0 0 0 0 0 0 0 2 0 6 0 0 1 3 1 1 0 1 0 0 1 4 0 8 0 1 5 0 1 2 0 5 0 0 1 1 2 0 12 0 3 10 0 0 0 0 0 1 4 0 0 0 0 0 0 1 1 0 1 0 0 2 0 0 0 0 0 0 1 1 1 0 0 2 0 0 1 1 0 4 0 0 2 12 0 4 5 0 1 5 0 0 5 4 0 0 7 0 0 1 1 9 6 2 3 2 4 0 0 0 1 1 1 5 0 2 1 1 0 0 6 0 0 4 0 1 0 0 0 3 4 3 0 0 2 0 2 1 0 0 4 0 3 0 0 1 2 0 3 0 0 0 0 0 0 1 1 0 0 0 0 3 1 0 6 0 0 0 0 2 0 1 0 1 0 1 0 0 0 2 0 0 0 1 0 1 13 0 0 2 1
482 2 2 8 0 1 0 1 0 5 2 10 1 3 2 1 3 1 3 2 0 4 5 0 0 8 2 1 0 2 0 6 1 1 3 1 2 0 12 0 0 0 0 0 0 0 0 3 1 7 0 1 1 0 0 0 5 0 0 4 4 1 4 1 2 0 1 0 0 1 0 0 9 0 1 3 1 1 0 0 4 1 1 1 1 0 0 7 0 9 7 1 0 2 1 0 0 5 0 0 0 0 0 0 1 1 0 0 0 1 7 0 0 0 1 0 0 0 0 0 0 0 6 0 0 1 1 0 12 0 0 6 4 0 6 5 0 3 5 0 0 1 2 0 0 12 3 0 0 0 17 5 2 9 3 1 0 1 2 1 0 0 6 0 1 0 0 0 0 6 0 0 9 1 1 0 0 0 4 7 0 0 0 3 1 7 0 1 0 5 0 0 0 0 1 11 0 3 0 1 0 1 0 2 3 1 0 0 0 0 2 1 3 13 0 1 0 1 1 0 0 0 1 0 2 0 0 0 2 0 1 3 0 0 0 15 0 1 0 1
3157 1 7 3 0 1 0 2 0 0 9 1 0 4 1 3 6 0 1 0 0 3 1 0 1 1 3 0 0 0 0 0 1 4 0 0 1 0 1 0 0 0 0 0 0 0 0 0 0 0 0 0 0 0 2 0 0 0 0 0 3 0 1 0 2 0 4 0 2 1 1 0 0 0 0 0 0 1 1 1 0 0 1 0 0 0 0 4 0 0 0 0 0 0 0 0 0 2 0 0 0 0 0 0 0 2 0 0 0 5 0 0 0 0 0 0 1 1 0 0 0 0 0 0 0 0 0 0 1 0 1 0 0 0 2 3 0 1 1 0 0 1 0 0 0 4 0 0 2 0 1 0 0 0 1 0 0 1 5 0 0 0 2 0 6 2 0 2 0 0 0 0 1 0 0 0 0 0 1 1 0 0 0 0 0 0 0 0 0 0 0 0 0 1 0 0 0 3 0 0 0 0 0 0 0 0 0 0 0 0 0 0 1 2 0 0 0 1 1 0 0 0 0 0 0 0 0 0 0 0 0 0 0 5 0 0 0 0 0 0
797 2 1 4 3 0 0 0 0 1 3 1 0 0 0 2 6 1 1 0 0 7 5 0 0 4 1 0 0 0 0 8 0 4 5 1 0 1 5 0 0 0 0 0 0 0 0 2 0 1 2 0 0 0 1 0 0 2 0 0 3 0 0 0 1 1 2 0 0 4 3 0 1 0 2 1 1 0 1 0 1 0 0 1 1 0 2 7 0 3 0 1 1 1 0 1 0 5 1 1 0 0 0 0 0 1 0 0 1 6 1 0 0 0 1 1 2 0 0 0 0 0 0 0 0 0 0 0 5 1 0 0 0 2 3 9 1 3 3 0 0 2 0 1 0 5 3 0 4 0 5 1 0 2 2 2 0 0 0 0 0 0 3 0 4 2 0 0 0 2 0 0 5 1 1 1 0 0 2 5 0 0 0 0 0 1 2 0 1 3 0 0 1 0 0 2 0 1 0 0 0 0 2 1 2 1 0 1 1 2 0 1 1 5 1 0 3 1 1 0 0 2 0 0 0 0 0 0 1 0 0 0 0 0 0 2 0 1 0 0
627 0 0 6 1 0 0 1 0 4 1 0 0 0 2 1 4 1 3 1 0 4 9 0 0 1 0 0 0 0 0 4 0 0 1 0 0 0 10 0 0 0 0 1 0 0 1 0 0 10 0 0 0 0 1 0 0 1 0 0 2 0 0 0 1 1 1 0 0 1 2 0 9 0 0 0 2 0 1 0 6 1 0 0 0 0 0 11 0 1 6 0 0 2 0 0 3 0 0 1 0 0 0 0 1 1 0 0 1 2 1 0 1 0 1 0 1 0 2 0 0 0 5 2 1 0 0 0 2 1 0 2 1 0 3 2 2 1 4 0 0 0 1 0 1 12 8 0 2 1 4 8 0 2 0 1 0 0 0 1 0 1 11 0 3 1 0 0 2 4 0 0 4 0 0 1 0 0 3 4 0 0 0 0 0 7 2 0 4 6 0 1 0 0 0 6 0 0 0 0 0 0 1 1 1 0 1 4 0 3 0 0 1 0 0 0 0 3 1 0 1 0 0 0 0 0 0 0 0 0 2 3 0 1 0 2 0 0 0 1
3096 1 6 2 0 1 0 5 0 0 8 5 1 5 1 2 4 1 3 3 0 1 1 1 1 2 4 0 0 2 0 0 1 9 0 0 3 0 4 0 3 0 0 1 0 0 0 1 0 0 0 0 0 0 0 0 0 0 0 0 1 3 4 1 2 0 12 1 0 1 0 0 0 1 0 0 0 1 0 2 0 0 1 0 0 0 0 4 0 0 0 0 0 1 0 0 0 3 0 0 0 0 0 1 0 1 0 0 0 4 0 0 0 0 0 0 0 1 1 0 0 0 1 0 0 0 0 0 5 0 1 0 0 0 0 3 0 0 0 0 1 5 0 3 0 1 0 0 3 0 0 3 0 0 12 0 0 0 0 0 1 0 0 0 2 1 0 1 0 3 0 1 3 0 0 0 0 0 0 1 0 0 0 0 0 1 0 0 0 0 0 0 0 3 0 1 0 3 0 0 0 0 0 0 4 0 0 0 0 0 0 0 0 0 3 0 0 1 0 0 0 0 0 0 0 0 0 0 0 0 1 0 0 6 0 1 0 0 1 0
493 3 4 11 1 3 0 2 0 0 4 15 0 4 0 2 1 7 0 1 0 6 11 2 1 9 0 0 0 0 0 12 1 5 4 0 1 0 2 1 0 0 0 1 0 0 0 14 0 0 0 0 0 0 0 0 0 0 2 0 2 1 3 1 0 0 0 0 0 2 2 0 0 2 8 0 0 0 0 2 1 0 1 1 0 0 1 4 0 4 0 0 0 0 0 0 0 6 0 0 0 0 0 0 0 0 0 3 0 0 6 2 0 0 0 0 0 2 0 0 1 0 1 0 0 0 1 1 7 0 0 0 0 0 1 17 0 9 0 0 0 2 0 8 1 3 0 0 11 1 4 0 2 1 7 0 0 1 0 0 1 1 1 0 0 0 0 0 0 0 0 0 10 0 1 2 1 1 7 4 0 0 0 1 0 0 0 0 0 2 0 0 2 0 0 4 0 1 1 0 1 0 0 0 5 0 0 0 1 0 0 8 4 1 0 0 1 0 3 0 0 1 0 2 0 0 0 0 9 0 2 0 0 2 0 3 1 0 0 0
3038 0 8 0 1 1 0 3 0 0 6 6 6 8 4 5 8 1 1 3 0 5 0 2 0 4 1 0 0 1 0 0 1 8 0 0 2 0 8 0 2 0 0 2 0 0 0 0 0 0 0 0 0 0 2 0 0 0 0 0 1 1 1 0 3 0 5 0 0 1 0 1 0 1 0 1 0 5 1 2 0 0 1 1 1 1 0 5 0 0 0 0 0 1 0 0 0 6 0 0 0 0 0 1 0 2 0 0 0 3 0 0 0 0 0 0 0 0 1 1 1 0 0 0 0 0 0 0 10 0 1 1 0 0 0 4 0 0 0 0 1 3 0 3 1 2 1 1 9 0 0 6 0 0 6 0 0 0 4 0 0 0 0 0 6 1 0 3 0 8 0 0 3 0 1 0 0 0 0 0 0 0 0 0 0 4 0 0 0 1 0 0 1 4 2 1 0 8 0 0 0 0 0 0 5 0 0 1 0 1 0 0 0 0 1 0 0 2 0 0 0 0 0 0 0 0 0 0 2 0 1 0 0 6 0 0 0 0 0 0
655 2 5 8 1 0 0 1 0 0 4 4 0 3 4 4 4 3 1 0 0 3 4 0 1 4 0 2 0 0 0 3 0 3 2 0 2 0 10 0 0 0 1 0 0 0 0 9 0 0 0 0 0 0 0 0 0 1 3 1 0 0 5 1 1 0 0 0 0 2 1 0 8 2 2 3 1 0 3 0 2 3 2 1 0 0 0 6 0 3 0 0 0 0 1 0 0 4 0 1 0 0 0 0 0 0 0 0 0 2 1 0 0 1 0 0 1 0 0 0 2 0 1 3 0 0 0 1 3 0 0 2 0 0 0 8 0 4 0 0 0 2 1 6 0 1 1 0 2 0 0 1 1 2 2 1 0 0 0 0 1 1 1 0 2 0 0 0 0 0 0 1 6 0 2 1 0 0 3 1 0 2 0 1 1 1 0 1 0 3 1 0 0 0 0 4 0 0 0 0 0 0 0 3 0 1 0 3 0 2 0 0 4 1 0 0 0 2 1 0 0 2 0 0 0 0 0 0 1 0 2 1 3 1 0 1 0 0 0 0
567 0 4 17 0 1 0 1 0 3 1 8 0 3 2 2 3 0 0 0 0 7 10 0 0 14 2 1 0 1 0 11 0 1 7 0 0 0 12 1 0 0 0 0 1 0 0 5 0 9 1 0 0 0 1 0 3 0 1 2 3 1 3 1 1 0 0 0 0 2 3 1 3 1 3 0 0 1 0 0 2 0 0 0 1 1 0 3 1 3 0 0 1 0 0 0 1 3 0 0 0 0 1 0 0 4 0 0 1 0 11 0 0 0 0 0 0 0 1 0 0 0 5 0 1 1 2 0 8 0 0 1 0 1 8 3 1 7 1 0 0 3 1 2 0 13 4 0 2 1 7 2 1 1 1 1 0 1 3 0 0 0 4 0 3 1 0 0 0 4 0 0 11 0 0 0 0 1 5 2 0 0 0 0 3 1 0 0 0 1 0 0 0 0 0 7 0 0 0 0 2 0 0 3 1 1 1 0 0 2 0 0 3 1 0 2 0 1 0 0 1 1 0 0 0 0 0 0 1 0 2 0 0 1 0 2 1 0 0 0
671 0 3 6 2 0 0 1 0 4 0 6 0 3 1 2 5 3 1 2 0 0 4 1 1 6 0 1 1 1 0 7 0 1 2 0 0 0 7 2 0 0 0 0 1 0 0 1 0 4 0 0 0 0 0 0 1 1 2 0 2 0 4 0 0 0 1 0 0 0 5 0 5 1 2 0 1 0 1 0 1 0 0 0 1 0 0 5 0 3 6 0 0 1 0 0 0 1 1 0 0 0 0 0 0 0 0 1 0 0 4 0 0 0 1 0 0 2 1 0 0 0 1 0 0 0 1 0 5 0 0 0 1 0 2 2 1 1 2 0 0 0 1 0 0 7 3 1 1 3 8 2 2 3 0 0 0 0 1 0 0 0 4 0 4 0 0 1 1 2 0 0 7 0 0 0 0 0 1 1 0 0 0 1 0 4 0 0 0 1 0 0 0 0 0 4 0 1 0 0 0 0 0 1 5 1 1 1 0 1 0 0 1 5 0 0 0 1 0 0 1 0 0 0 1 0 0 0 0 0 0 0 0 1 0 5 0 0 1 0
3145 0 3 0 0 4 0 1 0 0 8 6 0 5 0 2 1 0 0 0 0 1 0 0 0 0 3 0 0 1 0 2 0 8 0 0 2 0 4 0 0 0 0 0 0 2 0 0 0 0 0 0 0 0 0 1 0 0 0 0 2 1 1 0 1 0 0 0 0 0 0 0 0 0 0 0 0 1 1 1 0 0 1 0 3 1 0 2 0 0 0 0 0 0 0 0 0 6 0 0 0 0 0 1 0 1 0 0 0 2 0 0 0 0 0 0 0 0 0 0 1 0 0 0 0 0 0 0 5 0 1 0 0 0 0 7 0 0 0 0 1 7 0 4 0 3 2 1 5 0 2 0 0 0 6 0 0 1 3 0 0 0 0 0 0 0 0 0 0 1 0 0 1 0 1 0 1 0 0 3 0 0 0 0 0 1 0 0 0 0 0 2 0 1 1 0 0 2 0 0 0 0 0 0 1 0 0 0 0 0 0 0 0 1 0 0 0 0 0 0 0 0 0 0 0 0 0 0 2 0 1 0 0 7 0 0 0 0 0 1
619 1 1 2 2 1 1 1 0 2 0 3 0 3 2 1 1 2 0 3 0 2 4 2 4 1 3 3 0 1 0 3 0 1 4 0 0 2 2 0 1 0 1 0 1 0 0 6 1 3 0 0 0 0 0 0 1 0 0 0 7 0 1 1 1 1 0 0 0 0 1 0 3 0 0 1 0 0 1 1 6 0 1 0 1 0 0 5 2 5 0 0 1 0 0 0 3 3 0 0 0 1 0 0 1 2 0 2 3 2 0 0 1 0 0 0 0 2 1 0 1 0 3 1 0 1 0 0 1 0 0 0 3 0 1 5 0 0 2 0 0 1 1 2 0 4 1 0 1 0 5 4 0 2 3 1 0 0 2 1 0 0 6 0 0 0 0 3 0 4 0 0 1 1 0 0 0 0 2 7 0 0 0 0 0 3 0 0 1 4 0 1 0 1 1 6 0 0 0 0 0 0 1 1 1 0 0 0 0 0 0 1 0 7 1 0 3 0 1 0 0 0 0 1 2 0 1 0 2 0 3 0 0 6 0 6 0 0 0 0
644 0 6 5 3 2 0 1 0 2 3 8 0 4 1 0 1 4 1 0 0 6 4 0 0 4 1 1 0 0 0 2 0 4 1 0 1 0 3 0 0 0 0 0 0 0 0 3 0 4 0 0 0 0 0 0 0 1 2 0 1 1 4 1 0 0 0 0 0 2 0 0 2 1 3 0 0 4 1 0 1 0 1 0 1 0 0 5 0 1 0 0 0 1 0 0 0 8 0 0 0 0 0 0 0 1 0 0 0 3 2 0 0 0 0 0 0 1 1 0 1 0 3 0 0 0 0 0 5 0 0 1 1 0 1 10 0 1 2 0 0 7 4 3 0 8 3 0 4 0 4 0 0 2 4 3 0 0 3 0 0 0 4 0 0 0 0 0 0 0 1 0 4 0 3 3 0 0 3 5 0 0 0 0 1 3 0 1 0 5 0 0 1 0 1 6 0 0 0 1 0 0 0 1 0 0 0 0 0 0 0 2 0 1 0 0 2 0 1 0 2 0 0 1 1 2 0 0 6 0 0 1 0 7 0 1 0 1 0 1
167 0 1 1 0 1 1 1 0 1 2 4 0 0 0 0 0 1 0 0 0 2 0 0 0 3 1 1 0 0 0 1 0 1 1 0 0 1 1 0 1 0 1 0 0 0 0 0 0 1 0 0 0 0 0 0 1 0 2 1 1 0 1 1 0 0 1 0 0 0 0 0 1 0 3 1 0 2 0 0 1 0 0 0 0 0 1 0 0 0 1 0 0 1 0 0 1 0 0 0 0 0 0 0 0 1 0 0 0 3 1 0 0 0 0 0 0 0 1 0 0 0 0 1 0 0 0 0 2 0 0 0 0 1 0 1 1 0 0 0 0 0 0 0 1 3 1 0 0 0 4 3 0 0 2 4 0 0 0 0 0 0 1 0 0 0 2 0 0 0 0 0 4 0 1 3 0 0 1 1 0 0 0 0 3 2 0 2 0 2 1 0 0 0 0 2 0 1 0 0 0 0 0 1 2 1 0 0 0 0 0 0 0 5 0 0 2 0 0 0 1 0 0 1 1 1 0 0 2 1 0 1 0 0 0 3 0 1 0 0
3177 0 9 0 0 2 0 7 0 0 4 3 0 3 1 1 1 0 1 0 0 1 0 2 2 1 5 0 0 1 0 1 1 2 0 1 1 0 1 0 1 0 0 0 0 0 0 0 0 0 0 0 0 0 0 0 0 0 0 0 1 1 0 0 0 0 1 0 1 1 0 0 0 0 0 0 0 1 0 1 0 0 2 1 1 0 0 2 0 1 0 0 0 0 0 0 0 6 0 0 0 0 0 0 0 1 0 0 0 3 0 0 0 0 0 0 0 0 0 0 1 0 0 0 0 0 0 0 1 0 2 0 0 0 0 7 0 0 0 0 0 0 0 4 0 0 0 0 3 0 3 0 0 0 5 0 0 0 2 0 0 0 0 0 0 0 0 0 0 1 0 0 1 0 1 0 0 0 0 1 0 0 0 0 0 2 0 0 0 0 0 0 0 1 1 0 0 1 0 0 0 0 0 0 1 0 0 0 0 0 0 0 0 1 0 0 0 1 1 0 0 0 0 0 0 0 0 0 2 0 1 0 0 1 1 1 0 0 0 0
995 3 6 11 3 5 0 4 0 2 5 9 0 2 3 0 0 5 2 1 0 7 8 1 0 7 6 3 0 1 1 6 0 5 3 0 4 1 16 0 0 1 0 0 0 0 1 9 0 5 1 0 0 0 0 0 0 5 3 1 8 1 3 2 0 1 1 0 0 2 6 0 4 0 5 2 2 3 5 0 6 0 1 2 0 0 1 16 0 8 5 1 0 4 0 1 1 8 0 0 0 0 1 0 0 1 0 1 0 4 0 3 1 1 0 0 0 1 1 1 1 0 10 1 0 1 2 0 8 2 0 6 0 1 4 11 1 12 1 0 0 2 4 3 0 7 6 0 9 2 14 5 3 8 3 1 0 0 1 0 0 1 5 0 1 0 0 0 3 4 0 0 9 1 2 0 3 0 8 6 0 0 0 4 4 4 0 1 2 9 1 0 0 1 0 9 0 3 0 3 1 0 0 0 2 1 0 2 1 4 1 1 3 6 0 0 7 1 1 1 1 0 0 0 1 1 0 0 3 1 3 1 0 2 0 11 1 1 0 4
348 1 2 12 4 1 0 2 0 4 10 7 1 0 2 0 0 4 4 1 0 6 15 2 0 7 2 5 0 1 2 11 0 13 5 0 3 1 7 0 0 1 0 0 0 0 0 14 0 2 1 1 0 0 2 0 0 1 4 1 0 1 2 3 0 1 1 0 1 4 5 0 7 0 5 2 0 2 2 1 6 0 3 1 0 1 1 13 0 12 7 0 0 2 1 1 3 7 0 1 0 0 1 0 1 2 0 1 3 6 4 1 1 1 0 0 1 2 2 1 0 0 4 2 0 0 2 0 17 0 0 5 1 1 1 17 0 23 4 0 0 6 1 4 0 5 2 0 11 1 9 6 4 3 1 3 0 0 0 1 0 0 3 1 2 0 0 0 3 4 1 0 12 1 3 3 2 0 9 2 0 2 0 2 2 1 0 0 2 9 2 1 0 1 0 6 0 3 0 2 1 0 1 1 7 1 0 1 1 1 1 3 3 3 0 0 4 1 5 1 0 0 0 1 4 0 0 0 5 0 4 0 0 1 0 7 1 1 0 5
385 0 3 14 1 0 0 2 0 6 4 7 0 0 1 0 4 2 1 4 0 13 18 0 0 17 3 3 0 1 1 17 0 7 8 0 1 1 4 1 0 1 0 0 0 0 0 10 0 3 2 0 0 0 0 0 0 1 4 1 1 4 3 2 0 2 0 0 0 0 5 0 11 0 4 3 0 0 2 0 15 0 2 2 1 0 2 11 1 9 7 0 0 2 0 1 1 4 0 0 0 0 1 0 0 1 0 1 0 8 3 1 1 0 0 0 0 3 1 1 0 0 2 1 0 0 4 0 13 0 1 2 2 0 2 11 1 13 1 0 0 4 2 0 0 6 1 0 9 1 5 11 3 3 2 4 0 0 0 0 2 0 3 0 1 0 0 0 3 10 0 0 9 0 1 0 2 0 4 3 0 1 0 2 3 4 0 0 1 14 1 0 0 1 0 7 0 4 0 1 0 0 0 1 4 1 0 0 0 1 1 2 2 4 1 0 5 1 1 1 1 0 0 0 3 0 0 0 5 0 2 1 0 1 1 6 1 1 0 5
339 1 3 15 2 1 0 2 0 8 7 7 0 0 2 0 1 3 3 1 0 8 16 0 0 10 2 4 0 2 1 12 0 6 7 2 1 1 10 3 1 1 0 0 0 0 0 10 0 4 3 0 0 0 0 0 1 2 3 1 0 1 2 2 0 3 1 0 0 3 4 1 4 0 1 4 0 0 3 0 7 0 1 1 1 0 0 9 0 9 9 0 0 1 0 2 3 3 0 0 0 0 2 0 0 1 0 0 0 5 6 1 1 0 0 0 0 1 1 1 1 0 9 1 0 0 1 0 5 0 0 11 4 1 6 4 0 16 5 0 0 3 2 1 0 6 1 0 10 2 12 6 2 14 2 1 0 1 1 0 2 0 4 0 1 2 0 0 3 5 0 0 14 0 2 0 1 0 4 3 0 2 0 3 3 8 1 1 1 10 1 0 0 1 0 16 0 5 0 1 1 0 0 1 6 1 0 0 2 1 1 1 4 6 0 0 8 1 1 1 0 0 0 0 1 0 0 0 3 1 2 0 0 1 0 12 1 2 0 4
3129 0 2 3 0 4 0 1 0 0 13 7 0 5 0 1 2 0 0 0 0 1 0 1 0 0 1 0 0 1 0 0 0 4 0 0 2 0 4 0 0 0 0 1 0 2 1 1 0 0 0 0 0 0 0 0 0 0 0 0 3 2 0 0 1 0 0 0 1 1 0 0 0 0 0 0 0 2 1 1 0 0 0 0 3 0 0 3 0 0 0 0 0 1 0 1 0 8 0 0 0 0 0 1 0 1 0 0 0 2 0 0 0 0 0 0 0 0 0 0 1 0 0 0 0 0 0 0 5 0 2 0 0 0 1 6 0 0 0 0 1 7 0 4 0 5 0 1 4 0 1 0 0 0 7 0 0 1 2 0 0 0 0 0 1 0 0 0 0 1 0 0 2 0 2 0 1 0 0 3 0 0 0 0 0 1 0 0 0 0 0 1 0 1 1 0 0 2 0 0 0 0 0 0 1 0 0 1 0 0 1 0 0 1 0 0 0 0 1 0 0 0 0 0 0 0 0 0 2 0 1 0 0 9 0 1 0 0 0 0
620 3 2 5 0 0 0 2 0 0 6 3 0 4 0 2 4 1 0 0 0 2 0 2 0 3 3 0 0 0 0 0 1 0 1 0 1 0 3 0 0 0 0 1 0 1 1 1 0 1 0 0 0 0 0 0 0 0 0 1 2 0 0 0 0 0 1 1 0 0 0 0 0 0 1 0 0 3 4 1 0 0 1 0 1 0 0 2 0 2 0 0 0 0 0 1 1 1 0 0 0 0 0 0 0 3 0 0 0 1 0 0 0 0 0 0 0 0 0 0 0 0 1 0 0 1 0 0 3 0 1 0 0 0 1 2 0 0 0 0 1 0 2 0 1 4 0 0 1 0 0 0 0 1 0 0 0 0 4 0 0 1 1 0 1 0 0 0 0 0 0 1 3 0 1 1 0 0 0 2 0 0 0 0 0 0 0 0 0 0 0 0 0 0 2 2 0 0 0 0 0 0 0 0 1 0 0 1 0 0 0 0 0 0 1 0 0 0 0 0 0 0 0 0 1 0 0 0 0 0 0 0 0 9 0 3 0 0 0 0
674 0 0 3 0 0 0 2 1 1 2 6 0 9 1 0 1 0 0 3 1 0 1 2 8 5 2 1 0 0 0 3 0 0 2 0 0 0 6 0 0 0 0 0 1 0 1 0 0 1 0 0 0 0 0 0 1 0 1 1 10 0 1 0 1 0 0 0 0 1 0 0 4 0 0 1 0 0 0 0 4 0 0 0 1 0 0 1 0 5 7 0 0 0 0 1 0 4 0 0 2 0 0 0 1 2 0 0 5 2 1 0 0 0 0 0 0 0 1 0 1 1 2 0 0 0 0 0 5 0 1 0 1 0 2 3 0 0 1 0 0 3 0 2 0 6 3 0 4 0 4 5 1 1 2 1 0 0 2 0 0 0 7 0 0 0 0 0 0 5 0 0 4 0 0 0 0 0 0 5 1 0 0 1 1 3 0 0 0 2 0 0 0 0 1 5 0 1 0 0 0 1 0 0 0 2 0 0 0 0 0 0 2 4 0 0 0 0 0 0 0 0 0 0 0 0 0 0 2 0 0 2 3 8 0 3 0 1 0 0
602 0 2 3 0 0 1 1 0 5 3 4 0 4 0 0 0 1 2 1 0 3 0 1 0 3 2 1 0 2 0 2 0 0 5 0 0 0 3 0 0 0 0 0 0 0 1 4 0 2 1 0 1 0 1 0 3 0 0 1 4 0 0 1 2 0 0 0 0 0 2 0 1 0 3 0 0 0 1 0 3 0 0 0 1 1 0 11 1 7 3 5 0 0 0 2 0 4 1 0 0 0 2 0 0 2 0 0 0 0 3 0 0 0 0 0 0 0 2 0 0 0 4 1 0 0 0 0 6 0 1 2 2 0 0 7 1 3 3 0 0 3 6 2 0 10 5 0 1 1 15 2 1 1 3 0 1 1 3 0 0 0 12 0 1 1 0 0 1 1 0 0 6 2 0 2 0 0 1 2 0 0 0 0 0 5 0 0 0 3 0 0 0 1 1 3 0 2 0 0 0 0 0 1 0 0 0 0 0 0 0 0 1 11 0 0 1 0 1 0 2 0 0 0 0 0 0 0 2 2 1 1 0 8 1 15 0 2 2 3
1600 0 4 21 1 0 0 0 1 13 5 12 4 0 2 1 3 3 3 8 0 13 18 1 0 16 2 6 1 0 0 16 0 5 10 0 0 3 18 1 0 0 0 1 0 2 1 17 0 7 2 0 0 0 1 0 1 0 4 3 4 1 5 3 2 1 1 0 0 9 6 0 21 1 9 5 3 0 1 0 25 2 1 1 1 0 0 12 0 20 16 1 0 1 1 0 4 8 1 0 0 0 1 0 0 0 0 0 1 6 14 0 1 0 0 0 0 1 7 0 0 0 9 1 0 1 0 0 13 1 0 7 11 0 8 8 0 9 20 0 1 8 1 0 0 14 4 0 14 4 14 15 2 6 0 1 0 1 1 0 0 2 3 0 2 1 0 0 0 8 0 3 15 0 1 0 0 0 11 4 0 0 0 3 1 9 0 0 1 14 1 0 1 3 0 5 0 2 0 1 0 0 0 0 7 0 0 1 0 0 1 2 6 4 0 0 1 3 6 0 0 0 0 0 6 0 0 0 1 0 2 2 0 1 0 7 0 2 0 8
447 0 3 9 1 0 0 0 2 14 0 6 5 0 3 1 0 4 0 5 0 4 9 0 0 8 2 1 1 0 0 6 0 4 5 0 1 1 14 1 0 0 0 0 0 1 0 2 0 2 0 0 0 0 0 0 1 2 1 1 1 0 2 0 1 1 1 0 0 4 2 0 12 0 1 5 1 0 1 0 12 2 0 1 0 0 0 14 0 14 12 0 0 0 0 0 4 1 0 0 0 0 0 0 0 1 0 0 0 3 8 0 2 0 0 0 0 1 8 0 0 0 10 1 0 2 0 0 6 1 0 5 8 0 1 4 1 3 11 0 0 0 1 0 0 6 3 0 4 2 9 19 1 8 0 1 0 0 0 1 0 0 7 0 1 1 0 0 1 11 0 3 11 0 0 0 1 0 2 4 1 0 0 3 0 4 0 0 2 18 0 0 0 3 0 8 0 1 0 2 0 0 1 1 0 1 0 1 1 0 0 1 2 2 0 0 3 2 1 0 0 2 0 0 6 0 0 0 0 0 0 0 0 1 1 7 0 1 0 2
350 0 4 11 1 0 0 1 1 14 2 7 2 0 5 0 2 0 1 3 0 5 10 0 0 11 3 3 1 1 0 6 0 4 6 0 0 1 14 0 0 0 0 0 0 1 1 4 0 6 0 0 1 0 0 0 2 0 1 1 9 0 2 3 4 1 1 0 1 5 2 0 11 1 2 5 0 0 0 0 11 2 1 1 0 0 0 9 0 21 7 3 0 1 0 0 3 1 0 0 0 0 0 0 0 4 0 0 1 5 8 0 1 0 1 0 0 0 6 0 0 0 6 1 0 0 0 0 7 1 0 5 7 0 7 6 0 3 12 0 1 2 5 0 0 14 7 0 7 7 18 10 3 11 0 2 0 0 0 1 0 0 8 0 2 1 1 0 1 6 0 3 11 4 0 0 0 0 5 5 0 0 0 4 5 6 1 1 1 8 1 1 0 3 0 12 0 1 0 0 0 0 0 2 1 1 0 1 0 0 0 2 1 9 0 1 4 3 1 0 0 0 0 0 5 0 0 0 2 1 1 2 0 0 0 14 0 1 1 4
690 1 1 8 1 0 0 0 1 13 4 5 3 1 3 0 2 7 2 4 0 5 6 0 0 3 3 4 1 1 0 4 0 4 5 1 1 1 17 0 0 0 0 0 0 2 0 2 1 8 0 0 0 0 0 0 1 3 3 2 2 0 0 0 2 0 0 0 1 6 3 2 7 0 1 3 2 0 1 2 8 2 0 1 0 0 0 10 0 9 7 0 0 1 0 0 3 1 0 1 0 0 1 0 0 0 0 0 0 1 3 0 1 0 1 0 0 0 6 0 0 0 6 1 0 0 1 0 8 2 0 12 4 0 3 7 0 4 7 0 0 0 1 3 0 16 9 0 3 2 14 10 4 2 3 0 0 1 0 1 0 1 11 0 2 2 0 0 0 2 0 3 6 0 1 1 0 0 2 6 0 0 0 3 1 5 3 0 6 8 0 0 0 3 0 5 0 1 0 0 0 0 1 0 2 0 0 4 1 1 0 0 1 5 0 0 5 3 1 0 0 0 0 1 5 0 0 0 3 0 2 2 0 0 0 6 0 1 1 2
395 0 0 5 0 0 0 0 1 17 1 3 3 0 3 0 0 6 0 5 0 4 5 0 0 2 3 2 1 0 0 2 0 3 1 1 0 1 18 2 1 0 0 0 0 2 0 1 1 4 0 1 0 0 0 0 1 1 4 3 2 0 1 0 4 1 1 0 0 4 3 0 14 0 1 5 1 0 0 0 7 3 0 0 0 0 0 11 0 15 12 1 0 1 0 2 2 1 0 0 0 0 0 0 0 0 0 0 0 3 3 0 1 0 3 0 0 0 6 0 0 0 9 1 0 0 0 0 3 1 0 8 7 0 3 0 0 1 14 0 3 1 4 0 1 11 6 0 2 1 15 14 1 7 0 1 0 1 0 1 0 0 7 0 3 1 0 0 1 3 0 3 3 2 0 0 0 0 2 4 0 2 0 6 0 2 2 0 2 10 2 1 1 4 0 6 0 2 0 0 0 0 0 0 0 1 0 1 0 2 1 0 0 7 0 0 3 5 2 0 0 0 0 0 6 0 0 0 2 0 0 2 0 0 0 17 0 1 0 4
520 0 0 4 0 0 0 0 1 14 1 2 2 2 3 0 1 2 0 2 0 4 4 0 0 4 2 2 2 0 0 2 0 2 1 1 0 4 20 1 0 0 0 0 0 2 0 0 1 3 0 0 0 0 0 0 1 1 1 0 2 0 0 0 1 1 0 0 0 4 2 0 14 0 2 6 2 0 0 0 7 2 1 0 0 0 0 11 0 12 10 0 1 1 0 0 4 0 0 0 1 1 0 0 0 0 0 0 2 2 2 0 2 0 1 0 0 0 6 0 0 0 10 1 0 1 0 0 5 1 0 6 4 0 0 3 1 1 7 0 0 0 1 0 0 14 6 0 3 1 16 14 2 6 0 1 0 0 0 1 0 2 7 0 2 1 0 0 0 2 0 3 5 0 0 0 0 0 0 4 0 0 0 4 0 4 1 0 2 11 0 0 0 4 0 3 0 3 0 0 0 0 0 0 0 0 0 1 0 1 0 0 1 3 0 0 4 3 0 0 0 0 0 0 6 0 0 0 1 0 0 1 0 1 0 8 0 1 1 3
350 0 0 6 0 0 0 0 1 13 0 2 2 0 5 0 1 2 1 4 0 3 8 0 1 6 2 1 2 0 0 7 0 5 2 1 1 2 20 1 0 0 0 0 1 1 0 7 1 5 1 0 0 0 0 0 2 1 1 2 6 1 2 0 5 0 0 0 0 4 2 0 15 2 0 7 2 0 0 0 12 2 0 0 0 0 0 17 0 16 13 0 0 0 0 0 3 1 0 0 0 2 0 0 2 2 0 1 2 2 6 0 1 0 2 0 0 0 8 0 0 0 10 1 0 1 0 0 5 1 0 11 6 0 7 0 2 5 11 0 0 0 6 0 0 15 9 0 3 1 25 14 0 11 2 1 0 0 0 1 0 0 12 0 2 1 0 0 0 4 0 1 3 1 0 0 0 0 1 12 0 0 0 3 5 6 1 1 2 10 0 1 0 3 0 14 0 1 0 0 0 0 1 1 4 1 0 1 0 1 0 0 0 10 0 0 8 3 0 0 2 0 0 0 5 0 0 0 2 0 1 3 0 0 0 12 0 1 0 3
397 0 4 7 0 1 0 0 1 11 3 3 2 0 5 0 2 2 0 2 0 5 7 0 0 9 7 1 1 2 0 4 0 2 4 1 0 1 16 0 0 0 0 0 0 2 0 4 1 3 4 0 0 0 0 0 4 1 2 2 7 1 3 1 2 1 4 0 0 4 3 0 11 1 4 4 1 0 0 0 6 2 1 0 0 0 0 8 1 14 7 0 0 0 0 0 2 5 0 0 0 0 0 0 1 4 0 0 0 2 6 0 1 0 1 0 0 0 7 0 0 0 5 1 0 0 1 0 11 1 0 6 1 0 0 3 1 5 6 0 0 2 2 0 0 14 9 0 6 2 10 8 1 4 1 1 0 0 0 0 0 0 5 0 3 1 0 1 2 2 0 2 8 0 0 0 1 0 3 3 0 0 0 3 0 4 1 1 2 8 0 0 0 4 0 7 0 3 0 0 0 0 0 1 2 0 0 1 0 0 1 1 6 3 0 0 4 3 2 0 1 0 0 0 4 0 0 0 1 3 2 2 0 0 0 6 0 1 0 3
423 2 4 6 1 3 0 0 1 9 2 17 2 0 2 0 3 9 1 2 0 8 12 0 0 14 3 1 1 2 0 4 0 4 7 2 0 1 10 0 0 0 0 0 0 2 0 7 1 3 3 1 0 0 1 0 1 0 2 0 1 0 4 0 2 0 0 0 0 7 2 1 9 0 3 3 1 1 4 1 5 2 0 3 1 0 1 6 0 9 4 0 0 4 0 0 2 12 0 0 0 0 0 0 0 0 0 1 0 3 3 6 1 0 1 0 0 0 7 0 1 0 2 1 0 0 0 0 19 1 0 6 3 1 1 5 1 4 8 0 0 3 0 2 0 13 7 0 3 1 8 8 5 3 4 0 0 1 0 0 0 0 5 1 2 2 0 0 1 3 0 2 11 1 3 1 0 0 5 7 0 0 0 3 1 2 1 0 2 10 0 0 0 3 0 2 0 1 0 0 0 0 0 1 5 0 0 1 0 0 1 0 2 3 0 0 4 3 2 1 0 0 0 2 4 0 0 0 4 0 2 1 0 0 0 4 0 1 0 2
216 0 4 4 0 1 0 0 1 5 4 8 0 0 2 0 0 2 0 1 0 3 6 1 0 7 0 1 2 1 0 1 0 5 3 2 0 1 6 0 0 0 0 0 0 0 0 4 1 3 0 0 0 0 0 0 0 0 0 0 1 2 2 0 1 0 0 0 0 4 2 1 3 0 1 1 0 0 1 1 2 0 0 3 0 0 0 3 0 3 1 1 0 2 0 0 1 2 0 0 0 0 0 0 0 0 0 2 0 1 0 2 0 0 1 0 0 0 1 0 1 0 2 0 0 0 0 0 11 0 0 4 1 1 1 1 1 2 4 0 0 1 1 1 0 7 5 0 1 0 4 7 1 2 0 0 0 0 0 0 0 0 3 1 4 0 0 0 0 2 0 2 3 1 1 0 0 0 4 6 0 0 0 2 1 1 1 0 2 6 0 0 0 2 0 2 0 0 0 0 0 0 0 1 2 0 0 1 0 0 1 0 0 1 0 0 2 2 0 1 0 0 0 0 3 0 0 0 3 0 0 0 0 0 0 0 0 1 0 1
474 0 2 9 1 0 0 0 1 16 0 3 2 2 3 0 2 2 1 4 0 4 9 0 0 6 3 5 1 1 0 2 0 4 3 1 0 1 17 1 0 0 0 0 0 2 0 2 1 4 1 0 0 0 0 0 2 0 1 1 1 0 2 1 2 0 0 0 0 6 3 0 7 0 3 3 1 0 0 0 14 2 1 0 0 0 0 10 0 17 7 0 0 0 0 0 2 5 1 0 0 0 0 0 0 1 0 1 0 5 4 0 1 0 1 0 1 0 7 0 0 0 4 1 0 0 0 1 4 1 0 7 3 0 2 0 1 2 7 0 1 2 4 0 0 15 7 0 2 3 19 12 3 3 0 8 0 0 0 0 0 1 6 1 4 1 0 0 1 1 0 2 8 0 0 0 0 0 3 4 0 1 0 4 2 3 0 0 2 11 0 0 0 3 0 11 0 2 1 1 0 0 0 1 0 0 0 2 0 0 0 0 3 8 0 0 3 3 0 0 0 0 0 0 6 1 0 0 1 0 2 2 0 0 0 12 0 1 0 3
482 0 0 9 1 0 0 0 1 8 0 4 2 0 4 0 1 1 1 2 0 4 6 0 0 9 4 2 1 1 0 3 0 8 5 1 0 1 15 1 0 0 0 0 0 2 0 5 1 8 0 0 0 0 0 0 1 0 1 3 8 0 1 0 1 0 0 0 0 5 4 0 6 0 3 4 1 0 3 0 8 2 1 0 0 0 0 8 0 14 4 0 0 1 0 0 2 3 0 0 0 1 1 0 0 0 0 0 1 1 3 0 1 0 1 0 0 1 7 0 2 0 8 3 0 0 1 0 10 1 0 8 1 0 1 3 2 7 5 0 0 0 1 0 0 17 8 0 1 1 12 7 1 4 2 0 0 0 0 0 0 0 11 0 2 2 0 0 0 2 0 2 10 0 0 1 0 0 3 4 1 0 0 4 0 5 0 0 2 6 0 0 0 3 0 5 0 2 0 0 0 0 0 3 2 0 1 1 0 0 0 1 1 3 0 0 2 4 0 0 1 0 0 0 5 0 0 1 1 0 2 3 0 0 0 11 0 1 0 2
171 0 2 5 0 0 0 0 1 3 0 2 0 0 2 0 0 2 0 1 0 2 4 0 0 2 1 0 0 0 0 2 0 5 3 1 0 0 5 0 0 0 0 0 0 0 0 1 1 2 1 0 0 0 0 0 0 0 0 1 5 0 3 0 1 0 0 0 0 3 0 0 2 0 3 2 0 0 1 0 4 0 1 0 0 0 0 3 0 7 2 0 0 0 0 0 2 2 0 0 0 1 0 0 0 0 0 0 1 1 2 0 0 0 1 0 0 0 2 0 1 0 4 1 0 0 0 0 6 0 0 3 0 0 0 1 1 1 2 0 0 0 1 1 0 5 2 0 3 0 4 2 0 2 1 0 0 0 0 0 0 0 1 0 2 1 0 0 0 1 0 1 2 0 0 0 0 0 2 2 0 0 0 3 0 1 0 0 2 1 0 0 0 2 0 3 0 1 0 0 0 0 0 0 3 0 0 1 0 0 0 1 1 0 0 0 0 2 0 0 1 0 0 0 2 0 0 1 1 0 0 0 0 0 0 2 0 1 0 1
1723 0 3 13 1 0 0 0 0 14 5 12 0 0 0 0 4 9 1 0 1 18 14 1 0 20 2 5 0 1 0 12 0 5 10 0 1 0 14 0 0 0 0 1 0 0 0 17 0 1 1 0 0 0 0 0 3 0 2 1 3 1 1 3 1 1 1 0 0 1 3 0 4 0 8 1 0 0 0 0 13 1 0 0 1 0 1 15 0 15 4 0 0 0 0 0 1 11 0 1 0 0 0 0 0 0 0 1 1 3 10 0 0 0 0 0 0 2 5 1 1 0 11 2 0 0 1 0 13 0 0 3 8 0 3 17 1 10 4 0 0 4 4 3 0 14 2 0 6 6 21 4 6 13 1 1 0 1 1 0 0 0 12 0 1 0 1 0 1 6 0 0 14 0 2 1 0 1 10 10 0 1 0 1 0 8 0 1 0 6 0 0 0 0 0 12 0 4 0 4 0 0 0 4 5 0 0 0 0 0 0 5 14 9 0 0 1 0 5 0 0 0 0 0 0 0 0 0 2 0 4 1 0 1 0 13 0 0 2 0
367 0 0 11 2 2 0 3 0 4 4 17 0 1 1 2 2 5 2 1 0 8 10 0 2 14 8 2 1 0 0 19 1 1 9 0 1 0 11 1 0 0 0 0 0 0 0 12 2 5 2 0 0 0 0 0 2 0 4 0 2 1 6 2 0 1 1 0 1 1 2 0 2 1 8 4 0 0 3 2 9 0 1 2 2 0 1 11 0 10 4 0 0 1 0 0 1 6 0 2 0 0 0 0 1 0 0 0 0 3 5 3 0 0 0 0 0 1 1 2 0 0 7 0 1 0 1 0 11 0 0 2 7 1 7 19 0 10 1 0 0 2 2 3 0 12 6 0 5 6 13 3 3 8 3 3 0 2 2 0 0 0 13 0 1 0 1 0 0 5 0 0 16 1 0 3 0 1 5 6 0 2 0 1 0 10 3 0 2 4 0 0 0 0 0 6 0 0 0 1 0 0 0 2 2 1 1 1 0 0 0 3 6 5 0 0 1 1 3 0 0 1 0 0 1 1 0 0 2 0 2 1 0 2 0 9 0 1 0 1
340 0 3 7 0 1 0 0 2 14 4 9 1 1 0 1 3 7 4 2 0 13 6 1 1 5 1 3 0 0 0 10 0 1 5 0 0 0 15 2 0 0 0 0 0 0 0 16 0 4 2 0 0 0 1 0 1 0 3 0 4 1 3 2 3 0 1 0 0 1 2 0 14 0 7 4 0 0 0 0 9 1 0 0 0 0 1 13 0 13 6 0 0 0 0 0 1 5 0 1 0 0 0 0 1 0 0 0 0 3 1 0 0 0 0 0 0 1 3 1 0 0 9 0 0 1 1 0 8 0 0 1 9 0 2 14 1 9 7 0 1 3 4 2 0 5 2 0 3 2 10 11 6 7 3 3 0 0 0 1 0 0 6 0 2 0 2 1 0 9 0 0 10 2 0 1 0 1 4 4 0 1 0 3 2 5 0 0 0 13 0 1 0 0 0 9 0 1 0 1 0 0 1 1 1 2 0 0 0 0 0 2 6 8 0 0 1 2 4 2 0 0 0 0 1 0 0 0 0 0 2 2 0 0 0 10 0 0 1 0
425 1 1 7 0 0 1 1 0 3 4 14 1 0 3 0 4 5 1 1 0 12 10 0 0 8 1 2 0 0 0 9 0 2 8 0 0 0 10 0 0 0 0 0 0 0 0 10 0 1 2 1 0 0 0 0 2 0 2 1 3 1 2 3 0 0 2 0 0 0 1 0 3 0 10 3 1 0 1 0 2 0 0 0 0 0 1 11 1 5 3 1 0 0 0 0 1 5 0 1 0 0 0 0 1 2 0 1 0 2 1 0 0 0 1 0 0 1 3 0 0 0 8 0 0 0 1 0 8 0 0 1 9 0 4 14 1 4 1 0 0 7 2 2 0 6 3 0 4 1 11 3 2 6 0 1 0 0 0 0 0 0 8 1 1 0 1 1 2 7 0 1 11 1 0 1 0 1 3 7 0 1 0 4 5 10 0 0 0 6 0 1 0 0 0 6 0 0 0 1 0 0 1 1 1 1 0 0 0 0 0 3 6 7 0 0 3 1 3 0 0 0 0 0 0 1 0 0 2 1 1 2 0 0 0 10 0 1 0 0
3106 3 4 1 0 4 0 1 0 0 10 7 0 6 1 1 1 1 0 0 0 2 1 3 3 0 3 0 0 1 0 1 0 9 0 0 4 0 0 0 0 0 0 0 1 4 0 1 0 0 0 0 0 0 0 0 0 0 1 0 6 1 1 0 0 0 3 0 0 0 0 0 0 0 0 0 0 6 1 4 1 0 5 0 2 0 0 3 0 0 0 0 0 0 0 0 0 8 0 0 0 0 0 1 0 0 0 0 1 1 0 0 0 0 0 0 1 0 0 0 1 0 0 0 0 0 0 0 7 0 0 1 0 0 2 11 0 0 0 0 2 4 0 4 0 5 0 1 4 0 1 0 0 0 7 0 0 0 2 0 1 1 0 0 1 0 0 0 0 0 0 0 3 0 0 0 0 0 0 4 0 0 0 0 0 0 0 0 0 0 0 0 0 1 0 0 0 2 0 0 0 0 0 0 3 0 0 0 0 0 0 0 0 1 0 0 0 0 0 0 0 0 0 0 0 0 0 0 0 0 0 0 0 6 0 0 0 0 0 0
605 0 5 4 1 2 0 1 1 1 5 3 0 2 0 0 1 2 1 0 0 7 6 2 1 9 1 1 0 1 0 12 0 2 1 0 1 0 4 1 0 0 0 0 0 0 0 6 0 1 0 0 0 0 0 0 0 0 2 0 1 2 1 1 4 0 12 0 0 1 0 0 1 0 1 1 0 0 0 3 2 0 0 0 2 0 0 0 1 0 0 0 0 1 0 0 2 2 0 1 0 0 0 0 0 0 0 2 0 1 3 1 0 1 0 0 0 2 1 2 1 0 2 0 0 1 0 0 6 1 0 1 2 0 0 5 0 3 0 0 0 3 1 2 0 6 2 0 2 1 4 0 0 2 2 1 0 0 0 1 1 1 1 0 1 1 0 0 0 0 0 0 11 0 0 0 0 0 2 1 0 3 0 0 0 2 0 0 0 1 1 1 0 0 0 0 0 1 0 0 1 0 1 0 1 0 0 0 0 0 0 2 3 1 0 0 0 0 1 1 0 0 0 0 2 0 0 0 0 0 0 2 0 4 0 0 0 0 0 0
820 3 1 1 0 2 0 0 0 0 1 5 0 4 1 0 0 1 1 1 0 1 1 3 2 0 4 0 0 0 0 2 1 3 1 1 6 0 2 0 0 0 0 0 1 3 0 2 0 1 0 0 0 0 0 0 0 0 1 0 1 0 0 0 0 0 2 0 0 0 0 1 0 0 0 0 0 1 2 4 0 0 0 1 2 0 0 3 0 1 0 1 0 2 0 0 0 3 1 0 0 0 0 0 0 1 0 0 1 0 2 0 0 0 0 0 0 0 0 0 0 0 0 0 0 0 0 0 10 0 0 3 0 0 2 8 0 1 0 0 1 0 0 3 0 3 0 0 1 0 1 0 0 0 4 0 0 1 1 0 0 0 1 0 0 0 0 0 0 0 0 0 3 0 1 0 0 1 0 0 0 0 0 0 0 0 0 0 0 1 0 0 0 0 0 0 0 0 0 0 0 0 0 0 1 0 0 1 0 0 0 1 0 0 0 0 0 0 0 0 0 0 0 0 0 0 0 0 1 0 0 0 0 5 0 1 0 0 0 1
675 1 0 11 1 0 1 0 0 0 1 7 1 3 1 0 0 1 3 0 0 4 7 1 1 2 4 0 0 1 0 3 0 0 5 0 4 0 7 0 0 0 0 1 0 1 0 2 0 1 0 0 0 0 0 0 0 0 2 1 4 0 1 0 1 0 0 0 0 0 0 1 1 0 4 0 1 3 2 3 0 0 0 3 0 0 3 3 0 0 2 0 0 2 0 0 0 4 0 0 0 0 0 0 0 1 0 0 1 0 2 3 0 0 0 0 0 1 0 0 1 0 1 0 0 1 2 0 10 0 0 1 0 1 3 2 2 0 0 0 1 3 0 0 1 9 3 0 1 3 3 1 1 0 0 0 0 2 3 0 0 2 4 0 0 0 0 2 1 0 0 1 12 0 0 3 0 0 0 1 0 0 0 0 1 2 0 0 1 0 0 0 0 0 0 2 0 1 0 0 0 0 1 0 0 0 0 2 1 1 0 0 1 1 0 0 1 0 1 0 0 1 0 2 0 0 0 0 3 0 1 0 0 4 0 2 0 0 0 1
701 2 1 5 3 0 0 0 0 1 1 7 0 2 0 0 0 1 1 2 0 4 6 1 1 0 4 0 0 1 0 6 1 0 3 1 4 0 5 0 0 0 0 1 0 2 0 1 0 0 0 0 0 0 0 0 0 0 1 0 3 0 3 1 0 1 1 0 1 3 0 0 0 0 1 1 1 2 1 3 0 1 0 2 0 1 1 7 0 0 0 0 0 0 0 0 0 3 0 1 0 0 0 0 0 0 0 0 0 0 5 0 0 1 0 0 0 0 1 0 0 0 2 0 0 2 0 1 2 1 0 2 1 0 2 4 1 1 1 0 1 2 0 0 0 11 0 0 2 1 4 1 1 3 1 0 0 0 2 0 0 0 4 0 0 0 1 0 0 0 0 0 3 0 2 1 0 0 0 2 0 0 0 0 1 3 0 0 0 1 0 0 0 0 0 3 0 2 0 1 0 0 0 1 1 0 1 0 0 0 0 0 3 2 0 0 0 0 1 1 0 0 0 1 1 1 0 0 0 0 1 0 0 4 0 3 0 0 1 1
3140 0 8 1 1 0 0 3 0 0 11 6 2 5 0 3 1 1 0 0 0 1 0 1 1 1 2 0 0 0 0 1 0 5 0 0 2 0 2 1 0 0 0 0 0 1 0 2 0 0 0 0 0 0 0 0 0 0 0 0 2 2 3 0 1 0 2 0 0 0 0 0 0 0 0 0 0 2 0 1 0 0 0 0 2 0 0 3 0 0 0 0 0 0 0 0 0 5 0 0 0 0 0 0 0 0 0 0 0 1 0 0 0 0 0 0 0 0 0 0 2 0 0 0 0 0 0 0 2 0 1 1 0 0 1 8 1 1 0 0 1 1 0 6 0 2 0 0 7 0 0 1 0 0 10 0 0 0 2 0 1 0 0 0 2 0 0 1 0 1 0 0 1 0 2 0 1 0 0 1 0 0 0 0 0 1 0 0 0 0 0 0 0 0 1 2 0 2 0 0 0 0 0 0 1 0 0 0 0 0 0 0 0 1 0 0 0 1 0 0 0 0 0 0 0 0 0 0 1 0 0 0 0 7 0 0 0 0 0 0
639 0 2 4 0 0 0 2 0 2 1 1 0 3 1 0 2 1 1 2 0 3 4 2 1 0 0 1 0 0 0 1 0 1 2 0 1 0 11 0 0 0 0 0 1 1 0 3 0 1 1 1 0 0 0 0 2 0 1 0 3 1 0 0 4 0 0 0 0 1 0 0 1 0 0 1 0 1 0 2 7 1 1 0 0 0 0 9 0 3 0 0 0 0 1 1 1 2 1 0 0 0 0 0 0 2 0 0 1 2 0 0 0 0 1 0 0 0 0 0 1 0 3 1 0 4 0 0 3 0 0 2 1 0 0 3 1 4 6 0 1 0 0 3 0 8 3 0 3 0 11 0 2 5 4 0 0 0 0 0 0 0 8 1 0 0 0 0 1 2 1 0 3 0 0 0 1 0 3 1 0 0 0 0 5 1 0 2 0 4 0 0 0 0 0 3 0 0 0 0 1 0 0 0 0 0 0 0 0 0 0 0 4 6 0 0 0 1 1 0 1 0 0 0 0 0 0 0 0 0 0 1 1 4 0 0 0 1 1 2
590 0 1 6 1 0 0 1 0 0 1 2 0 2 0 0 1 7 7 0 0 1 4 1 1 5 0 0 0 1 0 4 0 3 3 0 0 0 1 0 0 0 0 0 0 0 0 8 0 0 1 0 0 0 0 0 0 0 2 0 1 0 2 0 2 0 0 0 0 3 2 0 0 0 0 1 0 1 0 1 0 0 1 1 0 0 0 5 0 5 0 0 0 2 1 0 0 10 0 0 0 0 0 0 0 0 0 0 0 1 4 0 0 0 0 0 0 0 0 0 2 0 2 0 0 0 0 0 4 0 0 0 0 0 0 10 0 2 1 1 0 1 0 1 0 0 0 0 3 0 0 0 0 2 2 1 0 1 0 0 0 0 3 0 0 0 0 0 1 0 0 0 3 0 0 1 1 0 4 1 0 1 0 0 3 0 0 0 0 0 0 0 0 0 0 1 0 1 0 1 0 0 0 2 2 0 1 0 0 0 0 2 8 3 0 0 0 1 2 0 0 0 0 0 0 0 0 0 1 1 2 0 0 3 0 2 0 0 0 1
3119 3 2 0 0 1 0 3 0 0 7 5 0 5 1 5 1 1 0 1 0 2 0 1 1 0 6 0 0 0 0 0 0 3 0 0 5 0 2 0 1 0 0 1 0 0 0 2 0 0 0 0 0 0 1 0 0 0 0 0 1 1 0 0 3 0 0 0 0 1 0 0 0 0 0 1 0 2 0 3 0 0 2 0 1 0 0 6 0 0 0 0 0 0 0 0 0 9 1 0 0 0 0 3 0 0 0 0 1 6 0 0 0 0 0 0 1 1 0 0 2 0 0 0 0 0 0 0 3 0 3 0 0 0 0 6 0 0 0 0 0 1 0 3 0 3 1 0 3 0 0 3 0 0 11 0 0 0 1 0 0 1 0 0 2 1 0 0 0 0 0 1 1 0 2 0 1 0 0 3 0 0 0 0 0 1 0 0 0 1 0 3 0 2 1 0 0 3 0 0 0 0 1 0 4 0 0 0 0 0 1 0 0 0 0 0 0 0 0 1 0 0 0 0 0 0 0 0 2 0 1 0 0 5 0 0 0 0 0 0
249 0 1 2 1 1 1 0 0 3 1 2 0 1 0 2 0 0 1 0 0 1 0 1 1 0 2 0 0 1 0 1 0 0 1 0 1 0 0 0 1 0 0 0 0 0 0 1 0 0 0 0 0 0 0 0 0 0 0 0 1 0 1 0 0 0 0 0 0 0 0 0 0 1 0 3 1 0 0 0 1 0 0 0 0 0 0 0 0 0 1 0 0 1 0 0 0 2 0 0 0 0 0 0 0 0 0 0 1 0 0 0 0 0 0 0 0 0 1 0 0 0 2 0 0 0 0 0 1 0 0 0 1 0 1 0 0 3 1 0 0 1 1 0 0 0 1 0 0 0 2 0 0 2 0 0 0 0 0 0 0 0 0 0 1 1 0 1 0 0 0 0 0 1 0 0 0 0 0 0 0 0 0 0 0 1 0 0 0 1 0 1 0 0 0 0 0 1 0 1 1 0 0 0 0 0 0 1 0 2 0 0 0 0 1 0 1 1 0 0 0 0 0 1 0 0 1 0 0 2 0 0 0 3 0 1 0 0 0 0
668 1 2 0 0 1 0 2 0 0 2 0 0 5 0 1 0 1 0 0 0 2 2 2 0 2 0 0 0 0 0 1 0 3 2 0 0 0 1 0 0 0 0 0 0 0 0 0 0 0 1 0 0 1 0 0 1 0 0 0 1 0 2 1 0 1 0 0 0 0 0 0 1 0 2 0 0 1 1 1 0 0 2 0 0 0 0 0 0 1 1 0 0 1 0 0 0 3 0 0 0 0 0 0 0 1 0 0 2 2 0 0 0 0 0 0 0 0 0 0 1 0 1 0 0 0 1 0 3 0 0 0 0 0 2 5 0 4 0 0 0 2 0 1 0 1 1 0 7 0 1 0 2 1 2 1 0 3 0 0 0 1 0 0 2 0 0 0 0 0 0 0 3 0 0 0 1 0 0 1 0 0 0 0 0 1 0 1 0 1 0 0 0 0 0 2 0 0 0 0 0 0 2 0 0 0 0 0 0 0 2 0 1 0 1 0 0 0 1 0 0 0 0 0 0 1 0 0 4 0 1 0 0 0 0 1 0 1 0 0
534 1 0 9 0 0 1 1 0 4 0 3 0 5 4 0 3 2 0 4 0 4 6 1 0 8 1 0 0 0 0 8 0 2 5 0 0 0 4 1 0 0 0 0 0 0 0 2 0 12 0 0 0 0 0 0 5 1 0 4 9 0 1 0 0 1 0 0 0 0 1 0 5 1 3 0 2 1 0 2 6 0 2 0 0 0 0 11 0 12 5 2 0 1 0 0 1 4 0 0 0 0 0 0 0 0 0 0 2 2 6 0 0 0 1 0 0 0 0 0 2 0 4 0 0 0 0 0 7 0 0 0 4 0 10 7 0 2 3 0 0 2 4 1 1 9 4 0 2 0 9 5 1 8 3 3 0 0 1 1 1 1 6 0 1 0 0 0 0 2 0 1 12 0 1 0 1 0 5 7 0 1 1 2 2 5 0 0 0 6 0 0 0 0 1 4 0 0 0 0 0 0 2 1 3 0 0 0 0 3 0 0 1 7 0 1 0 0 1 0 0 0 0 0 0 0 0 0 2 0 2 3 2 0 0 12 0 0 1 0
36 0 2 3 0 0 0 0 0 0 0 1 0 0 0 0 0 0 0 2 0 1 3 0 0 5 0 0 0 0 0 2 0 1 3 0 0 0 2 0 0 0 0 0 0 0 0 0 0 3 0 0 0 0 0 0 2 0 0 3 5 1 0 0 0 1 0 0 0 1 1 0 3 0 0 1 0 0 1 0 2 0 1 0 0 0 0 4 0 3 1 0 0 0 0 0 1 1 0 0 0 0 1 0 0 0 0 1 1 2 1 0 0 0 0 0 0 0 0 0 0 0 0 0 0 0 0 0 3 0 0 0 3 0 3 2 0 1 0 0 0 0 3 0 1 3 2 0 0 0 2 3 0 2 0 1 0 0 0 0 1 0 2 0 1 0 0 0 0 1 0 0 2 0 0 0 0 0 0 2 0 0 0 1 2 1 0 0 0 4 0 0 0 0 0 1 0 0 0 0 0 0 1 0 0 0 0 0 0 0 3 0 0 2 0 0 0 0 0 0 0 0 0 0 0 0 0 0 0 0 2 0 1 0 0 2 0 0 0 0
202 0 0 5 0 0 0 0 0 0 0 1 0 1 0 1 1 0 0 2 0 1 3 1 0 2 1 0 1 0 0 3 0 2 3 0 0 0 1 0 0 0 0 0 0 0 0 0 0 3 0 0 0 0 0 0 1 0 0 2 3 0 1 0 0 0 0 0 0 1 0 0 2 0 0 1 0 1 0 0 4 0 1 0 0 0 0 5 0 4 0 0 0 0 0 0 1 1 0 0 0 0 0 0 0 0 0 0 1 2 0 0 0 0 0 0 0 0 0 0 1 0 0 0 0 0 0 0 1 0 0 0 1 0 4 2 1 0 1 0 0 1 2 0 1 3 2 0 0 0 3 3 0 3 0 1 0 0 0 1 0 0 4 0 0 0 0 0 0 1 0 0 1 0 0 0 0 0 1 2 0 0 1 0 1 0 0 0 0 3 0 0 0 0 0 1 0 0 0 0 0 0 1 0 1 0 0 0 0 1 0 0 0 1 0 0 0 0 0 0 0 0 0 0 0 0 0 0 0 0 1 1 0 0 0 2 0 0 0 1
584 1 0 3 2 0 0 1 0 6 0 1 0 8 0 1 2 1 0 2 0 2 2 3 0 0 0 0 2 0 0 4 0 0 1 0 0 1 16 0 0 0 0 0 0 0 0 0 0 8 0 0 1 0 0 0 1 2 0 3 1 0 0 0 3 0 0 0 0 3 0 1 2 0 3 3 3 1 0 2 7 0 1 0 0 0 2 16 0 1 7 0 1 0 0 0 1 5 0 0 1 0 0 0 1 0 0 0 2 1 2 1 1 1 0 0 0 1 2 0 1 1 10 2 1 0 0 0 0 2 0 2 4 0 4 3 0 1 0 0 0 1 2 1 0 19 9 0 3 0 7 4 3 4 2 0 0 0 0 0 0 1 11 0 1 1 0 0 0 4 0 2 4 0 1 0 1 0 0 6 1 0 0 2 1 6 0 0 1 7 0 1 0 0 1 4 0 1 2 1 0 0 2 1 0 0 0 2 1 0 1 0 2 4 0 0 2 1 0 0 0 1 0 1 1 0 0 0 1 0 0 1 0 1 0 6 0 0 1 1
3153 1 1 1 0 2 0 5 0 0 3 5 0 4 1 4 0 0 0 0 0 2 0 1 1 0 4 0 0 1 0 0 1 3 0 0 4 0 3 0 2 0 0 0 1 0 0 1 0 0 0 0 0 0 0 0 0 0 0 0 4 5 1 0 2 0 2 0 0 2 0 0 0 0 1 0 0 3 3 0 0 0 2 0 0 0 0 2 0 0 0 0 0 1 0 0 0 1 0 0 0 0 1 0 0 2 0 0 1 3 0 0 0 0 0 0 0 0 0 0 0 0 0 0 0 0 0 0 9 0 0 1 0 0 0 1 0 1 0 0 0 1 0 0 0 7 0 0 2 0 0 1 0 0 3 0 0 0 3 0 0 1 0 0 1 1 0 2 1 1 0 0 2 0 1 0 0 0 1 5 0 0 0 0 0 2 0 0 0 1 0 0 2 0 0 1 0 1 1 0 0 0 0 0 3 0 0 0 0 0 0 0 0 0 0 0 0 1 0 0 0 0 0 0 0 0 0 0 0 0 0 0 0 3 0 0 0 0 0 0
637 0 2 9 0 0 1 5 0 2 0 7 0 8 1 1 2 1 0 1 0 6 12 2 3 2 4 0 0 0 0 11 0 1 5 0 0 1 4 0 0 0 0 1 1 0 1 2 0 0 0 0 0 0 0 0 1 1 2 3 9 0 1 1 1 1 0 0 0 1 0 0 1 0 1 1 0 1 6 0 4 0 0 0 0 0 0 2 0 4 0 0 0 0 0 0 0 1 0 0 1 0 2 0 0 4 0 2 2 2 1 0 0 0 0 1 0 0 0 0 0 1 0 0 0 0 0 0 4 0 0 0 4 0 8 0 0 4 1 0 0 2 1 0 0 5 3 0 3 0 4 0 0 3 0 0 0 0 1 0 0 3 3 0 0 1 0 0 0 0 0 0 11 0 0 0 0 0 2 11 1 1 0 4 3 1 1 0 0 3 0 0 0 0 0 0 0 2 0 1 0 0 0 0 3 1 0 0 0 2 0 0 2 7 0 0 1 0 2 0 0 0 1 0 0 0 0 0 0 0 1 0 0 3 0 4 0 0 0 1
605 0 4 5 1 0 0 4 0 4 0 8 0 1 7 2 2 2 1 1 0 7 5 1 4 5 2 0 0 0 0 7 0 0 8 0 0 0 8 0 0 0 0 0 1 0 0 5 0 2 1 1 0 0 0 0 5 0 0 2 9 1 1 1 0 0 0 0 0 0 0 0 1 0 3 2 0 1 3 0 6 0 1 1 0 0 2 2 2 14 0 0 0 1 0 0 1 2 0 0 1 0 0 0 0 2 0 1 5 1 8 0 0 0 0 0 0 0 0 0 1 0 7 0 0 0 0 0 4 0 0 0 1 0 2 5 1 4 0 0 1 1 2 0 0 11 4 0 4 1 10 1 2 7 1 0 1 0 2 0 0 1 6 0 0 0 0 0 0 1 0 0 8 1 0 1 0 0 5 13 0 0 0 0 0 7 0 0 0 2 1 0 0 0 0 8 0 0 0 0 0 0 1 0 3 2 0 0 0 0 0 3 2 4 0 1 0 0 0 0 0 0 0 0 0 0 0 0 4 0 0 1 1 3 0 0 0 0 1 0
582 5 2 1 0 3 1 0 0 3 2 1 1 0 2 1 4 0 0 3 0 7 0 0 4 0 1 7 1 0 4 1 0 0 0 0 0 0 2 0 0 0 0 0 4 0 0 2 0 1 1 0 0 0 0 0 1 0 0 1 1 0 0 3 0 0 2 5 0 0 0 0 0 0 0 1 0 2 0 0 0 0 2 0 0 0 0 0 0 0 0 0 0 0 0 0 0 0 0 0 0 0 0 0 0 0 0 0 3 0 0 0 0 0 0 1 0 0 0 0 1 0 0 0 0 0 1 0 0 0 0 0 0 0 0 0 0 0 0 0 2 0 0 0 0 0 0 0 4 0 0 0 0 0 3 0 0 0 0 0 0 0 0 0 0 0 5 0 0 0 0 0 0 0 0 0 0 0 0 0 1 0 1 0 0 0 0 0 0 0 0 0 0 0 0 0 0 0 0 0 0 0 0 0 0 0 0 0 0 0 0 0 0 0 0 0 0 1 0 0 1 0 1 2 1 0 0 0 0 0 0 1 0 0 0 0 0 0 0 0
750 2 3 0 1 4 2 0 0 4 0 0 0 0 0 3 5 0 2 0 0 3 0 0 0 0 0 2 0 0 1 1 0 0 2 1 0 0 0 0 0 0 0 0 0 1 0 1 0 0 0 0 0 0 0 3 1 1 0 2 8 0 0 1 0 0 0 2 0 0 0 1 0 0 0 0 0 2 0 0 0 0 1 0 0 0 0 0 0 0 0 0 0 0 0 0 0 0 0 0 0 0 0 0 1 0 0 0 1 0 0 0 0 0 0 0 0 0 0 0 0 0 0 0 0 0 0 0 0 0 0 0 0 0 2 0 0 0 0 0 0 0 0 0 0 0 0 0 0 1 0 0 0 0 1 1 0 0 0 0 0 0 0 0 0 0 0 0 0 0 0 0 1 0 0 1 0 0 1 0 0 0 0 1 0 1 0 0 0 0 0 0 0 0 0 0 0 0 0 0 0 0 0 0 0 0 0 0 0 0 0 0 0 0 0 1 0 0 0 1 1 0 0 0 0 0 0 0 0 0 0 0 0 0 0 0 0 0 0 0
3133 3 5 2 0 2 3 0 0 10 0 0 3 0 1 12 6 0 3 2 0 5 0 0 1 3 3 2 0 1 1 0 0 0 4 5 1 0 1 0 0 0 0 1 2 0 0 3 0 2 1 0 0 0 0 1 2 0 1 3 6 0 0 1 2 0 0 3 1 0 0 0 0 0 0 1 0 8 0 0 0 0 5 0 3 1 0 0 0 0 0 0 0 4 0 1 0 1 0 0 0 0 0 0 4 0 0 0 0 0 0 0 0 0 0 1 0 0 0 0 0 0 0 0 0 0 1 0 1 0 0 0 0 0 7 0 0 0 0 0 0 1 0 0 1 0 0 0 0 5 0 0 1 0 0 0 0 0 0 3 0 0 0 0 0 0 2 0 0 0 0 0 0 0 0 0 0 0 3 1 0 0 0 2 0 0 0 1 0 0 0 0 0 0 0 0 0 0 0 0 0 0 0 0 0 0 0 0 0 0 0 0 0 0 0 0 0 1 0 0 0 0 0 0 0 0 0 0 0 0 0 0 0 0 0 0 0 0 0 0
562 0 4 8 1 12 4 0 0 22 4 0 0 0 3 27 0 0 2 7 0 6 2 1 0 4 2 4 14 1 0 16 0 0 8 6 0 0 0 0 0 0 0 0 5 4 0 2 0 0 1 7 0 0 0 0 2 3 5 2 0 4 0 0 0 0 3 0 1 0 0 0 1 0 0 0 5 0 0 1 0 0 2 1 10 0 0 0 0 0 0 7 1 12 0 1 0 0 0 1 1 2 0 0 5 0 1 0 0 0 0 1 0 0 0 0 0 0 0 0 11 0 0 1 0 1 0 0 0 0 0 0 0 0 0 0 3 0 3 0 0 0 0 0 6 0 0 2 0 1 0 7 1 2 0 9 0 0 0 0 0 0 1 0 0 0 0 0 0 0 0 0 5 0 1 0 0 1 1 2 1 0 0 10 0 0 1 1 2 0 0 0 1 0 0 2 3 1 1 0 0 0 2 0 0 1 0 1 0 0 1 0 0 0 0 4 0 0 0 5 0 0 0 0 1 0 2 0 0 0 0 0 0 0 0 0 0 1 0 0
213 0 0 1 2 3 2 0 0 8 1 0 0 0 1 8 0 0 1 6 0 4 1 2 0 3 0 2 4 0 0 7 0 0 3 4 0 0 2 0 0 0 0 0 0 2 0 0 0 0 1 2 0 0 0 0 1 1 2 1 0 2 0 0 0 0 3 0 0 0 0 0 1 0 0 0 1 0 0 0 0 0 0 0 1 0 0 0 0 0 0 3 0 3 0 0 0 0 0 1 1 1 0 0 3 0 0 0 0 0 0 0 0 0 0 0 0 0 0 0 2 0 0 0 0 1 0 0 0 0 0 0 0 0 0 0 2 0 2 0 0 0 0 0 1 0 0 3 0 0 0 1 1 0 0 3 0 0 0 0 0 0 1 0 0 0 0 0 0 0 0 0 3 0 0 0 0 1 0 3 0 0 0 5 0 0 1 0 0 0 0 0 1 0 0 0 1 0 1 0 0 0 1 0 0 1 0 1 0 0 0 0 0 0 0 1 0 0 0 3 0 0 0 0 0 0 2 0 0 1 0 0 0 0 0 0 0 1 0 0
3111 5 1 2 0 8 11 0 0 5 4 3 1 0 3 2 0 0 0 9 0 9 0 0 3 4 0 11 0 2 3 1 0 0 1 0 0 0 6 0 0 1 0 0 5 1 0 4 0 6 0 0 0 2 1 5 9 0 0 0 6 0 1 4 0 1 0 2 0 0 0 0 0 0 0 0 0 1 0 0 0 0 1 0 1 0 0 0 0 0 0 0 0 2 0 0 0 0 0 0 0 0 0 0 0 0 0 0 1 0 0 0 0 0 2 2 0 0 1 0 2 0 0 0 0 0 0 0 0 0 0 0 0 0 0 4 0 0 0 0 0 1 0 0 0 0 1 0 0 2 0 1 0 0 1 0 0 0 2 0 0 0 0 0 0 0 2 0 0 0 0 0 2 0 0 0 0 0 4 0 0 0 1 0 0 0 0 0 0 0 1 0 0 0 0 0 0 0 0 0 1 0 0 0 0 0 0 0 0 0 0 0 0 1 1 0 0 1 0 1 0 0 0 0 5 0 0 1 0 0 0 0 0 0 0 0 1 0 0 0
637 0 1 1 3 8 5 1 0 19 1 0 0 0 1 10 1 2 4 2 0 5 3 4 0 3 2 4 8 0 0 12 0 0 3 1 1 0 1 0 0 0 0 0 4 7 0 6 0 0 0 9 0 0 0 3 3 1 1 5 3 0 1 0 0 0 0 2 1 4 0 1 0 1 0 1 3 0 0 1 0 0 2 0 13 1 0 0 0 0 0 6 0 7 0 3 1 3 0 0 0 1 0 0 5 0 0 0 0 0 1 0 0 0 0 0 0 3 0 1 9 0 0 0 0 0 0 0 0 0 0 0 0 0 0 1 1 0 2 2 0 0 0 0 5 0 0 1 0 2 0 3 3 0 0 0 0 3 0 1 0 0 0 0 0 0 1 0 0 0 0 0 1 0 0 1 0 3 2 1 0 0 0 2 0 0 0 1 1 0 0 0 0 0 0 0 1 0 0 0 1 0 0 0 0 0 0 1 0 0 0 0 0 0 1 2 1 0 0 2 3 0 0 0 1 0 1 0 0 1 0 0 0 1 0 0 0 0 0 1
3155 2 1 2 0 6 0 0 0 3 7 2 0 1 0 5 7 0 0 2 0 6 0 0 1 3 0 4 0 1 3 1 0 0 1 2 0 0 1 0 0 0 0 0 4 1 0 2 0 1 0 0 0 1 0 1 4 0 0 0 5 0 2 2 0 1 0 7 0 0 0 0 0 0 0 0 0 2 0 1 0 0 7 0 0 0 0 0 0 0 0 0 0 2 0 1 0 0 0 0 0 0 0 0 2 0 0 0 0 0 0 0 0 0 1 0 0 0 1 0 2 0 0 0 0 0 1 0 1 0 0 0 0 0 1 1 0 0 0 0 0 0 0 1 0 0 0 0 1 3 0 2 0 0 6 0 0 0 1 0 0 0 0 0 0 0 3 0 0 0 0 0 3 0 0 0 0 0 1 0 0 0 0 0 0 0 0 0 0 0 0 0 0 0 0 0 0 0 0 0 0 0 0 0 0 0 0 0 0 0 0 0 0 0 1 0 0 4 0 0 0 0 1 0 1 0 0 1 0 1 0 0 0 0 0 0 0 0 0 0
607 0 4 7 2 7 2 4 0 12 6 0 0 1 2 12 9 0 2 5 0 9 3 10 0 1 0 5 4 1 2 5 1 0 9 0 0 0 1 0 0 0 0 0 2 12 0 4 0 2 0 2 0 0 0 0 1 2 1 2 3 0 8 1 1 0 2 2 0 2 0 2 0 0 0 0 2 0 0 1 0 0 6 0 4 0 0 0 0 0 0 1 0 8 0 1 0 0 0 0 0 0 0 0 0 0 0 0 0 0 0 0 0 0 1 0 0 3 0 1 4 0 0 0 0 0 0 0 0 0 0 1 0 0 0 0 4 0 2 1 3 0 0 0 3 0 0 6 1 1 0 6 3 0 2 5 0 0 1 0 1 0 1 1 0 0 1 1 0 0 0 0 1 0 0 0 0 1 1 4 0 1 0 11 2 0 1 1 1 0 0 2 0 0 0 0 1 0 0 0 0 0 0 0 0 0 2 0 0 0 1 0 0 1 0 3 0 3 0 8 0 0 2 2 0 1 0 0 2 0 0 0 0 0 0 0 0 0 0 0
3129 3 3 4 0 3 5 0 0 7 1 5 1 0 3 3 0 0 2 5 0 10 0 0 0 1 2 10 1 2 1 0 0 0 1 0 0 0 1 0 0 0 0 0 1 0 0 10 1 6 1 0 0 3 0 4 7 0 2 0 1 0 0 1 1 0 1 2 0 0 0 1 0 0 0 1 0 3 0 0 0 0 3 0 1 0 0 0 0 0 0 0 0 2 0 1 0 0 0 0 0 0 0 0 0 0 0 0 1 0 1 0 0 0 4 1 0 0 0 0 0 0 0 0 0 0 1 0 1 0 0 0 0 0 1 1 0 0 0 0 0 0 0 2 0 0 0 1 0 0 0 1 0 0 3 0 0 0 0 0 0 1 0 0 0 0 2 0 0 0 0 0 0 0 0 0 0 0 9 0 0 0 0 4 0 0 0 0 0 0 0 0 0 0 0 0 0 0 0 0 0 0 0 0 0 0 0 0 0 0 0 0 0 0 1 0 0 1 0 1 1 0 0 0 2 0 0 2 1 0 0 1 0 0 0 0 0 0 0 0
725 0 3 2 1 6 6 3 0 9 3 2 0 0 4 5 5 1 4 7 0 9 1 6 0 1 5 0 8 4 0 3 0 0 6 0 0 2 0 0 0 1 0 0 1 4 0 4 0 3 0 4 1 2 0 0 3 0 2 0 1 1 1 2 0 0 7 0 0 0 0 0 0 3 0 1 1 2 0 2 0 0 3 0 7 1 0 0 0 0 0 1 0 7 0 0 0 2 0 1 1 0 0 0 2 1 0 0 1 0 0 2 0 0 0 0 0 2 0 0 1 0 0 0 0 0 0 0 0 0 1 0 0 0 0 0 4 0 0 0 2 0 0 0 4 0 0 4 0 3 1 2 1 0 1 1 0 0 0 1 0 0 0 1 0 0 0 0 2 0 0 0 0 0 1 0 0 0 0 1 1 0 0 9 1 0 1 0 1 0 0 0 1 0 0 1 0 0 0 0 0 0 2 0 0 1 1 0 0 0 0 0 0 1 0 1 0 1 0 4 1 0 2 2 1 0 3 0 4 0 0 1 0 0 0 0 0 1 0 0
653 1 2 8 5 10 7 0 0 10 0 1 0 0 10 2 1 0 1 5 0 8 4 1 0 0 6 11 7 16 0 2 0 0 9 0 0 0 0 0 0 0 0 0 1 1 0 8 0 6 0 3 0 3 0 1 9 1 2 2 1 0 0 0 0 0 2 1 0 0 0 0 0 0 0 1 0 1 0 4 0 0 3 0 4 0 0 0 0 0 0 4 0 4 0 0 1 0 0 0 1 0 0 0 2 0 0 0 1 0 0 0 0 0 5 0 1 0 0 0 5 0 0 0 0 0 0 0 2 0 0 0 0 0 0 0 2 1 0 0 0 1 0 0 3 0 0 6 1 0 0 1 0 0 0 1 0 0 0 2 0 0 0 1 0 0 0 0 0 0 0 0 0 0 0 1 0 2 0 2 2 0 0 4 0 0 0 0 3 0 0 3 1 0 0 0 0 0 0 0 0 0 0 0 0 0 0 0 0 0 0 0 0 0 0 7 0 0 0 0 0 0 0 0 2 0 0 1 2 0 0 0 0 0 1 0 0 0 0 0
3109 4 7 2 0 3 9 0 0 6 3 2 0 0 4 9 3 0 2 2 0 5 0 0 0 4 1 13 1 4 3 0 0 0 4 2 0 0 2 0 0 0 0 0 2 0 0 6 0 3 1 0 0 2 0 4 3 1 1 0 5 0 0 0 1 2 0 1 0 0 0 0 0 0 0 0 0 5 0 1 0 0 7 0 1 0 0 0 0 0 0 0 0 2 0 1 0 0 0 0 0 0 0 0 3 0 0 0 4 0 1 0 0 0 5 2 0 0 0 0 2 0 0 0 0 0 0 0 1 0 0 0 0 0 0 2 0 0 0 0 0 0 0 2 0 0 0 0 3 2 0 0 0 0 6 0 0 0 0 0 0 0 0 0 0 0 0 0 0 0 0 0 0 0 0 0 0 0 2 1 1 0 1 2 0 0 0 0 0 0 0 0 0 0 0 0 0 0 0 0 0 0 0 0 0 0 0 0 0 0 0 0 0 0 0 1 1 0 0 0 1 0 0 1 1 0 0 1 0 0 0 0 1 0 0 0 0 0 0 0
572 1 2 3 1 11 6 1 0 23 2 0 0 1 2 17 0 1 7 0 0 3 10 1 0 1 1 10 12 3 0 11 1 0 0 11 0 0 1 0 0 0 0 1 2 4 0 3 0 0 0 5 1 0 1 2 4 2 0 12 4 0 0 1 1 0 2 0 0 0 0 0 0 0 1 0 1 0 0 2 0 0 2 0 10 1 0 0 0 0 1 11 2 11 0 4 0 1 0 0 0 0 0 3 11 0 1 0 1 0 1 0 0 0 0 0 0 1 0 0 11 0 0 0 2 0 0 0 0 0 0 0 0 0 0 1 2 0 8 1 1 2 0 2 9 0 0 3 1 1 1 0 1 1 0 1 1 1 0 0 0 0 0 0 0 0 0 0 0 0 0 0 2 0 0 0 0 0 0 2 0 1 0 5 0 0 1 0 1 0 0 2 1 0 0 1 1 0 0 0 0 3 0 0 0 0 1 0 1 0 0 0 0 0 0 2 0 0 0 2 6 0 0 0 1 0 0 0 0 1 0 0 0 0 0 0 0 1 0 0
677 2 0 3 2 11 8 0 0 13 1 1 0 1 5 12 0 0 3 2 0 2 3 2 0 1 3 8 6 1 0 3 0 0 1 2 0 0 0 0 0 0 0 0 0 1 1 7 0 1 0 3 0 0 0 2 5 1 3 3 5 0 0 1 0 0 2 0 1 0 0 0 1 0 0 0 0 1 0 3 0 0 1 0 7 2 0 0 0 0 0 4 0 6 0 0 1 0 1 0 0 1 0 0 3 0 0 0 1 0 1 0 0 0 0 1 0 0 0 0 9 0 0 0 0 0 0 0 1 0 0 0 0 0 0 1 1 0 2 0 0 1 0 0 6 0 0 2 1 1 0 0 1 1 0 1 1 0 0 0 1 0 3 0 0 0 0 0 0 0 0 0 0 0 0 0 0 1 2 0 1 0 0 0 0 0 2 1 2 0 0 2 0 0 0 0 2 2 0 0 0 1 1 0 0 0 0 2 0 0 0 0 0 0 0 2 0 0 0 2 5 0 0 0 1 0 4 0 0 0 0 0 0 0 0 0 0 1 0 0
672 1 0 5 1 9 6 0 1 8 2 0 0 0 6 13 0 0 3 2 0 2 3 0 0 3 2 7 8 1 0 7 0 0 0 4 0 0 0 0 0 0 0 1 2 1 0 8 0 0 0 4 0 0 0 2 4 2 1 2 4 0 0 1 0 0 1 0 0 0 0 0 0 4 1 0 1 2 0 3 1 0 1 0 7 3 0 1 0 0 0 3 0 8 0 0 0 0 0 2 0 0 0 2 2 0 0 0 1 0 1 0 0 1 2 0 0 0 0 0 11 0 0 0 2 0 0 0 1 0 0 0 0 0 0 1 2 0 4 0 0 0 0 0 5 0 0 0 1 1 0 0 2 0 0 2 0 0 0 0 0 1 0 0 0 0 0 0 0 0 0 0 0 0 0 0 0 1 1 3 2 0 0 1 0 1 0 1 1 0 0 3 0 0 0 0 1 0 0 0 0 1 1 0 0 0 1 1 0 0 0 1 0 0 0 4 0 0 0 2 2 0 0 0 1 0 0 0 0 0 0 0 0 0 0 3 0 0 0 0
697 2 1 4 0 7 6 0 1 8 1 0 0 0 5 9 1 3 6 1 1 3 1 0 0 1 1 6 6 1 0 7 1 0 2 1 0 0 0 0 0 0 0 0 0 3 0 5 0 1 0 0 0 0 0 2 3 0 1 3 4 0 1 0 0 0 5 0 0 0 0 1 0 2 0 0 1 2 0 1 0 0 1 0 2 0 0 0 0 0 0 6 0 3 0 5 0 0 0 1 0 0 0 2 3 1 0 0 1 0 1 0 1 1 0 0 1 1 0 2 3 0 0 0 0 0 0 0 0 0 0 0 0 0 0 1 0 0 2 1 1 0 0 1 1 0 0 2 1 2 0 3 1 1 0 0 0 2 0 1 0 0 0 1 0 0 0 0 0 0 0 0 1 0 1 0 0 1 0 2 1 0 0 3 0 0 0 0 1 1 0 0 0 0 0 0 1 1 1 0 0 2 2 0 0 0 1 0 1 0 1 0 0 0 0 3 1 0 0 0 5 0 0 1 0 0 0 0 0 0 1 0 2 0 1 0 0 1 0 0
685 1 2 6 0 4 5 2 0 13 1 0 0 0 2 15 0 1 3 1 0 2 5 0 0 0 0 7 8 1 0 10 2 0 2 1 0 0 0 0 0 0 0 0 1 12 0 3 0 1 0 6 0 0 0 2 2 0 2 0 4 2 2 0 0 0 1 0 0 1 0 0 0 1 0 0 3 0 0 0 0 0 2 0 8 2 0 0 0 0 0 4 1 4 0 2 0 2 0 0 0 0 0 1 3 1 0 0 1 0 1 0 0 0 0 0 0 2 0 3 5 0 0 0 0 1 0 0 1 0 0 0 0 0 0 1 0 0 1 0 1 0 0 0 5 0 0 1 1 2 0 5 3 0 1 2 0 1 0 1 0 0 0 1 0 0 0 1 0 0 0 0 0 0 0 0 0 1 0 0 0 0 0 4 2 0 0 1 0 0 0 1 0 0 0 0 0 0 0 0 0 0 0 0 0 1 2 0 0 0 0 0 0 0 0 1 0 0 0 2 1 0 0 0 0 0 0 0 0 0 0 0 1 0 0 0 0 0 0 0
3106 7 3 5 0 6 11 0 0 5 2 0 0 0 6 4 0 0 1 9 0 9 0 0 3 1 0 16 0 0 5 0 0 0 0 0 0 0 6 0 0 0 0 1 6 0 0 2 0 7 0 0 0 4 0 5 2 0 1 0 2 0 0 0 0 1 0 6 0 0 0 0 0 0 0 3 0 3 0 0 0 0 4 0 0 0 0 0 0 0 0 0 0 1 0 1 0 0 0 0 0 0 0 0 1 0 0 0 1 0 0 0 0 0 2 3 0 0 0 0 0 0 0 0 0 0 3 0 0 0 0 0 0 0 1 3 0 0 0 0 0 0 0 0 2 0 1 0 1 2 0 0 0 0 1 0 0 0 0 0 0 1 0 0 0 0 3 0 0 0 0 0 5 0 0 0 0 0 10 0 0 0 0 1 0 0 0 0 0 0 0 0 0 0 0 0 0 0 0 0 0 0 0 0 0 0 0 0 0 0 0 0 0 0 1 0 0 1 0 0 0 0 0 1 1 0 0 0 0 0 0 0 0 0 0 0 0 0 1 0
409 0 0 7 2 10 8 0 0 9 0 0 0 0 7 10 0 0 4 1 0 2 6 2 1 4 6 4 6 7 2 7 0 0 5 3 1 0 0 0 0 0 0 0 2 4 0 11 0 3 1 2 0 3 0 1 9 2 4 5 2 0 0 0 1 0 2 3 1 0 0 0 0 2 0 0 3 1 0 2 0 0 0 0 7 0 0 0 0 1 0 5 0 5 0 1 1 0 0 0 0 1 0 1 8 0 0 0 0 0 0 0 0 0 2 3 0 1 0 0 5 0 0 0 0 0 0 0 0 0 0 0 0 0 0 0 1 0 5 0 0 0 0 1 1 0 0 1 1 2 0 1 2 0 1 2 1 0 0 1 0 1 0 0 1 1 1 1 0 0 0 0 2 0 1 0 0 0 6 1 1 0 0 5 0 0 1 2 1 0 0 2 0 0 0 1 4 0 0 0 0 2 0 0 0 1 0 2 1 0 0 0 0 0 0 5 0 1 0 3 1 0 0 0 3 0 0 0 1 0 0 0 0 0 0 0 0 0 0 0
3166 1 1 5 2 1 3 0 0 8 0 1 2 0 1 5 0 0 3 1 0 6 0 0 1 5 2 4 0 2 2 0 0 0 5 1 1 0 0 0 0 0 0 3 0 0 0 10 0 0 1 0 0 3 0 2 2 0 2 0 2 0 0 0 1 1 0 0 0 0 0 0 0 0 0 0 0 1 0 0 0 0 1 0 1 0 0 0 0 0 0 0 0 1 1 1 0 0 0 0 0 0 0 1 3 0 0 0 1 0 0 0 0 0 0 0 0 0 1 0 1 0 0 0 0 0 0 0 1 0 0 0 0 0 1 2 0 0 0 0 1 0 0 2 0 0 0 0 0 1 0 0 0 0 1 1 0 0 0 1 0 0 0 0 0 0 0 0 0 0 0 0 0 0 0 1 0 0 6 0 2 0 0 0 0 0 0 3 0 0 0 0 0 0 0 0 1 0 0 0 0 0 0 0 0 0 0 0 0 0 0 0 0 0 0 0 0 0 0 0 1 0 0 1 3 0 0 2 0 0 0 0 0 0 0 0 0 0 0 0
462 0 2 15 0 0 15 0 0 6 1 3 0 0 11 4 0 0 1 8 0 11 3 4 0 0 8 12 1 15 0 0 0 0 6 0 0 1 0 0 0 0 0 0 2 2 0 13 0 5 0 0 0 0 0 2 12 1 0 1 0 0 1 0 0 0 7 1 0 0 0 0 0 0 0 3 0 0 0 4 0 0 3 1 1 0 0 0 0 0 0 0 0 7 0 3 0 0 0 0 0 0 0 0 0 0 0 0 0 0 0 1 0 0 1 0 0 1 0 0 0 0 1 0 0 0 2 0 2 0 0 1 0 0 0 1 7 0 0 0 0 1 0 0 1 0 0 8 0 0 0 2 1 1 0 0 0 0 0 2 0 1 0 0 0 2 0 0 0 0 0 0 2 0 1 0 0 0 2 5 0 0 0 8 0 0 0 1 0 0 1 1 0 0 0 0 0 0 0 1 0 0 0 0 0 0 0 0 0 0 0 1 0 0 0 6 0 0 0 2 0 0 1 1 1 0 1 1 2 0 0 0 0 0 0 1 2 0 0 0
376 0 0 12 0 6 5 0 1 10 0 1 0 0 3 5 0 0 1 5 0 10 7 5 0 1 2 14 6 7 0 2 0 0 8 2 0 0 0 0 0 0 0 2 1 1 0 7 0 4 0 3 0 1 0 0 5 1 1 5 0 0 0 0 0 0 7 0 1 0 0 0 0 0 1 1 1 0 0 0 0 0 0 0 5 2 0 0 0 0 0 7 0 4 0 0 0 0 0 0 0 1 0 1 5 0 0 0 0 0 0 0 0 0 1 0 0 0 0 0 3 0 0 0 0 0 1 0 2 0 0 0 0 0 0 1 4 0 1 0 0 1 0 0 5 0 0 5 0 0 0 2 0 0 0 0 0 0 0 2 0 1 0 0 0 1 0 0 0 0 0 0 0 0 0 0 0 0 4 3 4 0 0 2 0 0 1 2 1 0 0 4 0 0 0 0 1 0 0 1 0 1 1 0 0 0 1 0 1 0 0 1 0 1 0 2 0 0 0 1 4 0 0 0 6 0 0 0 0 1 0 0 0 1 0 0 0 0 0 0
509 0 1 6 4 17 6 0 0 20 2 0 1 0 5 16 0 0 4 0 0 3 8 1 0 3 3 3 16 3 0 14 0 0 3 6 0 0 0 0 0 0 0 0 6 2 0 11 0 0 0 15 1 2 0 0 0 3 1 11 0 1 0 0 1 0 0 0 0 0 0 0 0 1 0 0 2 3 0 0 1 0 0 0 11 1 2 0 0 0 0 12 1 15 0 1 0 0 0 1 0 2 0 0 4 0 0 0 0 0 0 1 0 1 1 0 0 1 0 0 14 0 0 1 2 0 0 0 0 0 0 0 0 0 0 0 3 0 12 0 0 1 0 0 12 0 0 2 0 0 0 5 1 1 0 4 1 0 0 1 0 1 1 2 0 0 0 0 1 0 0 0 0 0 0 0 0 1 0 0 1 1 0 2 0 0 0 3 5 0 0 0 0 0 0 0 4 0 0 0 0 1 0 0 0 0 2 3 1 0 0 0 0 0 0 3 1 0 0 4 6 0 0 0 0 0 0 0 0 1 1 0 0 0 0 0 0 1 0 0
679 1 12 2 0 1 1 2 0 10 0 1 2 0 1 12 0 1 1 2 0 4 1 0 2 2 0 2 1 2 0 2 0 0 3 0 0 0 0 0 0 0 0 0 0 4 0 1 0 0 0 1 0 2 0 0 6 2 8 0 2 1 0 0 1 0 0 0 0 2 0 0 0 0 0 0 3 0 0 1 0 0 7 0 4 1 0 0 0 0 0 3 0 3 0 3 0 0 0 0 0 0 0 0 3 0 0 0 1 0 0 0 0 0 0 1 0 2 0 2 0 0 0 0 0 0 1 1 0 0 0 0 0 0 0 0 0 0 1 0 1 0 0 4 0 0 0 0 0 2 0 0 1 2 0 0 2 2 0 0 0 0 0 0 0 0 0 0 0 0 0 0 1 0 0 0 0 0 2 0 0 0 0 2 0 0 0 1 1 0 0 0 0 0 0 0 1 1 0 0 0 0 0 0 0 0 0 0 0 0 0 0 0 0 0 0 0 0 0 7 4 0 0 0 1 0 0 1 0 0 0 0 0 0 0 0 0 0 0 0
501 0 7 9 1 8 3 4 0 27 4 0 1 0 3 20 1 4 14 1 0 4 10 1 0 2 1 1 9 5 0 16 0 0 3 4 1 0 0 0 0 0 0 2 3 5 0 10 0 0 1 11 0 1 0 1 4 0 4 10 0 1 0 0 1 0 0 0 4 0 0 0 0 2 0 0 5 0 0 4 0 0 4 0 18 2 1 0 0 0 0 8 1 9 0 8 0 0 1 0 0 0 0 0 11 0 0 0 0 0 0 0 0 0 0 0 0 2 0 1 8 0 0 0 1 0 0 0 0 0 0 0 0 0 0 1 1 0 6 2 0 0 0 2 14 0 0 4 0 0 0 4 6 0 0 3 1 0 0 2 0 0 0 0 0 0 1 0 1 0 0 0 1 0 0 0 0 1 0 1 2 0 0 1 0 0 2 2 2 0 0 2 0 0 0 0 5 2 0 0 0 2 2 0 0 0 0 1 0 0 0 0 0 0 0 3 0 0 1 7 11 0 0 0 0 0 1 0 0 0 2 0 0 1 0 0 0 1 0 0
662 0 1 7 1 5 5 0 1 25 1 0 0 0 2 11 0 2 6 2 0 1 6 0 0 0 0 4 10 3 0 9 0 0 1 1 0 0 0 0 0 0 0 0 0 4 0 7 0 0 0 5 0 0 0 0 2 2 2 5 0 0 0 0 2 0 1 0 2 0 0 0 1 2 0 0 0 0 0 0 0 0 0 0 5 2 2 0 0 0 0 10 0 1 0 4 0 0 0 1 0 2 0 2 5 0 0 0 0 0 0 0 1 0 1 0 0 0 0 0 9 0 1 0 0 0 0 0 2 0 0 0 0 0 0 0 0 2 7 0 0 2 0 1 7 0 0 1 0 0 0 2 1 0 0 1 0 0 0 1 0 1 2 0 0 0 0 1 0 0 0 0 2 0 0 0 0 3 0 2 2 0 0 0 1 0 2 3 1 0 0 1 0 0 0 0 2 1 1 1 0 2 0 0 0 0 0 0 1 0 0 0 0 0 0 1 0 0 0 0 2 0 0 0 1 0 0 0 0 1 0 0 0 0 0 1 0 1 0 0
687 0 1 6 1 1 3 0 1 8 0 0 0 0 1 5 0 0 0 3 0 0 0 0 0 1 1 2 0 3 0 3 0 0 4 0 0 0 0 0 0 0 0 0 2 5 0 4 0 0 1 1 0 1 0 0 3 0 1 0 0 0 0 0 0 0 2 0 0 0 0 0 0 0 0 0 0 0 0 0 1 0 0 0 1 0 0 0 0 0 0 0 0 1 0 1 0 0 0 1 0 0 0 0 0 0 0 0 0 0 4 0 0 0 2 0 0 0 0 0 0 0 0 1 0 0 0 2 0 0 0 1 0 0 0 0 0 0 0 0 0 0 0 0 1 0 0 1 0 0 0 0 2 0 0 0 0 0 0 1 1 1 0 0 0 1 0 0 0 0 0 0 0 0 0 0 0 1 4 0 0 0 0 2 0 0 0 1 1 0 0 0 0 0 0 0 1 0 1 0 0 0 0 0 1 0 0 0 0 2 0 0 0 0 0 0 0 0 0 0 0 0 0 0 2 0 1 0 0 1 0 0 0 0 0 0 0 0 0 0
3149 3 3 6 1 2 7 0 0 3 0 0 0 0 6 1 3 0 0 4 0 9 0 0 3 1 0 10 0 0 3 0 0 0 6 0 0 0 1 0 0 0 0 0 2 0 0 4 0 6 0 0 0 6 0 3 6 0 3 0 9 0 0 1 0 0 0 3 0 0 0 0 0 0 0 0 0 0 0 0 0 0 1 0 1 0 0 0 0 0 0 0 0 0 0 0 0 0 0 0 0 0 0 0 1 0 0 0 0 0 0 0 0 0 4 0 0 0 0 0 0 0 0 0 0 0 2 0 0 0 2 0 0 0 0 0 0 0 0 0 0 0 0 0 0 0 0 1 0 1 1 0 0 0 1 0 0 0 2 0 0 0 0 0 0 0 2 0 0 0 0 0 2 0 0 0 0 0 5 0 0 0 1 3 0 0 0 0 0 0 0 0 0 0 0 0 0 0 0 0 0 0 0 0 0 0 0 0 0 0 0 0 0 0 0 0 1 0 0 0 1 0 0 0 3 0 0 1 0 0 0 0 0 0 0 0 0 0 0 0
646 2 2 4 0 2 2 1 0 5 1 0 0 0 6 7 3 0 0 6 1 5 2 3 1 1 2 3 1 2 2 3 1 0 1 0 0 0 1 0 0 0 0 0 3 1 0 1 0 0 0 1 0 0 0 2 5 0 1 1 7 0 1 3 0 0 4 1 0 0 0 1 0 0 0 0 0 0 0 2 0 0 1 0 3 0 0 0 0 0 0 0 0 3 0 1 0 0 0 1 0 0 1 0 2 0 0 0 0 1 0 0 0 0 1 0 0 0 0 0 6 0 0 0 0 0 2 0 0 0 0 0 0 0 0 0 2 0 0 0 2 0 0 0 0 0 0 3 1 2 0 0 1 1 0 0 0 0 1 0 0 0 0 0 0 0 1 0 0 0 0 0 2 0 0 0 0 0 1 1 1 0 1 3 0 0 1 0 0 0 0 0 0 0 0 0 0 0 0 0 0 0 0 0 0 0 0 0 0 0 0 0 0 0 0 3 0 2 0 2 0 0 1 0 0 0 0 0 0 0 0 1 0 0 0 0 0 0 0 0
3057 2 10 4 1 2 3 0 0 15 3 0 3 0 0 14 5 0 2 3 0 4 0 0 3 11 0 10 0 7 1 1 0 0 5 3 0 0 0 0 0 0 0 2 0 0 0 2 0 8 2 0 0 4 0 4 4 0 3 0 4 0 0 1 5 2 0 3 0 0 0 0 0 0 0 0 0 0 0 0 0 0 3 0 2 3 0 0 0 0 0 0 0 1 0 6 0 0 0 0 0 0 0 0 5 0 0 0 0 0 0 0 0 0 4 0 0 0 0 0 0 0 0 0 0 0 1 0 1 0 0 0 0 0 0 0 0 0 0 0 1 4 0 2 1 0 0 0 0 4 0 3 0 0 7 1 0 0 0 1 0 1 0 0 0 0 2 0 0 0 0 0 3 0 0 0 0 0 5 1 2 0 2 2 0 0 0 7 0 0 0 0 0 0 0 0 0 0 0 0 0 0 0 0 0 0 0 1 0 0 0 0 0 0 2 1 1 0 0 1 3 0 0 1 2 0 0 0 0 0 0 0 0 0 0 0 0 0 0 0
317 0 0 1 1 0 0 0 0 1 0 0 1 0 0 1 1 0 0 0 0 3 0 0 0 0 0 1 0 1 0 0 0 0 1 0 0 0 0 0 0 0 0 0 0 1 0 2 0 0 0 0 0 0 0 0 0 0 0 0 0 0 0 0 0 0 0 0 0 0 0 0 0 0 0 1 0 1 0 0 0 0 3 0 1 0 0 0 0 0 0 0 0 0 0 0 0 0 0 0 0 0 0 0 0 0 0 0 0 0 1 0 0 0 0 0 0 0 0 1 0 0 0 0 0 0 0 0 0 0 0 0 0 0 0 1 0 0 0 0 0 0 0 0 0 0 0 0 1 0 0 2 0 0 0 0 0 0 0 0 0 0 0 0 0 0 0 0 0 0 0 0 1 0 0 0 0 0 1 0 0 0 0 0 1 0 0 1 0 0 0 0 0 0 0 0 0 0 0 0 0 0 0 0 0 0 0 0 0 0 0 0 0 0 0 0 1 0 0 2 0 0 0 0 0 0 0 0 0 0 0 1 0 0 0 0 0 0 0 0
746 0 3 6 0 4 4 0 0 8 2 0 0 0 5 8 0 0 2 4 0 5 1 3 0 1 2 7 4 7 1 4 0 0 8 0 0 0 0 0 0 0 0 0 1 2 0 2 0 1 1 1 0 1 0 2 4 0 1 0 0 0 0 0 0 0 1 0 0 0 0 0 0 1 0 0 0 0 0 0 0 0 1 0 3 0 0 0 0 0 0 1 0 2 0 3 0 0 0 0 0 0 0 0 2 0 0 0 0 0 0 0 0 0 1 1 0 0 0 0 1 0 0 0 0 0 0 0 2 0 0 0 0 0 0 0 3 0 0 0 2 1 0 0 4 0 0 3 1 0 0 1 1 0 0 1 0 0 0 0 0 0 0 0 1 0 0 0 0 0 0 0 1 0 1 0 0 0 1 2 1 0 0 2 0 0 0 0 1 0 0 0 0 0 0 0 0 0 0 1 2 0 0 0 0 0 0 0 0 0 1 0 0 0 0 2 0 0 0 0 1 0 0 1 1 1 0 0 1 0 0 0 0 2 0 0 0 0 0 0
480 0 1 12 0 4 14 0 0 10 0 0 0 0 12 7 0 0 1 3 0 15 3 5 0 2 13 17 4 9 0 1 0 1 11 1 0 0 0 0 0 0 0 0 1 0 0 17 0 8 1 1 0 1 0 3 9 1 0 1 1 1 0 2 1 0 5 0 0 0 0 0 0 0 0 1 0 0 0 2 0 0 1 0 2 0 0 0 0 0 0 0 0 3 0 1 0 0 0 0 0 1 0 0 2 0 0 0 0 0 0 1 1 0 2 0 0 0 0 0 4 0 2 0 0 0 0 0 1 0 0 0 0 0 0 1 4 0 2 0 2 0 0 0 3 0 0 5 1 0 0 0 1 0 0 2 0 0 0 1 1 1 1 0 1 0 0 0 0 0 0 0 1 0 0 0 0 0 1 6 2 0 1 4 0 0 1 1 0 0 1 2 0 0 0 0 1 0 1 1 0 0 0 0 0 0 0 0 0 0 0 0 0 0 0 9 0 0 0 0 1 0 0 0 4 1 2 0 1 0 0 0 0 0 0 0 0 0 0 0
659 1 4 6 1 5 13 0 0 11 0 1 0 1 6 12 2 0 1 4 0 11 0 5 1 2 4 5 2 7 2 7 1 0 3 0 0 2 1 0 0 0 0 0 0 0 0 6 0 1 1 3 0 3 0 0 7 0 1 3 1 0 0 2 0 0 5 0 0 0 0 0 0 0 0 1 1 0 0 6 0 0 1 0 3 1 0 0 0 0 0 1 0 6 0 3 0 0 0 0 0 1 0 0 1 0 0 0 0 0 0 0 0 0 0 1 0 0 0 0 4 0 0 0 0 0 2 0 0 0 0 0 0 0 0 1 0 0 2 0 0 0 0 0 1 0 0 6 1 1 0 0 0 1 2 1 0 0 0 0 0 0 0 0 0 0 1 0 1 0 0 0 5 0 0 0 0 0 3 4 2 0 0 9 0 0 0 0 1 0 0 4 0 0 0 0 0 0 1 0 0 0 0 0 0 0 0 2 0 0 1 0 0 1 0 3 1 0 0 1 0 0 1 1 3 0 0 0 1 1 0 1 0 0 0 0 0 0 1 0
585 1 4 4 1 9 4 1 0 15 3 0 0 0 4 16 2 3 6 4 0 9 4 5 0 2 6 0 12 5 0 7 1 0 4 6 0 0 0 0 0 0 0 0 2 2 0 5 1 2 0 6 0 0 2 0 6 0 0 3 0 1 2 0 2 0 4 0 0 0 1 0 0 0 0 0 5 1 0 2 0 0 0 0 11 1 0 0 0 0 0 7 0 13 0 6 0 0 0 0 1 0 0 0 5 0 0 0 0 0 0 0 0 0 0 0 0 0 0 1 8 0 1 1 0 0 0 0 0 0 0 0 2 0 0 0 3 0 0 3 0 0 0 3 4 0 0 5 0 0 0 8 3 0 0 5 2 2 0 2 1 0 1 0 0 0 0 1 0 0 0 0 0 0 0 0 0 0 0 5 0 0 0 3 1 0 1 2 0 0 0 0 0 1 0 2 1 0 0 0 0 0 2 0 0 0 0 1 0 0 0 0 0 0 0 1 0 0 0 9 7 0 0 0 0 0 1 0 0 1 0 0 0 0 0 1 0 0 1 0
647 0 6 4 1 6 0 1 0 23 4 0 0 0 1 16 0 3 1 1 0 3 3 1 0 3 0 2 11 2 0 8 0 0 5 4 0 0 0 0 0 0 0 0 3 9 0 1 0 0 1 6 0 0 0 0 0 0 1 1 0 0 3 0 0 0 1 0 0 0 0 0 0 1 1 0 3 0 0 2 0 0 3 0 11 0 1 0 0 0 0 3 1 6 0 7 1 0 0 1 0 1 0 0 7 2 0 0 0 0 0 1 0 0 0 0 0 2 0 1 6 0 1 0 0 0 0 0 0 0 0 0 0 0 0 0 0 0 3 1 0 0 0 2 2 0 0 0 0 0 1 6 5 0 0 5 1 2 0 0 0 0 0 0 1 0 0 1 0 0 0 0 1 0 1 2 0 0 2 3 0 1 0 4 1 0 0 0 1 0 0 1 0 0 0 0 1 0 0 0 0 1 0 0 0 0 1 0 1 0 2 0 0 0 0 3 1 0 0 6 1 0 0 0 0 0 1 0 0 0 1 0 0 0 0 0 0 0 0 0
620 1 5 11 0 7 8 0 0 12 1 0 0 1 10 9 1 1 0 17 0 9 0 9 0 0 4 10 7 5 0 6 1 0 2 1 1 0 0 0 0 0 0 2 5 1 0 8 0 5 1 1 0 3 0 0 7 0 0 0 4 1 0 0 0 0 6 1 0 0 0 0 0 0 0 0 2 0 0 5 1 0 3 0 3 0 0 0 0 0 0 0 0 1 0 3 0 0 0 2 0 0 0 1 0 1 1 0 0 0 0 0 0 1 1 1 0 1 0 0 0 0 0 0 0 0 1 0 0 0 0 0 0 0 0 1 7 0 0 0 0 0 0 0 2 0 0 9 0 0 0 3 1 3 0 0 2 0 0 3 0 0 0 0 0 0 0 0 0 0 0 0 5 0 0 0 0 2 1 4 1 0 0 13 0 0 0 0 0 0 0 0 0 0 0 0 0 0 0 0 2 0 0 2 0 0 0 0 1 0 0 0 0 0 2 11 0 0 0 0 0 0 0 0 0 0 0 0 0 2 0 0 0 0 1 0 0 0 0 0
549 0 0 3 0 0 4 0 0 2 0 0 0 0 2 1 1 0 1 2 1 6 0 1 1 0 2 4 0 8 0 0 0 0 4 0 0 0 0 0 0 0 0 0 0 0 0 7 0 5 0 3 0 1 0 0 7 0 0 0 0 0 0 0 0 0 3 0 0 0 0 0 0 1 0 0 1 0 0 0 0 0 0 0 0 2 0 0 0 0 1 1 0 0 0 0 0 0 0 0 0 0 0 0 0 0 0 0 0 0 0 0 0 0 1 0 0 0 0 0 0 0 0 0 0 0 0 0 0 0 0 0 0 0 0 0 1 0 0 0 0 1 0 0 1 0 0 0 0 0 0 2 0 0 0 0 0 0 0 2 0 0 0 0 0 0 0 0 0 0 0 0 0 0 0 0 0 0 3 2 1 0 1 3 0 0 0 0 1 0 0 1 0 0 0 0 0 0 0 0 0 0 0 0 0 0 0 0 0 0 0 0 0 0 0 2 0 0 0 0 1 0 0 0 1 0 0 0 0 0 0 0 0 2 0 0 0 0 0 0
594 0 3 4 2 3 9 0 0 14 6 0 0 0 6 10 0 0 0 14 0 12 1 16 0 0 4 5 4 10 0 3 0 0 10 2 0 0 0 0 0 0 0 0 2 7 0 8 0 1 0 3 0 0 0 0 12 0 0 1 0 0 0 0 0 0 6 0 0 0 0 0 1 2 0 0 2 0 0 4 0 0 0 0 4 0 1 0 0 0 0 2 0 6 0 2 0 1 0 0 0 0 1 0 0 0 0 0 0 0 1 0 0 0 2 0 0 1 0 0 3 0 0 0 0 0 0 0 1 0 0 0 0 0 0 0 2 0 0 0 0 1 0 0 3 0 0 6 0 0 0 1 4 0 0 2 1 0 0 0 1 0 0 0 0 0 1 0 0 0 0 0 1 0 0 0 0 0 3 6 1 0 0 21 0 1 0 0 0 1 0 0 0 0 0 1 0 0 1 1 0 0 0 0 0 0 0 0 0 0 1 0 0 0 0 3 0 0 0 4 0 0 0 0 0 0 1 0 1 0 0 0 0 0 0 0 0 0 0 0
3130 5 1 2 0 3 4 0 0 5 3 3 2 0 2 4 3 0 3 8 0 8 0 0 2 3 0 9 1 2 0 0 0 0 1 3 0 0 2 0 0 0 0 0 0 2 1 7 1 0 1 0 0 1 0 2 5 0 3 2 3 0 0 0 0 1 0 2 0 0 0 0 0 0 0 1 0 7 0 0 0 0 4 0 1 0 0 0 0 0 0 0 0 2 0 1 0 0 0 0 0 0 0 0 2 0 0 0 3 0 0 0 0 0 4 1 0 0 1 0 0 0 0 0 0 0 1 0 0 0 0 0 0 0 4 5 1 0 0 0 0 1 0 0 0 0 0 0 2 0 0 0 0 0 4 0 0 0 0 0 1 1 0 0 0 0 1 0 0 0 0 0 1 0 0 0 0 0 1 0 0 0 0 0 0 0 0 1 0 0 1 0 0 0 0 0 0 0 0 0 0 0 0 0 0 0 0 1 0 0 0 0 0 0 1 1 0 1 0 1 2 0 0 0 0 0 0 1 0 0 0 0 0 0 0 0 0 0 0 0
584 2 0 3 5 6 5 0 0 8 2 2 0 0 3 13 1 0 2 7 1 8 2 3 0 4 3 7 9 8 0 8 0 0 5 4 0 0 2 0 0 0 0 2 4 8 0 3 0 0 0 4 1 3 0 1 9 1 3 12 2 0 0 0 0 0 6 0 1 0 0 0 1 1 0 1 1 0 1 1 0 0 2 0 6 2 1 0 0 0 0 8 0 12 0 0 0 0 0 1 0 0 0 5 5 0 0 0 1 0 0 0 0 0 1 0 0 0 0 0 7 0 0 0 2 0 1 1 0 0 0 0 0 0 0 3 4 0 2 0 0 2 0 0 6 0 0 7 0 1 1 4 1 0 0 4 0 0 0 2 0 1 0 0 0 0 0 0 0 0 0 1 0 0 0 0 0 3 0 4 0 0 0 6 0 0 0 2 3 1 0 0 0 0 0 0 1 0 1 2 0 1 0 0 1 0 0 0 1 0 0 0 0 0 0 5 0 0 0 1 4 0 0 0 2 0 2 0 0 1 0 0 0 1 0 0 0 1 0 0
481 2 0 3 1 12 5 0 0 17 6 2 0 0 7 10 0 0 5 10 0 12 3 6 0 3 2 5 19 4 0 12 0 0 10 6 0 1 2 0 0 0 0 0 7 6 0 5 0 0 1 10 0 2 0 1 6 1 3 5 2 2 0 0 0 0 4 0 3 0 0 0 2 1 0 1 7 1 0 3 0 0 2 0 12 3 0 0 0 0 0 7 0 11 0 0 0 0 1 1 2 0 0 0 3 0 1 0 1 0 0 1 1 0 2 0 0 0 0 0 18 0 1 0 0 0 1 0 0 0 0 0 0 0 0 3 9 1 5 0 0 1 0 0 8 0 0 5 0 0 0 6 6 3 0 8 3 0 0 1 0 3 1 1 1 0 0 0 0 0 0 0 4 0 0 0 0 0 0 10 2 0 1 7 1 1 3 0 3 0 0 2 1 0 0 0 1 0 0 0 0 1 0 0 0 0 1 0 0 0 0 0 0 0 0 2 1 0 0 7 6 0 0 0 1 0 0 0 0 1 0 0 0 1 1 0 0 0 0 0
3157 0 3 3 0 3 6 0 0 7 5 0 0 0 1 4 1 0 0 1 0 3 0 0 2 2 1 3 0 3 4 0 0 0 5 0 0 0 1 0 0 0 0 0 1 1 0 3 0 7 0 0 0 0 0 0 7 0 3 0 3 0 0 1 0 1 0 3 0 0 0 0 0 0 0 2 1 1 2 0 0 0 3 0 0 0 0 0 0 0 0 0 0 0 0 1 0 0 0 0 0 0 0 0 0 0 0 0 1 0 1 0 0 0 1 1 0 2 1 0 3 0 0 0 0 0 1 0 0 0 1 0 0 0 1 0 0 0 0 0 0 1 0 0 1 0 0 1 0 1 0 0 0 0 2 0 0 0 1 0 1 0 0 0 0 0 2 0 0 0 0 0 1 0 0 0 0 0 9 0 0 0 0 3 0 0 0 1 0 0 0 0 0 0 0 0 0 0 0 1 0 0 0 0 0 0 0 0 0 0 0 0 0 0 0 2 0 1 0 0 0 0 0 1 2 0 0 0 0 0 0 0 0 0 0 0 0 0 1 0
796 1 2 11 0 4 12 1 0 12 1 1 0 0 3 8 1 2 2 1 1 9 0 7 0 1 4 6 4 10 0 2 1 0 7 3 3 0 1 0 0 0 0 0 5 2 1 3 2 2 0 3 0 0 0 0 6 3 2 0 0 0 3 0 0 0 7 0 0 0 0 1 0 0 0 0 1 0 2 0 0 0 0 0 3 0 0 0 0 2 0 0 0 3 0 1 0 0 0 0 0 0 0 0 0 0 1 0 0 0 0 0 0 0 0 0 0 2 0 0 4 0 0 0 1 0 0 0 0 0 0 0 0 0 0 0 4 0 1 0 0 1 0 0 3 0 0 4 3 1 0 3 2 0 1 1 0 0 0 1 0 0 0 0 1 0 0 0 0 0 0 0 1 0 0 0 0 0 1 6 1 0 0 5 1 0 1 1 0 0 1 1 0 1 0 1 0 0 0 1 1 0 0 0 0 0 0 0 0 0 0 0 0 1 0 3 1 3 1 3 2 0 1 1 3 0 0 1 2 0 0 0 0 0 0 0 1 1 0 0
627 0 4 3 0 1 4 6 0 15 3 0 0 0 3 11 1 3 5 3 0 5 4 6 0 1 2 1 5 6 0 5 1 0 5 5 0 0 0 0 0 0 0 0 3 8 0 5 1 0 0 4 0 0 0 0 4 0 4 2 0 0 3 0 0 0 3 0 0 1 0 0 0 0 0 0 2 1 0 1 0 0 3 0 7 0 0 0 0 0 0 5 0 7 0 3 0 0 0 0 1 0 0 0 8 1 0 0 0 0 0 1 0 0 0 0 0 4 0 3 4 0 0 0 0 2 0 1 0 0 0 0 0 0 0 0 4 0 2 0 0 0 0 1 5 0 0 9 1 0 3 7 5 0 0 3 0 3 0 0 0 0 0 2 0 0 0 1 0 0 0 0 0 1 0 1 0 0 1 2 0 0 0 6 1 0 1 1 1 0 0 0 0 0 0 0 0 0 0 1 0 0 0 0 0 0 3 1 0 0 0 0 0 0 0 1 1 0 0 10 4 0 0 0 0 0 0 0 0 1 0 0 0 0 0 0 0 0 0 0
3096 0 1 5 0 4 5 0 0 3 1 3 2 0 3 3 1 0 2 5 0 5 0 0 2 5 6 11 0 0 1 0 0 0 5 1 1 0 0 0 0 0 0 0 2 0 1 11 0 11 1 0 0 3 0 2 15 0 3 0 5 0 0 0 2 0 0 4 0 0 0 0 0 0 0 1 0 4 1 0 0 0 6 0 4 0 0 0 0 0 0 0 0 1 0 1 0 0 0 0 0 0 0 0 1 0 0 0 2 0 0 0 0 0 5 0 0 0 0 0 1 0 0 0 0 0 0 0 1 0 4 0 0 0 3 1 0 0 0 0 1 2 0 1 0 0 0 3 0 0 0 0 0 0 1 0 0 0 0 0 0 0 0 0 0 0 1 0 0 0 0 0 0 0 0 0 0 0 10 0 0 0 3 3 0 0 0 2 0 0 0 0 0 0 0 0 0 0 0 0 0 0 0 0 0 0 0 0 0 0 0 0 0 0 0 0 0 2 0 0 0 0 0 0 3 0 0 1 0 0 0 0 0 0 0 0 0 0 0 0
493 1 1 18 0 9 18 0 0 3 0 1 0 0 12 5 0 0 1 18 0 11 0 14 0 0 13 15 5 6 0 3 0 1 10 0 0 2 0 0 0 0 0 0 4 1 0 12 0 7 0 1 0 3 0 2 24 0 1 0 4 0 0 2 0 0 4 3 0 0 0 0 0 1 0 3 0 0 0 5 0 0 0 0 2 1 0 0 0 0 0 0 0 3 0 0 0 0 0 0 0 0 0 0 0 0 0 0 2 1 0 0 0 1 4 0 1 0 0 0 2 0 0 0 0 0 0 0 0 0 0 0 0 0 0 1 8 0 0 0 3 0 0 0 0 0 0 14 1 0 0 2 2 0 0 1 0 0 0 1 0 0 0 0 0 1 0 0 0 0 0 0 2 0 0 0 0 0 4 7 0 0 0 12 0 0 0 1 0 0 0 2 0 0 0 0 0 0 0 1 0 0 0 0 0 0 0 0 0 0 0 0 0 1 1 13 0 0 0 0 0 0 0 2 2 1 0 0 1 0 0 0 0 0 0 2 0 0 0 0
3037 1 6 5 1 3 6 0 0 17 6 1 5 0 5 7 0 0 3 6 0 11 0 0 1 9 1 15 0 3 2 0 0 1 5 4 0 0 1 0 0 0 0 0 0 0 0 11 1 10 0 0 0 2 0 3 9 0 3 0 5 0 0 0 4 1 0 5 0 0 0 0 0 0 0 1 1 4 0 0 0 0 3 0 0 2 0 0 0 0 0 1 0 4 0 1 0 0 0 0 0 0 0 0 4 0 0 0 1 0 0 0 0 0 3 2 0 0 1 0 1 0 0 0 0 0 2 0 0 0 1 0 0 0 2 5 0 0 0 0 1 0 0 2 0 0 0 0 2 4 0 0 0 0 2 0 0 0 0 2 0 0 0 0 0 0 2 0 0 0 0 0 0 0 0 0 0 0 6 0 0 0 1 3 0 1 0 1 0 0 1 0 0 0 0 0 0 0 0 1 0 0 0 0 0 0 0 0 0 0 0 0 0 0 0 0 1 0 0 1 6 0 1 1 3 0 0 0 0 0 0 3 0 0 0 0 0 0 0 0
655 2 2 11 0 6 9 0 0 14 1 2 0 0 10 8 0 1 0 5 1 6 0 5 0 0 8 7 1 6 0 7 0 0 8 2 1 0 0 0 0 0 0 0 1 0 0 9 0 0 0 1 0 8 0 1 3 0 1 0 2 1 0 0 0 0 2 2 2 0 0 0 0 1 0 0 1 0 0 3 0 0 0 0 6 1 0 0 0 0 0 0 0 5 0 1 0 0 0 0 0 0 1 0 0 0 0 0 0 0 0 0 0 0 3 0 0 0 0 0 6 0 0 0 0 0 1 0 0 0 1 0 0 0 0 2 3 0 3 0 1 0 0 0 0 0 0 5 0 2 0 1 1 0 0 0 0 0 0 0 0 0 0 1 0 1 1 0 0 0 0 0 0 0 0 0 0 4 2 3 2 0 0 6 0 0 1 0 1 0 0 2 1 2 0 0 0 0 0 0 0 2 4 0 0 1 4 0 0 0 1 0 0 1 0 6 0 0 0 0 0 0 0 1 3 0 0 0 1 0 0 0 0 0 0 0 0 0 0 0
567 0 2 6 0 4 8 0 0 17 1 0 0 0 7 8 1 0 0 9 0 11 3 10 0 1 3 6 8 7 1 8 1 0 9 2 0 0 1 0 0 0 0 0 4 11 0 10 0 1 2 2 0 2 0 0 2 0 0 1 2 2 1 1 0 0 7 1 0 0 0 1 0 0 0 0 6 0 0 5 0 1 0 1 8 0 0 0 0 0 0 1 0 6 0 0 0 0 0 0 1 0 0 1 2 0 0 0 0 0 2 1 0 0 4 0 0 0 0 0 2 0 0 0 0 0 0 0 0 0 0 0 0 1 0 2 10 0 2 0 0 0 0 0 1 0 0 8 0 2 0 5 3 0 0 9 0 0 0 2 0 0 1 0 1 0 0 0 0 0 2 0 4 0 1 0 0 0 1 11 0 0 0 17 0 0 0 1 1 0 0 0 1 0 0 0 1 0 0 0 0 0 0 0 0 2 0 0 0 0 1 0 0 0 0 7 0 1 0 9 2 0 0 0 1 0 0 1 1 1 0 0 0 1 1 1 1 1 0 0
669 0 2 2 1 4 5 3 0 14 3 0 0 0 2 6 2 0 0 6 0 5 3 6 0 2 5 2 10 0 0 4 1 0 5 5 2 0 0 0 0 0 0 0 1 6 0 1 0 4 0 3 0 5 0 0 8 0 3 2 2 0 0 0 0 0 2 1 0 1 0 0 0 0 0 0 1 0 0 1 0 0 0 0 4 1 1 0 0 1 0 7 0 8 0 1 0 0 0 0 0 0 0 0 2 0 0 0 0 0 0 0 0 1 3 0 1 0 0 1 5 0 1 0 0 0 1 0 0 0 0 1 0 0 0 0 2 0 0 0 0 0 0 0 4 0 0 4 1 2 0 3 1 0 0 1 1 0 0 1 0 1 1 0 0 0 0 0 1 0 0 0 1 0 1 1 0 0 0 6 1 0 0 6 1 1 0 0 1 0 0 2 0 1 0 0 3 0 0 0 0 0 0 0 0 0 0 0 0 0 0 0 0 0 0 2 0 2 0 4 2 0 0 0 1 0 1 1 0 0 0 0 0 0 0 0 0 0 0 0
3144 0 2 3 0 7 8 0 0 5 1 1 0 0 3 3 2 0 0 6 0 5 0 2 4 1 2 13 1 0 2 0 0 0 2 1 1 0 0 0 0 0 0 1 5 0 0 5 0 7 1 0 0 1 0 3 3 0 0 0 6 0 0 3 0 0 0 1 0 0 0 0 0 0 0 0 0 1 0 0 0 0 0 0 0 0 0 0 0 0 0 0 0 0 0 1 0 0 0 0 0 0 0 0 0 0 0 0 0 0 0 0 0 0 3 0 0 0 0 0 1 0 0 0 0 0 2 0 1 0 1 0 0 0 1 4 0 0 0 0 0 0 0 0 0 0 1 0 0 1 0 1 0 0 0 0 0 0 2 0 0 0 0 0 0 0 1 0 0 0 0 0 2 0 0 0 0 0 9 0 0 0 0 1 0 0 0 0 0 0 0 0 0 0 0 0 0 0 0 0 0 0 0 0 0 0 0 0 0 0 0 0 0 0 0 1 0 1 0 1 1 0 0 2 3 0 0 3 0 0 0 0 0 0 0 0 0 0 0 0
619 0 1 1 0 15 5 0 0 2 4 0 1 5 5 9 0 1 3 4 0 2 4 3 2 1 3 4 6 2 1 4 0 0 3 2 0 0 0 0 0 0 0 0 8 3 0 5 0 1 2 2 1 1 0 2 6 0 0 4 3 0 0 1 0 1 6 1 0 0 0 1 1 0 0 0 2 2 0 6 0 0 0 1 7 2 1 0 0 0 1 2 0 5 0 0 0 1 0 0 1 0 0 0 5 0 2 0 0 0 0 0 0 0 1 0 0 0 1 0 8 0 0 0 0 0 0 0 1 0 0 1 0 0 0 1 1 0 1 0 0 0 0 0 4 0 0 3 1 2 0 2 2 0 0 3 0 0 0 0 0 2 0 0 0 0 3 1 0 0 0 1 6 0 2 0 0 0 0 1 4 0 1 3 0 0 0 0 1 0 1 0 1 0 0 0 1 1 0 0 4 0 0 0 1 0 1 0 1 0 0 0 0 0 0 0 0 0 0 2 1 0 0 0 0 0 2 0 0 1 0 0 0 0 1 0 0 1 0 0
643 3 0 12 2 9 10 2 0 4 3 0 0 0 6 5 3 2 3 9 0 9 2 3 2 0 4 10 5 8 2 6 1 0 8 0 1 0 0 0 0 0 0 0 5 3 0 4 0 2 1 3 0 4 0 2 8 1 1 1 4 0 2 2 0 0 4 1 0 0 0 2 0 0 0 0 0 0 0 2 0 0 1 0 6 0 1 0 0 0 0 0 0 0 0 2 0 0 0 2 0 0 0 0 0 0 0 0 0 0 0 0 0 0 6 1 0 1 0 0 4 0 0 0 0 0 1 0 0 0 0 0 0 0 0 1 1 0 0 0 1 0 0 0 4 0 0 4 3 0 0 2 2 0 0 3 0 0 0 3 0 1 0 1 0 0 1 0 0 0 0 0 1 0 0 0 0 1 2 3 0 0 0 4 2 0 0 0 2 0 0 0 0 0 0 0 0 0 0 0 0 0 0 0 0 0 0 0 0 0 0 0 0 0 0 7 0 0 0 5 0 0 0 0 1 1 0 0 0 0 0 0 0 0 0 0 0 0 0 0
167 1 0 0 2 1 1 1 0 4 1 0 1 0 0 1 2 0 1 5 0 8 0 2 0 0 1 0 6 3 1 2 0 0 7 0 0 0 0 0 0 0 0 0 0 0 0 1 0 2 0 0 0 1 0 0 2 2 1 0 0 0 1 1 0 0 2 0 0 0 0 1 1 0 0 0 1 1 0 1 0 0 0 0 4 0 1 0 0 0 0 0 0 1 0 0 0 0 0 0 2 1 0 0 2 0 0 0 0 0 0 0 0 0 0 1 0 0 0 0 5 0 0 2 1 0 1 0 0 0 0 0 0 0 0 0 1 0 0 0 0 0 0 0 0 0 0 0 0 2 0 2 1 0 0 1 0 0 0 2 0 1 0 0 0 0 0 0 0 0 0 2 1 0 0 1 0 0 1 3 0 0 0 1 1 0 0 0 1 0 0 0 1 0 0 0 1 1 0 0 0 0 0 0 0 0 0 0 0 0 4 0 0 0 0 4 0 0 0 2 0 0 0 0 0 1 0 0 1 0 1 0 0 0 0 0 0 0 0 0
3177 4 2 2 0 3 7 0 0 2 2 1 0 0 2 2 0 0 0 3 0 4 0 1 4 1 0 7 0 1 1 0 0 0 3 0 0 0 1 0 0 0 0 0 1 0 0 8 0 5 0 0 0 3 0 2 3 0 1 0 3 0 1 1 0 1 0 7 0 0 0 0 0 0 0 0 1 1 0 0 0 0 3 0 1 0 0 0 0 0 0 0 0 1 0 0 0 0 0 0 0 0 0 0 0 0 0 0 0 0 0 0 0 0 5 0 0 0 0 0 3 0 0 0 0 0 1 0 0 0 0 0 0 0 0 0 0 0 0 0 0 1 0 1 0 0 0 0 0 1 0 1 0 0 4 0 0 0 0 0 0 0 0 0 0 0 0 0 0 0 0 0 3 0 0 0 0 0 3 0 0 0 0 0 0 0 0 0 0 0 0 0 0 0 0 0 0 0 0 0 0 0 0 0 0 0 0 0 0 0 0 0 0 0 0 0 0 1 0 0 1 0 0 1 0 0 0 0 0 0 0 1 0 0 0 0 0 0 0 0
994 3 4 9 1 11 15 5 2 22 0 3 0 1 13 21 2 4 4 9 0 16 3 5 1 5 5 17 13 11 2 17 1 0 10 1 1 4 1 0 0 0 1 1 9 3 0 11 0 4 0 9 0 4 0 3 14 2 1 0 1 0 1 4 0 0 4 1 1 0 0 2 0 1 0 1 1 0 0 12 0 1 3 0 13 0 3 1 0 0 0 5 0 13 0 8 1 0 0 0 0 1 0 0 4 0 2 0 0 0 0 0 0 0 5 0 0 3 0 1 11 0 0 0 0 0 3 1 1 0 0 0 1 0 0 1 1 0 4 0 3 2 0 0 5 0 0 8 3 3 0 2 2 0 2 3 0 0 0 0 0 2 1 0 0 2 2 0 1 0 0 1 5 0 0 0 0 1 4 6 2 0 0 8 2 0 3 1 2 0 1 4 1 0 0 1 3 1 1 0 0 2 0 0 0 0 1 1 1 0 1 0 0 0 2 9 0 1 0 7 2 0 0 3 4 1 0 0 1 0 0 0 0 1 0 0 0 1 0 0
348 2 3 16 2 14 23 0 2 12 0 2 0 1 31 20 0 4 4 9 1 21 5 10 0 5 10 16 9 14 0 10 0 0 12 1 1 1 0 0 0 0 0 1 2 3 0 14 0 8 0 3 0 2 0 1 16 2 1 0 0 0 0 1 1 0 6 0 2 0 0 0 0 2 0 1 1 2 0 11 0 0 1 0 12 0 3 2 0 0 0 7 0 5 0 2 1 0 0 0 2 1 0 0 5 0 1 0 0 0 0 0 0 0 1 0 0 0 0 1 4 0 0 2 0 0 3 1 2 0 0 0 1 0 0 1 6 0 5 0 1 2 0 0 8 0 0 11 3 2 0 5 2 0 0 3 0 0 0 0 0 4 2 0 2 3 0 1 2 0 0 1 0 0 0 0 0 1 11 5 3 0 0 11 1 1 4 1 1 0 1 5 2 0 0 1 2 1 1 1 0 2 1 0 1 0 1 3 1 0 1 0 0 0 0 14 1 0 0 2 2 0 0 2 10 0 0 0 1 0 0 0 0 1 0 1 1 2 0 0
385 1 1 8 1 11 12 0 3 11 2 1 0 1 15 16 0 2 7 8 0 23 7 15 0 5 10 8 7 16 0 6 0 0 10 3 1 0 0 0 0 0 0 3 3 3 0 6 0 4 0 3 0 3 0 1 15 3 1 2 0 0 0 0 0 0 9 0 2 0 0 0 0 1 1 1 0 0 0 11 0 0 0 0 10 0 3 1 0 0 0 9 0 2 0 2 1 1 0 0 0 1 0 0 9 0 1 0 0 0 0 1 0 0 3 0 0 0 0 1 6 0 0 0 0 0 2 1 5 0 0 0 1 0 1 0 4 0 10 0 1 4 0 0 8 0 0 16 0 1 0 5 2 1 0 3 1 0 0 0 0 3 1 0 0 5 0 0 1 1 0 1 1 0 0 0 0 3 3 15 2 0 0 9 1 0 3 1 1 0 2 5 1 1 0 1 3 1 1 0 1 2 1 0 0 0 1 1 1 0 0 1 0 0 0 12 0 0 0 3 7 0 0 3 5 0 3 0 2 1 0 0 0 1 0 2 0 2 0 0
335 2 1 11 1 12 11 0 4 12 3 1 0 1 18 9 0 2 5 8 0 11 8 10 0 7 6 10 13 13 0 25 2 1 13 1 1 2 0 0 0 0 0 1 2 2 0 8 0 8 1 15 0 2 0 1 9 3 8 3 0 0 1 1 0 0 8 0 2 0 0 0 0 1 0 1 4 0 0 9 1 0 0 0 17 0 2 1 0 0 0 9 0 9 0 2 1 1 0 0 1 1 1 0 4 0 1 0 0 0 0 0 0 0 2 0 0 1 0 1 8 0 0 0 0 0 2 1 1 0 0 1 1 0 0 1 6 0 7 0 1 2 0 0 9 0 0 15 1 1 1 9 4 0 0 7 3 0 0 1 0 2 2 0 0 3 0 0 1 0 0 1 0 0 1 0 0 1 6 6 3 0 0 14 1 1 3 1 3 0 1 3 1 0 0 1 1 1 1 0 0 2 0 0 0 0 1 1 1 0 1 0 0 0 0 8 1 0 0 7 3 0 0 2 4 0 1 0 0 1 0 0 0 3 0 1 1 2 0 0
3128 1 1 3 0 9 7 0 0 7 2 1 0 0 4 3 3 0 0 7 0 6 0 0 3 1 2 14 0 1 2 0 0 0 4 1 0 0 0 0 0 0 0 0 4 1 0 5 0 3 1 0 0 0 0 3 6 0 0 0 6 0 0 3 0 0 0 1 0 1 0 0 0 0 0 0 0 0 1 1 0 0 0 0 0 0 0 0 0 0 0 0 0 2 0 1 0 0 0 0 0 0 0 0 0 0 0 0 0 0 0 0 0 0 2 1 0 0 0 0 2 0 0 0 0 0 2 0 1 0 2 0 0 0 0 4 0 0 0 0 0 0 0 0 0 0 0 0 0 1 0 1 0 0 0 0 0 0 2 0 0 0 0 0 0 0 1 0 0 0 0 0 4 0 0 0 0 0 13 0 0 0 0 4 0 0 0 0 0 0 0 0 0 0 0 0 0 0 0 0 0 0 0 0 0 0 0 0 0 0 0 0 0 0 1 1 0 1 0 0 1 0 0 2 2 0 0 2 0 0 0 0 0 0 0 0 0 1 0 0
618 1 1 0 1 12 4 0 0 7 2 1 0 0 2 4 4 0 0 3 0 6 0 1 1 0 0 2 0 1 3 0 0 0 4 0 1 0 2 0 0 0 0 0 4 0 0 0 0 0 0 0 0 1 0 0 2 0 2 0 5 0 1 0 0 0 1 1 0 0 0 0 0 0 0 0 0 0 0 3 0 0 3 0 0 0 0 0 0 0 0 0 0 4 0 0 0 0 0 0 0 0 0 0 0 0 0 0 1 0 0 0 0 1 0 1 0 1 0 0 1 0 0 0 0 0 2 0 0 0 1 0 0 0 0 3 0 0 1 0 0 0 0 0 0 0 0 2 1 1 0 2 0 1 2 0 0 0 0 0 0 0 0 0 0 0 1 0 0 0 0 0 2 0 0 0 0 0 4 2 0 0 1 4 0 0 0 0 2 0 0 0 0 0 0 0 2 0 0 0 0 0 0 0 0 0 0 0 0 0 0 0 0 0 1 1 0 1 0 1 0 0 0 1 1 0 0 0 0 0 0 0 0 0 0 0 0 1 0 0
672 0 0 4 0 14 3 0 0 8 3 0 0 8 3 3 0 0 0 5 0 6 2 3 4 0 1 9 4 0 3 5 0 0 4 3 0 0 1 0 0 0 0 0 6 1 0 0 2 0 0 2 1 0 0 2 1 0 0 2 6 0 0 0 0 0 2 2 0 0 0 0 1 0 1 0 3 0 0 0 0 0 1 0 5 2 0 0 1 2 0 6 0 4 0 0 0 0 0 0 0 0 0 0 2 1 0 0 0 0 0 0 0 0 0 1 2 0 0 0 6 0 0 0 0 1 0 0 0 0 1 0 0 0 0 1 1 0 5 0 0 1 0 1 2 0 0 3 0 0 0 6 2 1 0 3 1 0 0 1 0 0 0 0 0 0 1 0 0 0 0 0 10 0 0 0 0 0 2 5 1 0 0 3 0 0 1 0 1 0 0 1 0 0 0 0 0 1 0 0 6 0 1 0 0 0 0 1 0 0 1 0 0 0 1 0 0 0 0 0 4 0 2 0 0 0 1 0 0 0 1 0 0 0 0 0 0 3 0 0
601 0 0 3 0 17 7 0 0 11 4 0 1 0 8 13 0 0 1 4 0 9 6 6 2 4 6 4 16 3 1 8 0 0 4 1 0 0 0 0 0 0 0 0 3 8 0 3 0 0 2 1 0 0 0 2 3 1 0 1 4 1 0 0 0 0 6 1 0 0 0 0 0 2 0 0 6 0 0 2 0 0 1 1 6 2 0 0 0 1 0 3 0 12 0 0 0 0 0 0 1 0 1 0 2 1 0 0 0 0 0 2 0 0 2 0 0 0 1 0 14 0 0 0 0 0 0 0 1 0 1 0 0 0 0 1 3 0 1 0 0 0 0 1 5 0 0 2 0 0 0 7 10 1 0 2 1 0 0 0 0 0 1 1 0 1 1 0 0 0 0 1 3 0 0 0 0 0 3 3 1 0 0 2 0 0 0 1 2 0 0 1 0 1 0 0 2 0 0 0 0 0 0 1 0 0 0 0 0 0 0 0 0 0 0 4 0 0 0 2 1 0 0 0 0 0 0 0 0 1 0 1 0 1 1 0 0 2 0 0
1597 1 1 24 1 20 10 0 2 19 7 0 4 0 12 23 1 1 9 13 0 17 11 12 0 3 14 20 16 13 0 16 0 0 19 13 0 0 0 0 0 0 0 3 5 6 0 12 0 4 1 7 0 2 1 0 17 2 0 12 0 0 0 0 2 0 13 1 2 1 0 0 1 2 0 0 4 3 0 9 1 0 4 1 10 1 0 1 0 0 0 20 0 7 1 0 0 0 0 0 1 4 1 0 12 0 0 0 0 0 0 0 1 0 3 1 0 0 0 0 12 0 0 0 3 0 0 1 0 0 0 0 0 0 0 0 13 0 19 0 0 0 0 1 27 0 0 19 0 0 0 11 4 4 0 8 1 0 0 5 0 2 0 1 1 0 1 0 0 0 0 1 4 0 1 0 0 4 5 16 4 0 1 20 0 1 2 1 2 1 0 3 5 2 0 0 2 0 0 1 3 0 0 0 0 0 2 1 2 0 1 0 0 0 2 20 1 0 0 11 5 0 0 2 4 1 6 1 0 0 1 0 0 1 0 0 0 0 1 0
447 0 3 6 2 14 4 0 2 20 4 0 3 0 3 23 0 4 12 6 0 10 12 5 0 6 3 4 14 3 0 15 0 0 12 7 0 0 0 0 0 0 0 1 4 5 0 2 0 1 0 7 0 2 1 0 9 0 1 10 0 0 0 0 3 0 7 0 3 2 0 0 1 0 1 0 4 2 1 2 0 0 3 0 12 0 0 0 0 1 1 12 0 5 0 4 0 0 0 2 2 0 0 0 17 0 0 0 0 0 0 0 0 0 1 0 0 0 0 0 9 0 0 0 1 0 1 0 1 0 0 0 0 0 0 0 9 0 12 1 0 1 0 1 11 0 0 8 0 0 0 2 5 1 0 2 0 1 0 4 1 0 0 0 1 0 0 0 0 0 0 1 1 0 0 0 0 4 0 7 2 0 0 9 0 0 0 1 2 1 0 1 2 0 0 0 2 1 0 0 1 3 1 0 0 0 2 0 1 0 0 0 0 0 1 1 0 0 0 3 8 0 0 2 3 1 2 0 0 0 1 0 0 0 0 0 1 0 0 0
350 0 1 7 1 24 6 0 2 25 5 0 3 0 3 22 0 1 7 8 0 10 11 6 0 3 3 8 21 7 0 14 1 0 15 5 0 0 0 0 0 0 0 3 6 12 0 6 1 2 0 14 0 2 1 0 9 1 1 8 0 0 0 0 1 0 6 1 4 1 1 0 0 3 0 2 7 0 0 3 0 0 3 0 17 3 0 0 0 0 0 7 0 9 0 0 1 1 1 0 3 1 0 0 9 0 0 0 0 0 0 1 0 0 2 0 0 1 0 0 20 0 0 0 1 0 0 0 1 0 0 1 0 0 0 0 5 0 11 0 0 0 0 1 13 0 0 10 0 1 0 7 7 1 0 9 0 0 0 5 0 1 1 0 1 0 0 0 0 0 0 1 7 0 1 0 0 4 2 10 2 0 1 10 0 0 1 3 2 1 0 2 2 0 0 1 5 0 0 0 1 0 0 0 2 0 2 1 1 0 3 0 0 0 1 3 0 0 0 7 5 0 0 2 3 1 3 0 0 0 0 0 0 0 0 1 0 0 0 0
688 1 5 10 1 10 8 3 0 23 0 1 3 0 5 18 2 4 5 6 0 11 10 4 1 2 4 3 14 6 1 13 1 0 7 3 1 0 0 0 0 0 0 3 6 9 0 5 1 1 0 6 0 0 2 0 11 3 1 3 1 1 2 0 2 0 6 0 2 2 0 1 1 1 0 1 7 0 0 4 0 0 5 1 9 0 1 0 0 0 0 8 0 6 0 4 0 0 0 0 1 0 0 0 10 0 0 0 0 0 0 1 0 0 0 0 0 3 0 1 14 0 0 0 1 0 0 0 0 0 0 0 0 0 0 0 4 0 4 1 1 0 0 1 7 0 0 7 1 2 0 5 8 1 0 6 0 0 0 1 0 1 0 1 1 0 0 1 0 1 0 1 2 0 0 0 0 2 4 6 3 1 0 8 1 0 0 3 2 1 0 4 3 0 0 0 4 0 0 0 1 1 0 0 1 1 2 0 1 0 0 0 0 0 1 2 0 1 0 9 2 0 0 3 4 2 2 0 0 0 0 0 0 1 0 0 1 0 0 0
394 0 1 4 1 19 4 2 0 23 1 0 3 0 1 24 0 2 5 4 0 6 11 1 0 3 4 2 18 4 0 20 0 0 6 10 0 0 0 0 0 0 0 3 4 8 0 2 0 0 1 7 0 0 2 0 10 2 2 8 0 1 1 0 2 0 1 0 3 0 0 0 2 4 0 0 5 0 0 1 0 0 3 1 15 1 3 0 0 0 0 12 0 11 0 2 0 0 0 0 1 0 1 2 10 0 0 0 0 0 0 0 0 0 0 0 0 0 0 0 17 0 0 0 2 1 0 0 1 0 0 0 0 0 0 0 2 0 5 1 0 0 0 1 17 0 0 5 0 1 0 4 6 0 0 5 0 0 0 3 0 0 2 2 1 0 0 0 0 0 0 1 2 0 0 0 0 2 0 2 2 0 0 4 0 0 2 2 3 1 1 1 3 1 0 0 9 0 0 0 1 2 0 0 1 0 3 0 1 0 0 0 0 0 1 3 0 0 0 5 4 0 0 2 3 1 2 0 0 0 1 0 0 2 0 1 0 1 0 0
519 0 2 5 5 13 3 3 1 21 4 0 3 0 1 21 0 4 4 3 0 7 8 2 0 4 2 1 17 3 0 17 1 0 7 4 0 0 0 0 0 0 0 3 2 8 0 0 0 0 0 8 0 0 1 0 3 3 1 4 0 0 1 0 1 0 1 0 3 1 0 0 0 1 0 0 5 0 0 1 0 1 4 1 9 0 0 0 0 0 0 10 1 6 0 2 0 0 0 0 1 0 0 2 14 0 0 0 0 0 0 0 0 0 0 0 1 0 0 1 15 0 0 0 3 0 0 0 1 0 0 0 0 0 0 0 2 0 4 1 0 1 0 4 6 0 0 4 0 1 0 6 7 0 0 2 0 1 0 1 0 0 2 1 1 0 0 0 0 0 0 1 1 0 0 0 0 3 0 5 2 2 0 4 1 0 2 2 1 1 0 2 4 0 0 0 3 0 1 0 1 3 0 0 1 0 2 1 3 0 1 0 0 0 1 2 0 1 0 4 1 0 0 2 2 1 1 0 0 0 0 0 0 0 0 0 0 0 0 0
346 0 1 7 1 16 1 3 0 24 5 1 3 0 6 29 0 8 7 3 0 6 11 6 0 2 4 1 27 2 0 21 0 0 4 7 0 0 0 0 0 0 0 3 12 9 0 4 0 2 0 15 0 1 1 0 3 2 2 9 0 1 1 0 1 0 3 0 3 0 0 0 0 1 0 1 8 0 0 6 0 0 3 2 21 4 0 0 0 0 0 15 1 7 1 2 0 1 0 0 2 0 0 0 14 0 1 0 0 0 1 4 0 0 0 0 0 0 0 0 18 0 0 1 2 2 0 0 1 0 0 0 0 0 0 0 4 0 9 0 0 0 0 2 13 0 0 9 0 2 1 11 11 0 0 10 0 0 0 1 0 1 0 0 1 0 0 1 0 0 0 1 7 0 0 0 0 1 0 5 1 0 0 7 1 1 1 2 4 1 1 1 3 0 1 0 3 0 0 1 1 2 1 0 0 2 2 4 3 0 0 1 0 0 1 1 0 0 0 6 3 0 0 1 5 2 3 0 0 0 0 0 0 0 0 0 0 1 0 0
396 0 1 15 1 14 7 2 0 20 1 0 4 0 6 20 0 2 4 4 0 11 9 4 0 5 4 10 12 10 0 13 0 0 10 3 0 0 0 0 0 0 0 3 4 10 0 4 0 0 1 6 0 3 1 0 6 4 3 2 0 1 1 0 1 0 4 0 2 1 0 0 0 2 0 0 9 0 0 5 0 0 3 1 9 3 0 0 0 0 0 9 0 4 2 2 0 0 0 1 1 1 0 0 8 0 0 0 0 1 0 0 0 0 3 0 0 0 0 0 18 0 0 0 1 0 0 0 2 0 0 0 0 0 0 1 3 0 6 0 0 0 0 1 6 0 0 7 0 1 0 6 5 2 0 4 0 0 0 1 0 1 0 1 1 0 0 0 1 0 0 1 7 0 0 0 0 3 2 9 1 0 0 8 1 0 0 1 1 1 0 1 3 0 0 0 4 2 0 0 1 0 1 0 0 0 2 0 1 0 0 0 0 0 1 6 0 0 0 6 1 0 0 2 2 1 1 0 0 1 0 2 0 0 0 0 0 0 0 0
420 2 1 15 2 9 8 3 1 16 0 0 3 0 4 12 2 3 6 19 0 25 6 6 0 2 8 16 7 10 0 8 1 0 14 3 0 0 0 0 0 0 0 4 6 7 0 11 0 2 0 6 0 4 1 3 12 6 0 4 0 0 1 2 1 0 8 0 2 0 0 1 0 1 0 0 5 0 0 8 0 0 3 2 6 0 0 0 0 0 0 5 0 3 0 1 0 0 0 0 1 0 0 0 8 0 0 0 0 0 0 0 0 0 2 0 0 0 0 0 10 0 0 0 1 0 3 0 1 0 0 0 0 0 0 1 5 0 4 0 6 0 0 1 7 0 0 13 2 1 0 4 4 0 1 2 0 0 0 3 0 0 0 1 1 0 2 0 0 1 0 1 1 0 0 0 0 2 2 12 1 0 0 8 1 0 0 2 1 1 0 5 2 0 0 0 3 0 1 0 1 0 0 0 0 0 2 0 1 0 0 0 0 0 1 5 0 0 0 5 3 0 1 5 5 1 2 0 1 1 0 0 1 0 0 0 0 0 0 0
214 1 1 6 0 3 2 2 0 8 1 0 2 0 3 7 0 1 2 11 0 13 4 1 0 0 2 4 4 4 0 6 0 0 5 1 0 0 0 0 0 0 0 3 6 3 0 5 0 4 0 5 0 2 0 1 4 4 0 1 0 0 1 1 0 0 3 0 0 0 0 0 0 1 0 0 3 1 0 5 0 0 2 0 4 1 0 0 0 0 0 1 0 1 0 1 0 0 0 0 0 0 0 0 5 0 0 0 0 0 0 0 0 0 4 0 0 0 0 0 4 0 0 0 1 0 2 0 0 0 0 0 0 0 0 0 0 0 2 0 2 0 0 2 4 0 0 7 0 1 0 4 3 0 0 0 0 0 0 2 1 0 1 0 0 0 2 0 0 1 0 1 1 0 0 0 0 1 4 6 1 0 0 4 0 0 0 1 1 0 0 1 1 0 0 0 2 0 0 0 0 0 0 0 0 0 0 0 1 0 0 0 0 0 0 2 0 0 0 6 2 0 0 3 3 0 1 0 0 1 0 0 0 0 0 0 0 0 0 0
473 0 2 12 1 16 5 2 0 21 3 0 3 0 2 17 0 1 6 3 0 12 10 3 0 2 4 7 20 2 0 13 0 0 8 3 0 0 0 0 0 0 0 3 5 6 0 7 0 2 1 6 0 1 1 0 3 4 2 3 0 1 0 0 1 0 3 2 2 0 0 0 0 3 0 0 6 0 0 2 0 0 3 1 14 2 4 0 0 0 0 10 0 9 1 1 0 0 0 1 1 0 0 1 11 0 0 0 0 0 0 0 0 0 2 0 0 0 0 0 19 0 1 3 1 0 0 0 1 0 0 0 0 0 0 0 3 0 8 0 0 0 0 1 9 0 0 8 1 1 0 9 6 1 0 4 0 0 0 2 0 3 0 2 1 0 0 0 0 0 0 1 1 0 0 1 0 2 0 4 6 0 0 9 1 0 0 1 3 1 0 3 4 1 0 0 5 0 0 0 1 0 0 1 0 0 2 0 1 0 0 0 0 1 1 4 1 0 0 7 1 0 0 2 2 2 4 1 0 0 0 0 0 1 0 0 0 1 0 0
481 1 1 5 1 14 5 2 0 20 4 0 3 0 12 17 0 1 4 7 0 11 6 3 0 2 7 3 13 2 0 17 0 0 12 2 0 0 0 0 0 0 0 3 4 9 0 5 0 1 1 6 0 0 1 0 4 2 1 2 0 1 0 0 1 0 5 0 2 0 0 0 0 1 0 0 7 0 0 5 1 0 3 1 9 1 0 1 0 0 0 5 0 8 0 1 0 1 0 0 1 1 0 0 8 0 0 0 0 0 1 2 0 0 0 0 0 0 0 0 12 0 0 0 1 0 0 0 0 0 0 0 0 0 0 0 3 0 7 0 0 0 0 1 4 0 0 7 1 1 0 9 10 1 0 5 1 0 0 1 1 0 0 1 1 0 0 0 0 0 0 1 8 0 0 1 0 2 1 8 1 0 0 10 1 1 0 1 3 1 0 1 2 0 0 0 4 0 0 0 1 0 0 0 0 0 2 1 1 0 0 0 0 0 1 4 0 0 0 9 1 0 0 2 7 1 2 0 0 0 0 0 0 0 0 1 0 2 1 0
171 0 0 5 0 7 1 1 0 6 1 0 2 0 2 6 0 0 0 3 0 6 2 2 0 0 2 4 4 2 0 9 0 0 2 0 1 0 0 0 0 0 0 2 3 2 0 2 0 1 0 3 0 2 1 0 3 1 1 1 0 0 0 0 0 0 3 0 0 0 0 0 0 1 0 1 1 0 0 1 0 0 1 0 5 0 0 1 0 0 0 2 0 1 0 1 0 0 0 0 0 1 0 0 2 0 0 0 0 0 1 1 0 0 2 0 0 0 0 0 4 0 0 0 0 0 1 0 0 0 0 0 0 0 0 0 2 0 4 0 0 0 0 0 2 0 0 4 0 0 0 4 1 0 0 2 0 0 0 1 0 0 0 0 1 0 0 0 0 0 0 1 5 0 0 0 0 1 1 1 0 0 0 7 0 0 0 0 1 0 0 0 1 0 0 0 3 0 0 0 1 0 0 0 0 0 0 1 1 0 0 0 0 0 2 3 0 0 0 3 0 0 0 0 5 0 1 0 0 0 0 0 0 0 0 0 0 2 0 0
1722 2 0 22 2 14 19 0 0 21 8 1 0 0 11 19 1 0 5 10 0 15 14 14 0 5 8 15 23 21 0 17 0 0 15 1 0 0 0 0 0 0 0 0 7 7 0 17 0 4 1 11 1 1 0 0 25 0 1 8 0 0 0 0 0 0 12 0 0 0 0 0 3 2 0 0 4 1 0 9 0 0 1 1 12 4 0 0 0 0 0 6 0 15 0 0 0 0 0 4 0 0 0 0 4 1 0 0 0 0 0 1 0 0 0 1 0 0 0 0 16 0 0 0 0 0 0 0 1 0 0 0 0 0 0 0 8 0 12 0 0 0 1 0 5 0 0 12 1 0 0 9 8 2 0 3 0 0 0 5 0 0 2 0 0 1 1 0 0 0 1 0 4 0 3 0 0 0 5 20 5 0 0 11 0 0 0 0 3 0 0 6 0 1 0 0 1 0 0 0 0 0 0 0 0 1 1 2 0 0 0 0 0 0 1 10 1 0 0 3 3 0 0 0 4 0 3 1 1 0 0 0 0 1 0 1 0 3 0 0
367 0 3 15 1 11 22 3 1 15 8 1 0 0 12 13 2 1 3 16 0 19 4 19 0 1 9 10 15 10 0 13 1 0 16 1 1 0 1 0 0 0 1 0 3 6 0 7 0 0 0 8 0 5 0 2 18 0 3 7 2 1 4 2 0 0 11 1 0 0 0 2 2 1 0 1 4 3 0 6 0 0 3 1 8 2 1 0 0 0 0 6 0 11 0 0 0 1 0 1 0 0 0 0 1 1 0 0 0 0 0 2 0 0 1 1 0 4 0 0 7 0 0 0 1 0 0 0 0 0 0 2 0 0 0 0 5 0 5 0 3 0 1 1 3 0 0 6 2 2 1 4 9 1 1 8 1 2 1 1 0 1 0 0 0 1 1 0 0 0 1 0 1 0 0 1 0 1 4 14 2 0 1 9 1 0 0 1 0 0 2 5 0 1 0 0 0 0 0 0 1 2 0 0 0 0 0 2 0 0 0 0 0 0 0 11 1 0 0 5 4 0 1 2 2 0 5 1 1 0 0 0 0 0 0 0 0 0 0 0
340 0 0 16 3 15 17 0 0 20 5 0 0 1 14 14 0 0 6 8 0 11 10 10 0 0 12 7 16 15 0 16 0 0 9 4 1 0 0 0 0 0 0 0 2 3 0 9 0 0 0 6 0 3 0 0 19 3 1 9 1 0 0 1 1 0 5 0 2 0 0 0 3 1 0 0 3 0 0 6 0 0 0 1 9 2 2 0 0 1 0 9 0 9 1 1 2 0 1 1 0 0 1 0 9 1 0 0 0 0 0 1 1 0 3 0 0 0 0 0 11 0 2 2 3 0 0 0 1 0 1 0 0 0 0 0 3 0 7 0 0 0 1 0 6 0 0 6 0 0 0 3 5 1 0 2 0 0 0 0 0 0 2 0 0 1 0 1 0 0 0 0 2 0 0 0 0 5 4 5 0 0 0 7 0 1 4 0 2 0 0 6 1 1 0 0 1 1 2 0 0 2 1 0 0 0 2 1 1 0 0 0 0 0 0 8 1 0 0 4 8 0 0 0 2 0 2 1 1 2 0 0 0 0 0 0 0 1 0 0
424 0 0 18 1 5 16 0 0 14 8 0 0 0 5 13 1 4 6 13 1 12 3 9 1 0 4 9 15 13 1 14 0 1 12 0 0 0 0 0 1 0 0 0 2 1 0 5 0 0 1 10 0 2 0 0 16 0 0 9 0 0 0 0 1 0 7 0 2 0 0 0 2 1 1 0 5 0 0 6 0 0 0 1 11 0 0 1 0 1 0 7 0 10 0 0 0 0 1 1 2 0 0 0 4 1 1 0 0 0 0 1 0 1 1 0 0 0 0 0 9 0 0 0 0 0 0 0 2 0 0 0 0 0 0 1 0 1 3 1 0 1 1 0 3 0 0 8 0 0 0 5 6 1 0 4 2 0 0 0 0 1 1 0 0 1 0 0 0 0 0 0 3 0 0 0 0 1 2 9 2 0 1 5 0 0 0 0 1 0 0 2 0 1 0 0 1 1 0 0 0 0 0 0 0 0 0 0 0 0 2 0 0 0 0 12 1 0 0 2 7 0 0 0 3 0 0 1 1 1 0 0 0 0 0 0 0 1 0 0
3105 2 2 4 0 8 11 0 0 2 2 3 0 1 5 4 5 0 0 7 0 8 0 1 1 1 1 12 1 2 1 2 0 0 3 1 0 0 3 0 0 0 0 0 4 0 0 2 0 7 0 0 0 3 0 7 8 0 0 0 6 0 0 3 0 0 0 2 0 0 0 0 0 0 0 2 0 2 0 1 0 0 2 0 0 0 0 0 0 0 0 0 0 0 0 1 0 0 0 0 0 0 0 0 0 0 0 0 2 0 0 0 0 0 3 1 0 0 0 0 3 0 0 0 0 0 1 0 0 0 0 0 0 0 1 2 0 0 1 0 0 0 0 0 0 0 0 1 0 0 0 0 0 0 3 1 0 0 1 0 0 0 0 0 0 0 3 0 0 0 0 0 6 0 0 0 0 0 9 0 0 0 0 3 0 0 0 2 0 0 1 0 0 0 0 0 0 0 0 0 0 0 0 0 0 0 0 0 0 0 0 0 0 0 0 0 0 0 0 1 0 0 0 1 5 0 0 1 0 0 0 0 0 0 0 0 0 0 0 0
605 0 0 6 0 4 8 1 0 5 1 1 0 0 4 2 0 0 1 3 0 8 0 11 0 1 4 3 4 12 0 3 0 0 10 0 0 1 0 0 0 0 0 1 3 4 0 5 0 1 1 2 0 2 0 2 20 0 0 2 2 0 0 1 0 0 1 2 0 0 0 0 0 3 0 0 1 0 0 4 0 0 2 0 2 0 0 0 0 0 0 0 1 0 0 2 0 0 0 1 0 0 0 0 0 0 0 0 2 0 0 0 1 0 6 0 0 1 0 0 2 0 0 0 0 0 2 0 0 0 0 0 0 0 0 3 4 0 1 0 1 0 0 0 0 0 0 6 1 0 1 2 3 0 0 0 0 0 0 1 0 0 0 1 1 0 0 0 0 0 0 0 2 0 0 0 0 1 6 9 1 0 0 3 0 0 0 1 1 0 1 0 1 0 0 0 1 0 0 0 0 0 0 0 0 0 0 0 0 0 0 0 0 0 0 4 0 0 0 1 0 0 0 0 3 0 1 0 0 2 0 0 0 0 0 0 0 0 0 0
820 3 3 1 0 7 8 0 0 4 0 4 0 0 4 5 4 0 1 5 0 11 0 2 1 0 1 4 2 3 1 0 0 0 3 0 1 1 1 0 0 0 0 2 0 0 0 1 0 2 1 0 0 0 0 1 5 0 0 0 2 0 1 2 0 0 1 0 0 0 0 0 0 0 0 3 0 0 0 3 0 0 2 0 0 0 0 0 0 0 0 0 0 1 0 0 0 0 0 0 0 0 0 0 0 0 0 0 4 0 0 0 0 0 0 0 0 0 0 0 1 0 0 0 0 0 1 1 0 0 0 0 0 0 0 1 1 0 0 0 0 0 0 0 0 0 0 2 1 0 0 0 1 0 3 0 0 0 1 0 0 0 0 0 0 0 1 0 0 0 0 0 0 0 0 0 0 0 1 0 0 0 0 1 0 0 0 1 1 0 1 0 0 0 0 0 0 0 0 0 0 0 0 0 0 0 0 0 0 0 0 0 0 1 0 0 1 2 0 2 0 0 1 2 2 0 0 1 0 0 0 0 0 0 0 0 0 0 0 0
671 1 2 3 0 5 4 0 0 8 3 3 0 1 4 5 5 1 1 6 0 12 1 3 0 1 2 6 4 5 0 6 1 0 8 0 0 0 0 0 0 1 1 0 1 3 0 1 1 1 0 1 0 1 0 0 5 0 0 1 3 0 2 0 0 0 7 1 0 0 0 0 0 0 0 3 1 0 1 2 0 1 0 0 2 0 0 0 0 0 0 2 0 3 0 0 0 0 0 0 0 0 0 0 1 0 0 0 2 0 1 0 0 0 1 0 0 2 1 0 5 0 0 0 0 0 0 0 0 0 0 0 0 0 0 0 6 1 0 0 2 0 0 0 1 0 0 7 1 0 0 2 1 0 0 0 0 0 1 0 0 0 0 0 1 0 2 0 0 0 0 0 4 0 0 0 0 0 2 4 0 0 0 12 2 0 0 0 0 0 1 1 0 0 0 0 0 0 0 0 0 0 0 0 1 0 0 1 0 0 1 0 0 0 0 6 0 5 0 2 0 0 3 3 1 0 0 0 3 0 0 0 0 0 0 2 0 1 0 0
699 2 0 8 0 5 5 0 2 7 3 2 0 0 3 8 7 0 0 9 0 7 0 5 1 2 1 5 7 4 0 2 1 0 3 0 0 1 0 0 0 0 0 1 2 1 0 1 0 1 0 2 0 3 0 0 4 2 0 0 2 0 0 0 0 0 4 0 0 0 0 0 0 1 0 2 0 1 1 1 0 0 1 0 3 0 0 0 0 0 0 0 0 5 0 2 0 1 0 0 0 0 0 0 1 0 0 0 2 0 0 0 0 0 0 0 0 1 0 0 4 0 0 0 0 0 1 0 0 0 0 0 0 0 0 0 3 0 0 0 0 0 0 0 2 0 0 5 3 0 0 3 2 0 3 1 0 0 0 3 1 1 0 0 0 0 1 1 0 0 1 0 2 0 1 0 0 0 1 0 0 0 0 2 1 0 0 0 0 0 1 1 0 1 0 0 0 1 0 1 0 0 0 1 0 0 1 0 0 0 0 0 0 1 0 4 1 2 0 1 0 0 1 2 0 0 0 0 1 3 0 0 0 0 0 0 1 0 0 0
3140 0 0 2 0 5 10 0 0 4 1 1 0 0 4 3 1 0 0 6 0 4 0 0 2 0 1 10 0 1 1 0 0 0 2 1 0 0 1 0 0 0 0 0 1 0 0 6 0 4 0 0 0 9 0 7 9 0 0 0 5 0 0 1 1 1 0 3 0 0 1 0 0 0 0 0 0 1 0 2 0 0 4 0 2 0 0 0 0 0 0 0 0 1 0 0 0 0 0 0 0 0 0 0 0 0 0 0 2 0 0 0 0 0 5 0 0 0 0 0 1 0 0 0 0 0 2 0 0 0 3 0 0 0 1 3 0 0 0 0 0 0 0 0 0 0 0 1 1 1 0 0 0 0 3 1 0 0 0 1 0 0 0 0 0 0 3 0 0 0 0 0 1 0 0 0 0 0 6 0 0 0 0 2 0 0 0 0 0 0 1 0 0 0 0 0 0 0 0 0 1 0 0 0 0 0 0 0 0 0 0 0 0 0 0 0 0 0 0 0 1 0 0 0 2 0 0 0 0 0 0 0 0 0 0 0 0 0 0 0
638 0 0 7 0 7 4 0 0 15 1 1 0 0 5 10 0 0 4 1 0 5 1 1 0 0 1 4 11 3 1 7 0 0 5 0 0 0 0 0 0 1 0 1 1 3 0 7 0 1 0 5 1 1 0 2 4 0 1 3 2 0 0 0 0 0 1 1 0 0 0 0 0 1 0 0 5 0 0 3 0 0 1 0 12 2 0 0 1 1 0 0 0 0 0 0 0 0 1 0 2 0 0 0 1 1 0 0 3 0 0 2 0 0 0 0 0 0 0 0 8 0 0 0 0 0 0 0 1 0 0 0 0 0 0 0 0 0 5 0 0 1 0 0 8 0 0 4 0 0 0 6 2 1 0 4 0 0 0 1 0 0 0 0 0 0 0 1 0 0 0 0 4 0 0 0 0 0 0 0 1 0 0 5 0 0 0 1 0 0 0 2 0 0 0 0 0 0 0 0 1 0 1 0 0 0 1 1 0 0 4 0 0 0 0 0 2 0 0 1 2 0 0 0 0 0 2 1 0 0 0 0 0 0 0 0 0 1 0 0
590 0 0 14 0 9 12 0 1 1 0 0 0 0 9 7 0 0 0 3 0 6 1 4 0 2 6 11 0 3 0 3 0 0 3 0 0 0 0 0 0 0 0 0 1 0 0 10 0 2 0 2 0 2 0 2 13 0 0 0 2 0 0 0 0 0 5 1 1 0 0 0 0 1 0 0 0 0 0 5 0 0 0 1 2 0 0 0 0 0 0 0 0 2 0 0 0 0 0 0 1 0 0 0 0 0 0 0 1 0 0 0 0 0 1 0 0 0 0 0 2 0 0 0 0 0 0 0 1 0 1 0 0 0 0 0 3 0 0 0 0 0 0 0 1 0 0 4 0 0 0 0 2 0 0 0 0 0 0 1 0 0 0 0 0 0 0 0 1 0 0 0 1 0 0 0 0 0 1 5 0 0 0 4 0 0 0 0 0 0 0 1 1 0 0 0 0 1 0 0 1 0 0 0 0 0 0 0 0 0 3 0 0 0 0 2 1 0 0 0 0 0 0 2 3 0 0 0 0 0 0 0 0 0 0 0 0 0 0 0
3119 3 5 4 0 3 8 0 0 3 2 4 0 0 4 6 1 0 2 3 0 3 0 0 0 4 1 15 1 2 2 0 0 0 6 1 0 0 1 0 0 0 0 0 3 1 0 6 0 4 0 0 0 0 0 7 4 0 0 0 5 0 0 1 1 3 0 5 0 0 0 0 0 0 0 1 0 5 0 2 0 0 4 0 2 0 0 0 0 0 0 0 0 0 0 1 0 0 0 0 0 0 0 0 3 0 0 0 4 0 1 0 0 0 1 1 0 0 0 0 1 0 0 0 0 0 0 0 0 0 2 0 0 0 0 1 0 0 0 0 0 1 0 1 0 0 0 0 2 2 0 0 0 0 3 0 0 0 0 1 0 0 0 0 0 0 0 0 0 0 0 0 1 0 0 0 0 0 6 0 1 0 0 2 0 0 0 1 0 0 0 0 0 0 0 0 0 0 0 0 0 0 0 0 0 0 0 0 0 0 0 0 0 0 0 0 1 1 0 0 0 0 0 0 1 0 0 3 0 0 0 0 1 0 0 0 0 0 0 0
247 0 0 1 0 2 0 0 0 3 1 1 1 1 3 1 0 1 1 2 0 1 1 2 0 0 1 1 4 2 0 2 0 0 0 0 0 0 0 0 0 0 0 0 0 0 0 0 0 0 1 2 0 1 0 0 0 0 0 1 0 0 0 1 0 0 1 0 1 0 0 0 0 0 0 0 0 0 0 1 1 1 1 0 1 0 0 0 0 0 0 0 0 2 0 0 0 0 0 0 0 0 0 0 0 0 0 0 0 0 0 0 0 1 1 0 1 0 0 1 3 0 2 0 1 0 2 0 1 0 0 0 0 0 0 0 0 0 0 0 0 0 0 0 1 0 0 0 1 1 1 0 0 0 0 3 0 0 0 0 1 0 0 0 0 0 0 0 1 0 0 0 1 0 1 1 0 0 1 0 0 0 0 1 0 0 0 0 1 0 0 0 0 0 0 0 0 1 1 1 1 0 0 1 0 0 0 0 0 0 0 0 0 0 0 0 1 0 0 2 0 0 0 0 0 0 0 0 0 0 0 0 0 0 0 0 0 0 0 0
668 0 0 4 0 4 6 0 0 1 1 0 0 0 3 1 0 0 1 3 0 4 0 1 0 0 0 11 1 3 0 0 0 0 4 0 0 0 1 0 0 0 0 1 1 0 0 3 0 0 0 2 0 1 0 3 2 0 2 0 5 1 0 1 0 0 3 3 0 0 0 0 0 1 0 0 1 0 0 0 0 0 1 0 1 2 0 0 0 0 0 2 0 1 0 0 0 0 0 0 0 0 0 0 0 0 0 0 1 0 1 0 0 0 2 0 0 0 0 0 0 0 0 0 0 0 0 0 0 0 0 0 0 0 0 1 0 0 0 0 0 1 0 0 0 0 0 3 0 0 0 1 0 0 0 1 0 0 0 1 0 0 0 0 0 0 0 0 2 0 0 0 1 0 0 0 0 1 2 3 0 0 1 0 0 0 0 1 2 0 0 0 0 0 0 0 2 0 1 0 2 0 0 0 0 0 0 0 0 1 0 0 0 0 0 4 0 1 0 0 0 0 0 0 2 0 0 0 0 0 0 0 0 0 0 0 0 0 0 0
534 1 0 6 1 14 9 0 1 7 3 0 0 0 3 12 0 0 7 4 0 8 3 8 0 0 3 7 13 4 0 6 0 0 11 1 0 0 0 0 0 2 0 0 7 4 0 9 0 3 0 8 1 0 0 3 2 0 1 4 5 4 0 0 0 0 5 2 1 0 0 0 3 0 0 0 6 0 0 1 0 0 0 0 7 0 0 0 0 0 0 4 0 10 0 1 0 1 0 0 0 0 0 1 5 0 1 0 1 0 1 2 0 0 1 0 0 0 0 0 16 0 0 0 0 0 0 0 0 0 0 0 0 0 0 1 6 0 3 1 0 1 0 0 7 0 0 5 1 0 0 7 8 2 0 11 2 1 0 0 0 0 0 0 0 0 0 0 0 0 1 1 9 0 0 0 0 2 0 9 0 0 1 9 0 1 2 0 1 0 0 1 0 1 0 2 1 0 0 0 0 0 1 0 0 1 0 1 0 0 0 0 0 0 0 3 0 0 0 12 2 0 0 0 1 1 1 0 0 0 1 0 0 0 1 0 0 0 0 0
36 0 0 1 1 4 2 0 1 2 1 0 0 0 1 4 0 0 3 2 0 5 0 3 0 0 1 1 1 1 0 2 0 0 2 1 0 1 0 0 0 0 0 0 1 2 0 2 0 0 0 3 1 0 0 0 0 0 0 3 0 2 0 0 0 0 3 0 1 0 0 0 1 0 0 0 2 1 0 0 1 0 0 0 2 0 0 0 0 0 0 1 0 2 0 0 0 0 0 0 0 0 0 1 2 0 0 0 0 0 0 0 1 0 1 0 0 0 0 0 3 0 0 0 0 0 1 0 0 0 0 0 0 0 0 0 1 0 1 0 0 1 0 0 2 0 0 2 0 0 0 2 3 1 0 3 0 0 0 0 0 0 3 0 0 0 0 0 0 0 0 0 5 0 0 0 0 1 2 4 0 0 1 3 0 0 0 0 2 0 0 0 0 0 0 0 0 0 0 0 0 0 0 0 0 1 0 2 0 0 0 0 0 0 0 0 0 0 0 4 1 0 0 0 1 0 1 0 0 0 0 0 0 0 0 0 0 0 0 0
201 0 0 0 0 5 2 0 0 3 0 0 0 0 0 5 0 0 4 2 0 2 0 3 0 0 0 3 2 1 0 0 0 0 1 1 0 0 0 0 0 0 0 0 1 2 0 3 0 2 0 4 0 1 0 0 0 0 1 1 0 1 0 0 0 0 3 0 1 1 0 0 2 0 0 1 2 0 0 0 0 0 0 0 1 0 0 0 0 0 0 0 0 2 0 0 0 0 0 0 0 0 0 0 3 0 0 0 0 0 0 1 0 0 0 0 0 1 0 0 2 0 0 0 0 0 0 1 1 0 0 0 0 0 0 0 0 0 2 0 0 1 0 0 3 0 0 3 0 1 0 2 4 1 0 4 0 2 0 0 0 0 0 0 0 0 1 0 0 0 0 0 3 0 0 0 0 0 0 3 0 0 0 5 0 0 1 1 0 0 0 0 0 0 0 0 0 0 0 0 0 0 0 0 0 0 0 1 0 0 0 0 0 0 0 0 0 0 0 5 1 0 0 0 1 0 1 0 0 0 0 0 0 0 1 0 0 0 0 0
583 1 2 7 0 6 5 4 0 20 3 0 0 0 2 17 2 3 5 2 0 1 6 4 0 3 0 9 7 2 0 12 0 0 3 0 0 0 0 0 0 0 0 0 4 12 0 2 0 0 0 5 0 0 0 2 2 2 1 4 6 3 1 0 0 0 3 2 2 2 0 0 0 0 0 0 5 1 0 0 0 0 4 0 8 0 0 0 0 0 0 8 0 6 0 2 0 0 0 1 0 1 0 0 3 0 0 0 1 0 1 1 0 0 0 0 1 6 0 3 6 0 0 0 0 1 0 0 1 0 0 0 0 0 0 1 4 1 2 2 1 0 0 3 0 0 0 2 3 1 2 7 4 0 0 4 0 0 0 0 1 1 0 0 0 0 0 3 0 0 0 0 1 0 0 0 0 1 0 2 0 1 0 3 2 1 0 0 2 0 0 2 4 0 0 0 1 0 0 0 0 0 2 1 0 0 0 1 0 0 1 0 0 1 0 3 1 0 0 8 3 0 1 1 1 0 0 0 2 0 0 0 0 0 0 0 0 0 0 0
3153 2 0 3 0 2 2 0 0 4 4 1 1 0 1 3 7 1 2 5 0 10 0 0 3 1 1 4 0 2 3 0 0 0 4 0 0 0 0 0 0 0 0 0 5 1 0 2 0 3 1 0 0 2 0 1 11 0 1 1 2 0 0 0 0 0 0 8 0 0 0 0 0 0 0 2 0 1 1 1 0 0 2 0 0 0 0 0 0 0 0 1 0 1 0 0 0 0 0 0 0 0 0 0 1 0 0 0 1 0 0 0 0 0 0 2 0 0 1 0 0 0 0 0 0 0 3 0 1 0 0 0 0 0 1 2 0 0 0 0 0 0 0 0 0 0 0 0 0 4 0 0 0 0 2 0 0 0 0 0 0 0 0 0 0 0 4 0 0 0 0 0 2 0 0 0 0 0 3 0 0 0 0 0 0 0 0 0 0 0 0 0 0 0 0 0 0 0 0 0 0 0 0 0 0 0 0 0 0 0 0 0 0 1 0 1 0 1 0 0 1 0 0 0 2 0 0 0 0 1 0 0 0 0 0 0 0 0 0 0
636 0 0 5 1 7 0 0 1 6 1 0 0 1 5 5 2 0 0 6 0 4 1 9 6 2 5 6 4 7 2 5 0 0 8 0 0 0 1 0 0 0 0 0 8 0 0 3 1 1 1 3 0 0 0 0 2 2 0 5 2 0 1 0 0 0 8 10 0 0 0 0 2 1 0 2 1 0 0 1 0 0 2 1 3 1 0 0 0 0 0 0 0 4 0 1 1 0 0 1 0 0 0 0 0 0 0 0 0 0 0 0 0 1 1 0 0 0 0 0 9 0 0 0 0 0 0 0 1 0 0 0 0 0 0 0 3 0 2 0 0 0 0 0 2 0 0 14 0 2 0 0 0 2 4 8 1 0 0 1 0 0 0 0 0 0 5 0 0 0 0 0 4 0 1 4 0 0 0 4 0 0 0 10 0 0 0 0 1 0 2 1 0 0 0 0 1 0 1 0 3 0 0 0 1 1 1 1 0 0 1 0 0 0 0 2 2 2 0 0 0 0 2 0 2 0 2 0 0 0 0 0 0 1 0 0 0 0 0 0
598 1 0 8 0 14 6 0 1 11 8 0 0 3 6 3 0 0 0 7 0 4 4 6 2 0 2 6 11 8 1 7 0 0 4 1 0 1 0 0 0 2 0 0 13 3 1 5 0 2 0 6 0 0 0 0 6 0 1 3 1 0 0 0 1 0 7 7 0 0 0 0 1 0 0 0 5 0 1 5 0 0 0 0 8 0 0 0 0 0 0 0 0 1 0 0 0 0 0 0 0 0 0 0 2 0 0 0 0 0 1 0 0 0 4 2 3 0 0 0 8 0 0 0 0 0 1 0 0 0 0 0 0 0 0 0 7 0 2 0 0 1 0 0 1 0 0 5 1 1 0 9 6 3 1 10 1 1 0 1 0 0 1 0 0 0 2 0 0 2 0 0 8 0 0 1 0 0 0 6 0 0 0 4 0 0 0 0 2 1 0 2 0 0 0 2 0 0 0 0 7 0 0 0 1 0 0 0 0 0 0 0 0 0 0 3 1 1 0 7 0 0 0 1 1 1 3 0 2 1 0 0 0 0 0 2 0 1 0 0
