756 5 5 0 2 5 2 0 8 1 8 2 0 1 13 12 0 8 0 5 1 0 0 7 5 0 0 3 3 1 1 1 0 2 4 4 2 8 1 0 0 1 1 0 0 0 0 0 0 2 0 0 0 0 0 0 0 0 0 0 0 0 0 3 0 1 0 2 0 0 0 0 0 0 0 0 0 0 0 0 0 1 0 1 1 0 0 0 0 0 0 0 0 0 0 0 0 0 0 0 0 0 0 0 2 0 2 0 0 0 0 1 0 0 0 0 0 0 0 0 0 0 0 0 0 0 0 0 0 0 0 0 1 0 0 0 0 0 2 0 0 0 5 0 0 0 0 0 0 0 0 0 0 0 0 0 0 0 0 0 0 0 0 0 0 0 0 0 0 0 0 0 0 0 0 0 0 0 0 0 0 1 0 2 0 0 0 0 0 0 0 0 0 0 0 0 0 0 0 0 0 0 0 0 0 0 0 0 0 0 0 0 0 0 1 0 0 0 0 0 0 0 0 0 0 0 1 0 0 3 0 0 0 0 0 0 0 0 0 0
682 2 14 0 2 13 3 3 9 2 12 12 0 0 3 3 2 8 3 14 0 0 0 12 10 1 1 6 7 2 3 3 3 0 4 9 3 6 4 0 0 0 0 0 0 0 0 1 0 2 0 0 0 0 0 0 0 0 0 0 2 0 0 1 0 1 0 9 0 0 0 0 0 0 0 0 0 0 0 0 0 0 0 1 2 0 0 0 1 0 0 0 0 0 0 0 0 0 0 0 0 0 0 0 1 1 2 0 0 0 0 0 0 0 0 0 0 0 0 0 0 0 0 0 0 0 0 0 0 0 0 0 1 0 0 0 0 0 1 0 1 0 7 1 0 0 0 0 0 0 0 0 0 0 0 0 0 0 0 0 0 0 0 0 0 0 0 0 0 0 0 0 0 0 0 0 0 0 0 0 0 1 0 1 0 0 0 0 0 0 0 0 0 0 0 0 0 0 0 0 0 0 0 0 0 0 0 0 0 7 0 0 0 0 0 0 0 0 0 0 0 1 0 0 0 0 1 0 0 1 0 1 0 0 0 0 0 1 0 0
795 1 8 0 1 6 5 1 3 0 7 4 0 1 3 1 1 3 2 5 1 1 0 4 2 0 0 4 3 0 1 1 2 0 2 6 3 1 1 1 0 0 0 0 0 0 0 1 0 1 0 0 0 0 0 0 0 0 0 0 0 0 0 0 1 0 0 2 0 0 0 0 0 0 0 0 0 0 0 0 0 0 0 0 0 0 0 0 0 0 0 0 0 0 0 0 0 0 0 0 0 0 0 0 0 0 4 0 0 0 0 0 0 0 0 0 0 0 0 0 0 0 0 0 0 0 0 0 0 0 0 0 0 0 2 0 0 0 0 0 0 0 5 0 0 0 0 0 0 0 0 0 0 0 0 0 0 0 1 0 0 0 0 0 1 0 0 0 0 0 1 0 0 0 0 0 0 0 0 0 0 1 0 2 2 0 0 0 0 0 0 0 0 0 0 0 0 0 0 0 0 0 0 0 0 0 0 0 0 5 0 0 0 0 0 0 0 0 1 0 0 0 0 0 0 0 0 0 0 0 0 0 0 0 0 0 0 0 0 0
803 2 6 1 1 10 2 1 2 1 5 6 0 1 1 1 0 3 0 0 0 0 1 3 5 1 0 2 3 0 2 1 1 3 6 2 0 5 0 0 0 1 0 0 0 0 0 0 0 5 0 0 0 0 0 0 0 0 0 0 1 0 0 2 0 0 0 3 0 0 0 0 0 0 0 0 0 0 0 0 0 0 0 0 0 0 0 0 0 0 0 0 0 0 0 0 0 0 0 0 0 0 0 0 2 0 2 0 0 0 0 0 0 0 0 0 0 0 1 0 0 0 0 0 0 0 0 0 0 0 0 0 0 0 0 0 0 0 1 0 2 0 7 0 0 0 0 0 0 0 0 0 0 0 0 0 0 0 0 0 0 0 0 0 0 0 0 0 0 0 0 0 0 0 0 0 0 0 0 0 0 0 0 0 0 0 0 0 0 0 0 0 0 0 0 0 0 0 0 0 0 0 0 0 0 0 0 0 0 0 0 0 0 0 0 0 0 0 0 1 0 0 0 0 0 0 0 1 0 0 0 0 0 0 0 0 0 0 0 0
693 4 9 0 2 7 4 3 11 1 10 7 0 1 7 6 6 4 0 9 0 0 2 12 8 3 1 10 3 4 5 1 3 3 3 18 1 3 2 0 0 0 0 0 0 0 0 0 0 2 0 0 0 0 0 0 0 0 0 0 0 0 0 0 0 0 0 5 0 0 1 0 0 0 1 0 0 0 0 0 0 2 0 0 0 0 0 0 0 0 0 0 0 0 0 0 0 0 0 0 0 0 0 0 1 0 3 0 0 0 2 1 0 0 0 0 0 0 2 0 0 0 0 0 0 0 0 0 0 0 2 0 1 0 0 0 0 0 1 0 0 0 6 0 0 0 0 0 0 0 0 0 0 0 1 0 0 0 0 0 0 0 0 0 2 0 0 0 0 0 0 0 0 0 0 0 0 0 0 0 0 1 0 1 0 0 0 0 0 0 0 0 0 0 0 0 0 0 0 1 0 0 0 0 0 0 0 0 0 3 0 0 0 0 1 0 0 0 0 0 0 0 0 0 0 0 2 0 1 1 0 0 0 0 0 0 0 0 0 0
724 5 5 1 5 13 3 0 7 0 13 9 0 0 7 2 3 5 1 4 1 1 0 6 5 2 3 4 9 4 2 1 2 2 6 4 1 7 2 0 0 0 1 0 0 0 0 1 0 4 0 0 0 0 0 0 0 0 0 0 0 0 0 2 0 0 0 4 0 0 1 0 0 0 1 0 1 0 0 0 0 0 0 0 1 0 0 0 0 0 0 0 0 0 0 0 0 0 0 0 0 0 0 0 1 0 1 0 0 0 0 0 0 0 0 0 0 0 0 0 0 0 0 0 0 0 1 0 0 0 0 0 2 0 1 0 0 0 0 0 0 0 7 0 0 0 0 0 0 0 0 0 0 0 0 0 0 0 0 0 0 0 0 0 0 0 0 0 0 0 0 0 0 0 0 0 0 0 0 0 0 1 0 0 0 0 2 0 0 0 0 0 0 0 0 0 0 0 0 0 0 0 0 0 0 0 0 0 1 3 0 0 0 0 2 0 0 0 0 0 0 0 0 0 0 0 1 0 0 0 0 0 0 0 0 0 0 2 0 0
772 2 4 0 2 8 1 2 9 0 7 0 0 0 8 2 0 2 2 3 0 0 0 8 4 0 2 2 4 1 2 1 4 0 2 11 1 5 3 0 0 0 1 0 0 0 0 0 0 1 0 0 1 0 0 0 0 0 0 0 0 0 0 0 0 1 0 4 0 0 0 0 0 0 0 0 0 0 0 0 0 0 0 0 0 0 0 0 1 0 0 0 0 0 0 0 0 0 0 0 0 0 0 0 0 0 2 0 0 0 0 1 0 0 0 0 0 0 1 0 0 0 0 0 0 0 0 0 0 1 0 0 2 0 2 0 0 0 2 0 0 0 5 0 0 0 0 0 0 0 0 0 0 0 0 0 0 0 0 0 0 0 0 0 0 1 0 0 0 0 1 0 0 0 0 0 0 0 0 0 0 1 0 1 0 0 1 0 0 0 0 0 0 0 0 0 0 0 0 0 0 0 0 0 0 0 0 0 0 3 0 0 0 0 2 0 0 0 0 0 0 0 0 0 0 0 1 0 0 0 0 0 0 0 0 0 0 0 0 0
759 2 4 0 5 9 3 0 5 0 6 5 0 2 3 1 0 4 2 3 0 1 1 7 5 0 1 2 5 1 3 4 2 1 7 5 5 7 2 0 0 0 1 0 0 0 0 0 0 4 0 0 0 0 0 0 0 0 0 0 0 0 0 2 0 0 0 6 0 1 0 0 0 0 0 0 0 0 0 0 0 0 0 0 1 0 0 0 1 0 0 0 0 0 0 0 0 0 0 0 0 0 0 0 1 0 1 0 0 0 0 0 0 0 0 0 0 0 1 0 0 0 0 0 0 0 0 0 0 0 1 0 1 0 1 0 0 0 1 1 0 0 5 0 0 0 0 0 0 0 0 0 0 0 0 0 0 0 0 0 0 0 0 0 0 0 0 0 0 0 0 0 0 0 0 1 0 0 0 0 0 0 0 0 0 0 1 0 0 0 0 0 0 0 0 0 0 0 0 0 0 0 0 0 0 0 0 0 0 2 0 0 0 0 2 0 0 0 0 0 0 0 0 0 0 0 1 0 0 0 0 0 0 0 1 0 1 0 0 0
755 6 8 1 2 6 5 1 2 1 5 1 2 1 3 1 3 1 1 12 0 0 1 3 3 1 0 4 4 1 3 1 3 2 3 15 2 4 4 1 0 0 0 0 0 0 0 1 0 3 0 0 0 0 0 0 0 1 0 0 0 0 0 0 0 1 0 5 0 0 0 0 0 0 0 0 0 0 0 0 0 0 0 0 1 0 0 0 0 0 0 0 0 0 0 0 0 0 0 0 0 0 0 0 1 0 3 0 0 0 0 0 0 0 0 0 0 0 0 0 0 0 0 0 0 0 0 0 0 0 1 0 1 0 0 0 0 0 1 0 0 0 6 0 0 0 0 0 0 0 0 0 0 0 0 0 0 0 0 0 0 0 0 0 0 0 0 0 0 0 0 0 0 0 0 0 0 0 0 0 0 0 0 0 0 0 2 0 0 0 0 0 0 0 0 0 0 0 0 0 0 0 0 1 0 0 0 0 0 4 0 0 0 0 0 0 0 0 0 0 0 0 0 0 0 0 0 1 1 0 0 0 1 0 0 1 1 1 0 0
688 4 12 1 4 15 8 3 8 2 8 9 0 3 8 0 0 5 4 1 0 0 0 4 9 2 1 6 8 2 1 3 5 0 5 11 2 9 4 0 0 0 0 0 0 0 0 0 0 2 0 0 0 0 0 0 0 0 0 0 0 0 0 2 1 0 0 4 0 0 0 0 0 0 0 0 0 0 0 0 0 1 0 0 2 0 0 0 0 0 0 0 0 0 0 0 0 0 0 0 0 0 0 0 0 0 5 0 0 0 0 1 0 0 0 0 0 0 0 0 0 1 0 0 0 0 0 0 0 0 2 0 0 0 2 0 0 0 2 0 1 0 10 0 0 0 0 0 0 0 0 0 0 0 1 0 0 0 0 0 0 0 0 0 0 1 0 0 0 0 0 0 0 0 0 1 0 0 0 0 0 0 0 1 0 0 1 0 0 0 0 0 0 0 0 0 0 0 0 0 0 0 0 0 0 0 0 0 0 6 0 0 1 0 1 0 0 0 0 0 0 0 0 0 0 0 2 0 0 1 0 0 1 0 1 0 0 1 0 0
792 4 7 1 1 10 4 3 2 1 4 2 0 0 1 3 0 1 0 4 2 0 0 2 3 0 0 5 2 1 2 1 1 2 3 5 3 4 0 0 0 0 1 0 0 0 0 1 0 2 0 0 0 0 0 0 0 0 0 0 0 0 1 0 0 0 0 3 0 0 0 0 0 0 0 0 0 0 0 0 0 0 0 0 0 0 0 0 0 0 0 0 0 0 0 0 0 0 1 0 0 0 0 0 0 0 4 0 0 0 0 0 0 0 0 0 0 0 0 0 0 0 0 0 0 0 0 0 0 0 0 0 2 0 0 0 0 0 1 0 0 0 8 0 0 0 0 0 0 0 0 0 0 0 0 0 0 0 0 0 0 0 0 0 1 0 0 0 0 0 0 0 0 0 0 0 0 0 0 0 0 0 0 0 0 0 1 0 0 0 0 0 0 0 0 0 0 0 0 1 0 0 0 0 0 0 0 0 0 3 0 0 0 0 2 0 0 0 0 0 0 0 0 0 0 0 0 0 0 1 0 0 1 0 0 0 0 0 0 0
780 3 7 0 2 10 5 2 4 0 11 2 0 1 7 2 0 3 3 10 1 1 0 8 6 0 2 3 5 3 4 0 2 1 2 11 3 9 3 0 0 0 1 0 0 0 0 0 0 5 0 0 0 0 0 0 0 0 0 0 0 0 0 1 0 1 0 6 0 0 0 0 0 0 0 0 0 0 0 0 0 0 0 0 1 0 0 0 1 0 0 0 0 0 0 0 0 0 0 0 0 0 0 0 0 0 3 0 0 0 1 1 0 0 0 0 0 0 0 0 0 0 0 0 0 0 0 0 0 0 0 0 3 0 3 0 0 0 1 0 0 0 6 0 0 0 0 0 0 0 0 0 0 0 0 0 0 0 0 0 0 0 0 0 0 0 0 0 0 0 0 0 0 0 0 0 0 0 0 0 0 2 0 0 1 0 0 0 0 0 0 0 0 0 0 0 0 0 0 0 0 0 0 0 0 0 0 0 0 4 0 0 0 0 2 0 0 0 0 0 0 0 0 0 0 0 0 0 1 1 0 0 0 0 0 0 0 1 0 0
388 7 19 14 1 11 0 7 6 8 0 10 9 2 11 5 10 0 1 3 0 3 5 2 16 1 16 14 7 5 0 2 11 13 11 3 12 10 0 5 0 0 0 0 0 0 0 0 0 0 1 0 1 1 1 1 0 0 0 0 2 3 11 14 6 1 1 2 0 1 1 1 0 0 0 0 0 2 2 0 0 0 0 3 0 0 3 0 7 0 2 0 0 2 0 1 0 0 1 0 0 0 0 0 10 1 1 2 0 0 0 6 1 0 1 0 1 0 0 0 0 0 0 0 0 0 1 1 0 2 0 0 11 2 5 0 3 0 0 10 4 1 15 1 4 2 0 0 0 2 1 0 0 1 1 2 2 3 2 0 2 1 3 0 2 1 0 2 1 0 0 0 0 0 0 0 1 0 0 2 3 8 0 3 0 2 2 0 0 0 0 3 0 1 1 1 0 0 0 0 0 1 0 1 1 0 1 0 0 1 6 0 1 0 7 9 0 0 0 1 1 1 1 0 0 1 1 2 1 3 3 0 3 0 3 1 2 0 0 1
384 13 9 13 0 13 4 11 8 8 7 5 3 4 13 3 11 0 0 4 4 3 1 0 21 2 19 15 9 2 0 0 10 8 9 1 14 10 1 15 1 1 0 0 0 0 0 0 1 0 0 0 2 1 0 0 0 0 0 1 0 0 8 18 7 1 0 7 0 0 0 1 0 0 0 0 1 1 3 1 0 0 0 3 0 0 6 0 6 0 1 0 1 0 0 0 1 0 2 1 0 0 0 0 6 1 0 5 0 3 1 0 1 1 0 2 0 0 0 3 0 0 0 0 0 0 0 3 0 1 3 0 6 0 10 1 0 0 0 4 11 0 15 0 0 2 0 1 0 0 0 0 0 2 1 2 3 2 0 0 1 4 2 1 0 0 0 5 0 0 0 1 3 0 0 0 1 0 0 3 4 10 0 2 0 0 2 0 0 1 0 0 0 0 0 0 0 0 0 0 1 1 0 0 2 0 3 0 0 0 4 0 0 0 8 8 0 1 0 0 0 0 0 0 0 0 1 7 5 0 2 0 0 0 1 0 1 1 0 1
359 5 19 14 0 8 1 13 5 4 11 6 5 3 8 4 13 0 0 11 8 6 6 0 23 4 23 16 5 3 0 1 6 13 10 1 12 6 0 7 7 0 1 0 0 0 0 0 0 0 0 0 7 0 0 0 0 1 1 0 2 1 10 19 7 0 0 4 0 0 0 2 0 0 0 0 0 1 0 0 0 0 0 4 0 0 3 0 11 0 1 0 0 0 0 0 0 0 3 2 0 0 1 0 11 0 0 2 0 1 0 2 5 0 0 0 0 2 0 0 0 0 1 0 0 0 1 0 0 2 2 1 4 1 9 0 0 0 0 7 9 4 13 2 0 4 5 0 0 0 1 0 1 1 0 0 5 3 0 0 0 0 1 2 0 0 0 2 0 1 0 3 0 1 0 0 1 2 2 2 3 6 0 0 1 0 2 0 0 1 1 0 0 0 1 1 0 0 0 0 0 1 0 0 0 0 0 1 0 1 4 0 0 0 9 9 0 2 0 0 0 0 0 0 2 1 0 6 3 1 4 0 0 1 1 2 0 0 0 3
147 17 9 15 0 32 9 23 8 5 19 11 12 10 11 7 18 2 0 9 22 10 13 1 17 6 20 11 15 12 0 0 9 10 9 0 8 24 0 14 2 2 0 0 1 0 1 0 0 5 0 0 3 0 3 1 0 0 0 0 2 1 6 11 10 0 0 13 0 0 0 1 1 0 0 0 0 2 1 0 0 1 0 9 0 0 0 0 10 0 0 1 0 0 0 1 0 1 1 2 0 0 0 0 22 0 0 3 0 0 0 0 1 7 0 1 0 0 1 0 0 0 2 0 0 0 0 0 0 2 1 0 19 1 25 2 1 1 0 12 5 5 16 0 3 4 1 2 1 2 1 0 0 0 1 5 2 4 1 1 3 0 1 0 1 0 1 0 0 0 0 3 0 0 0 0 1 0 1 0 2 10 0 1 5 0 6 0 0 1 1 0 0 0 1 1 0 0 0 0 2 0 0 0 0 0 2 0 1 3 14 0 0 0 8 7 0 1 0 0 0 0 0 0 0 0 1 5 3 0 0 0 2 0 2 2 2 0 0 4
231 18 16 17 0 11 6 11 7 8 4 8 12 7 6 3 15 1 0 7 11 5 2 1 17 3 26 15 11 5 0 0 6 9 12 2 12 16 1 11 2 0 3 0 0 0 0 0 0 1 0 0 3 1 0 0 0 1 0 1 2 0 14 19 8 0 2 10 1 3 2 2 4 0 0 0 0 0 3 0 0 1 0 2 1 1 4 0 12 0 0 0 0 0 0 2 0 0 5 4 0 1 0 0 20 0 0 2 1 1 0 1 2 1 1 0 1 0 0 1 0 0 2 0 1 0 1 1 0 2 0 0 10 0 18 1 0 4 0 7 12 5 8 0 1 1 4 4 0 2 3 0 0 1 1 3 3 5 0 0 0 1 0 0 2 0 1 4 0 0 1 2 2 1 1 0 1 3 0 1 3 12 0 0 0 3 4 2 0 0 1 0 1 0 1 0 1 0 0 0 1 0 0 0 1 1 3 0 0 1 6 0 1 0 7 15 0 0 0 2 1 0 0 0 0 0 2 6 1 0 4 1 0 0 5 2 1 2 0 0
304 7 20 21 0 8 1 7 7 10 6 22 5 4 11 15 19 1 0 4 5 2 4 0 23 3 18 13 3 7 0 0 13 13 11 0 9 16 1 7 1 0 1 0 0 0 0 0 0 1 0 3 4 1 1 0 0 0 0 0 0 1 13 20 11 1 0 16 1 0 1 1 1 0 0 0 0 1 3 0 0 1 0 2 0 1 3 0 10 0 2 3 0 1 0 2 0 0 3 1 0 0 0 0 5 3 0 0 0 0 0 3 3 1 2 2 0 2 1 0 0 0 0 0 0 0 0 1 2 1 3 0 11 1 9 1 1 1 0 2 13 3 9 1 2 0 1 1 0 2 3 0 0 0 0 1 2 0 0 2 4 0 5 1 0 0 0 0 0 0 0 0 0 3 0 0 1 1 0 0 4 10 0 0 0 0 3 0 0 1 0 1 0 0 2 0 0 0 0 0 1 0 0 0 0 0 0 0 0 1 4 0 0 0 10 15 0 0 1 1 0 0 0 0 0 0 1 5 3 2 1 0 1 0 2 0 0 0 0 0
350 11 17 16 2 11 4 13 9 6 3 6 4 1 10 5 13 1 0 10 4 2 1 0 19 3 16 13 3 2 1 1 12 9 9 2 10 15 0 7 2 0 0 0 0 0 0 1 2 0 0 0 2 0 1 1 0 0 0 0 1 0 12 13 9 1 0 16 0 1 2 1 1 0 0 0 1 0 0 0 0 0 1 2 0 0 1 5 13 1 0 3 1 0 0 1 0 0 1 0 1 1 0 0 9 0 0 3 1 0 2 3 2 1 0 1 0 4 1 0 0 0 1 0 0 1 0 1 1 5 0 0 5 0 7 1 0 1 0 3 12 2 19 0 0 1 1 0 1 2 1 1 0 0 3 0 0 0 1 1 0 1 0 3 2 1 0 3 0 0 0 1 0 1 0 0 1 2 1 1 5 7 0 2 0 1 3 1 1 0 0 0 1 0 2 0 0 0 0 0 0 0 0 0 0 0 0 0 1 1 2 0 1 0 8 12 0 0 1 0 0 0 1 0 1 0 4 4 1 2 2 0 1 2 2 2 1 1 1 2
288 12 21 19 0 12 4 11 9 11 5 7 4 2 11 4 22 0 0 7 5 6 5 0 28 3 20 13 10 3 0 1 9 13 9 2 20 4 3 10 8 1 0 0 0 0 0 0 0 0 0 0 2 1 0 0 0 1 1 0 1 0 18 23 8 0 0 14 0 2 1 2 1 0 0 0 0 2 2 0 0 1 0 8 0 1 1 0 10 0 0 0 0 0 0 0 1 0 3 1 0 0 1 0 5 0 0 1 0 0 2 2 1 2 1 0 1 0 0 1 0 0 0 0 1 0 2 0 1 4 0 1 3 0 10 1 1 1 0 5 8 2 9 0 1 3 2 2 0 1 1 0 2 1 1 3 2 2 0 0 2 1 2 0 1 0 0 0 0 1 0 1 2 0 1 0 1 1 0 1 3 9 0 1 1 1 3 0 1 1 0 0 0 0 0 1 0 0 0 0 1 0 0 0 0 0 3 1 0 0 7 0 1 0 7 9 0 0 0 1 0 0 1 0 0 0 4 5 5 0 2 0 1 0 3 3 0 2 2 3
252 12 23 25 2 7 3 6 11 2 8 11 7 6 9 9 18 1 0 11 4 0 0 3 25 4 22 15 6 1 1 0 5 5 7 0 13 11 0 12 2 0 3 0 0 0 0 0 0 0 0 0 4 0 1 0 0 1 1 0 1 0 16 22 17 2 0 12 0 1 0 1 0 0 0 0 0 2 1 0 0 0 1 5 0 1 7 0 15 0 0 0 0 2 0 0 0 0 4 0 1 1 0 2 4 4 1 2 0 0 1 2 3 0 3 2 2 2 0 0 0 0 0 0 0 1 0 2 0 1 2 0 5 1 16 1 0 0 0 6 10 4 3 0 1 2 2 2 0 0 6 0 1 1 1 3 2 5 0 0 3 0 1 1 2 0 0 1 4 0 1 2 1 2 2 1 0 2 0 2 4 6 0 1 0 1 2 0 0 1 2 0 0 2 0 1 1 0 0 0 1 0 0 1 1 0 2 0 0 1 7 0 1 1 7 13 0 0 0 1 2 1 0 0 1 1 1 5 7 7 4 1 3 0 4 3 1 0 0 0
301 12 17 17 0 15 0 11 7 5 9 15 11 0 6 2 16 0 1 6 7 2 4 3 25 4 19 6 3 3 1 0 10 10 12 1 13 10 0 7 4 1 1 0 1 0 1 0 1 0 1 0 1 0 0 0 1 1 3 1 0 2 12 10 8 0 1 12 0 4 0 1 1 0 0 0 0 0 1 0 0 1 0 2 1 0 2 1 8 0 2 0 0 0 1 3 0 0 3 1 0 2 0 1 10 0 0 4 0 1 2 1 0 1 0 0 0 2 0 0 0 0 0 0 1 1 1 0 1 8 2 0 6 3 13 1 0 1 1 3 7 2 14 0 0 0 1 5 2 1 0 0 1 2 0 0 1 0 0 0 3 1 4 1 1 1 0 0 0 0 0 1 0 1 1 0 0 6 0 1 4 10 0 3 0 2 1 0 1 3 2 0 0 2 3 0 0 0 0 1 1 2 0 4 0 0 1 0 0 4 5 0 0 0 10 6 0 2 1 0 2 0 0 0 3 0 1 5 3 9 2 0 2 1 1 1 0 0 2 2
255 9 18 27 1 13 9 7 7 5 19 6 5 12 7 3 26 0 0 11 8 6 9 0 31 2 29 20 11 7 0 0 4 6 7 0 12 5 0 14 4 0 2 0 0 0 1 0 0 0 0 0 4 0 2 0 0 0 1 1 0 4 13 21 15 0 0 7 0 4 0 0 0 1 0 0 0 4 3 0 0 0 0 6 0 0 6 0 8 0 2 0 0 0 0 1 0 0 2 2 0 0 0 0 6 0 0 0 0 0 0 1 2 0 0 0 0 0 1 0 0 0 1 0 1 0 3 4 1 3 1 0 7 0 12 0 0 1 0 10 13 2 7 1 3 4 2 2 0 0 2 0 0 1 0 1 6 4 0 0 0 0 1 2 2 1 0 3 0 0 0 1 1 3 1 0 1 0 0 0 2 4 0 0 1 0 4 1 0 0 0 0 0 0 0 0 1 0 0 0 1 0 0 0 1 0 3 0 0 0 10 0 0 0 5 15 0 1 0 0 0 0 0 0 0 0 0 4 3 0 0 0 0 0 3 1 3 3 1 0
104 14 17 14 3 15 3 16 15 10 11 8 13 9 12 4 18 0 0 6 10 5 9 0 31 4 22 15 12 6 1 3 15 9 15 1 14 15 0 21 2 0 0 0 1 1 0 0 0 1 0 0 4 0 0 1 0 3 0 0 4 1 11 30 14 0 0 10 0 3 1 3 2 0 1 3 0 2 2 0 0 1 2 6 0 0 11 2 10 0 0 2 0 1 1 2 0 0 2 0 0 0 0 1 19 1 1 1 0 0 0 0 3 4 2 1 0 0 0 1 1 0 1 0 0 0 0 1 1 1 1 1 13 0 12 1 0 1 0 12 13 6 11 1 1 3 1 3 1 1 2 0 1 2 0 6 6 2 0 0 0 1 1 1 3 0 0 1 2 0 1 0 0 7 0 1 0 2 0 4 1 4 1 0 2 0 2 1 0 0 3 1 0 2 0 0 1 0 0 0 3 2 0 0 0 0 0 0 0 0 10 0 1 0 12 16 1 0 0 2 2 0 1 0 1 0 1 6 8 3 1 2 1 0 3 1 4 1 3 3
371 9 19 15 1 10 5 9 9 4 3 5 1 2 2 3 16 1 0 7 3 4 6 4 16 6 17 12 3 4 0 0 7 10 3 3 13 7 0 7 1 0 1 0 0 0 1 0 1 1 0 1 3 1 0 1 0 2 0 0 1 0 15 13 12 0 0 9 0 1 0 1 0 0 0 1 1 4 3 1 0 0 0 2 0 0 1 1 9 1 1 0 0 0 1 2 0 0 3 1 1 1 1 1 13 0 0 1 1 0 0 0 1 3 0 3 1 1 0 0 0 0 0 0 1 0 0 2 2 4 1 0 5 2 9 0 1 1 0 7 7 4 8 0 0 1 1 0 0 0 2 0 1 6 0 2 3 1 0 0 0 0 1 0 1 1 0 1 2 0 0 2 0 1 0 1 1 3 1 0 2 11 0 1 0 1 5 1 0 0 3 1 1 1 0 1 1 0 0 0 0 0 0 0 1 0 0 1 0 1 4 0 0 0 5 7 0 0 1 0 1 0 0 1 1 0 0 3 4 4 4 0 1 0 0 3 4 1 1 5
230 22 16 18 0 20 1 13 17 6 11 10 10 1 11 1 22 1 0 9 10 2 3 0 28 6 25 20 6 1 0 0 12 12 13 0 18 13 0 15 4 0 1 1 1 0 0 0 1 2 0 0 3 2 0 0 0 1 0 0 1 0 11 18 12 3 0 17 0 1 0 0 1 0 0 0 0 1 0 0 0 1 1 2 0 1 1 0 14 0 0 1 0 0 0 0 0 0 2 0 0 1 1 0 18 0 0 1 0 1 1 0 1 2 0 0 0 1 1 0 0 1 0 0 0 0 0 3 0 6 2 1 8 0 16 0 2 0 0 6 6 1 10 0 1 1 0 2 0 2 1 0 2 1 3 0 0 0 0 1 3 3 2 1 1 0 0 2 0 0 0 0 2 1 0 0 1 1 0 0 6 14 0 0 0 3 5 0 0 0 0 0 0 1 0 0 1 0 0 0 2 0 2 0 0 0 1 0 0 4 5 0 0 0 5 10 0 0 1 0 1 0 0 0 3 1 3 2 3 1 1 0 0 1 2 0 1 0 1 2
240 16 10 21 2 19 1 22 3 6 11 11 5 5 12 3 14 1 0 8 10 7 6 0 33 4 25 11 9 7 1 0 8 17 12 0 19 15 0 9 1 2 0 0 1 0 0 0 0 2 0 0 4 0 2 0 0 3 0 0 0 0 11 22 10 0 1 6 0 3 0 1 0 0 0 0 0 2 2 0 0 0 2 5 0 0 1 0 9 0 0 1 0 0 1 1 3 0 1 1 0 0 0 0 8 0 0 0 0 1 2 0 1 0 1 0 0 1 0 1 0 0 0 0 0 2 0 3 1 0 2 0 10 0 14 0 1 0 0 8 11 2 14 0 2 1 0 3 0 2 0 1 0 2 1 1 1 2 0 1 1 1 2 1 1 0 2 3 1 1 0 1 0 1 2 2 1 1 0 2 5 9 0 2 1 0 4 0 0 0 0 0 0 0 0 1 0 0 0 1 0 0 1 2 0 1 0 1 0 1 9 0 0 0 6 12 0 0 0 1 1 0 1 0 0 0 3 9 2 0 3 0 0 1 4 0 1 0 2 2
358 13 12 14 0 5 0 6 9 8 9 6 4 2 14 16 19 0 0 12 4 3 3 1 17 2 13 12 3 5 1 0 11 8 5 4 13 14 0 9 3 1 2 0 1 0 0 0 0 1 0 0 1 2 0 0 0 0 0 1 1 0 9 11 7 1 0 8 1 1 0 0 1 0 0 0 0 0 0 1 0 0 0 1 1 0 0 0 6 1 0 1 0 0 1 4 0 0 2 0 0 0 1 0 6 1 0 0 0 1 3 4 0 1 1 3 1 1 0 1 0 0 0 0 0 0 0 0 0 5 3 1 10 2 13 1 0 1 0 5 8 1 15 0 1 2 0 1 2 2 5 0 0 1 1 1 1 2 1 1 4 1 1 0 2 4 0 1 0 0 0 0 0 3 1 0 0 2 0 0 1 4 1 2 2 1 6 1 0 1 2 0 0 2 0 0 0 0 0 0 1 1 1 0 0 0 0 2 0 3 5 1 0 0 7 3 0 0 0 0 2 2 0 0 1 0 4 2 0 5 4 0 0 1 2 3 1 0 0 2
52 5 3 8 0 5 1 3 1 4 5 7 1 0 2 1 10 0 0 3 0 0 0 1 9 0 2 1 1 0 0 0 5 8 1 0 6 5 0 3 0 0 0 0 0 0 0 0 0 1 0 0 1 0 0 0 0 1 0 0 0 0 6 4 2 0 0 2 0 1 0 0 0 0 0 0 0 0 0 0 0 0 1 0 0 1 1 0 0 0 0 1 0 0 0 2 0 0 0 0 0 0 0 0 3 0 0 0 0 0 1 1 0 0 0 1 1 1 0 0 0 0 0 0 1 0 1 0 0 2 1 0 2 1 5 0 0 2 0 0 2 0 6 0 0 0 0 0 0 1 0 0 0 1 1 0 2 0 0 0 1 0 2 0 0 2 0 1 0 0 0 0 0 2 0 0 0 0 0 0 2 3 0 2 1 0 3 0 0 1 0 0 0 0 0 0 0 0 0 0 0 1 0 0 0 0 0 0 0 1 1 0 0 0 1 1 0 0 0 1 0 0 0 0 1 0 1 1 1 0 1 0 0 2 0 0 0 1 0 0
514 6 10 9 0 9 4 14 4 2 6 7 6 1 10 4 12 1 0 5 2 2 2 0 18 0 13 10 3 3 0 0 7 7 9 1 6 10 0 5 0 0 0 0 2 0 0 0 1 0 0 0 1 0 1 0 2 1 0 0 1 0 8 11 8 0 0 2 0 1 0 0 0 0 0 0 0 0 1 0 1 0 0 1 0 0 3 0 5 0 1 0 0 0 0 0 0 0 1 0 0 0 0 0 11 1 0 1 0 0 1 0 0 2 1 0 1 1 1 2 0 0 1 0 0 0 0 0 0 2 1 0 9 0 8 0 0 2 0 3 8 0 5 1 4 1 0 0 0 1 1 0 0 0 1 0 2 1 0 0 0 1 1 1 1 0 0 2 1 0 0 3 0 1 0 0 0 0 1 0 0 3 0 1 1 1 4 0 0 2 0 0 0 0 0 0 0 0 0 0 0 1 0 0 1 0 1 0 0 1 2 0 1 0 7 11 0 0 0 0 0 0 0 0 0 1 1 6 3 0 0 0 1 0 0 1 0 0 1 0
341 11 15 16 0 6 1 5 5 7 9 9 5 4 7 5 20 1 1 4 1 3 6 0 19 2 14 16 4 4 0 1 11 12 11 1 12 10 0 5 3 1 0 0 1 1 0 0 4 1 1 0 5 3 0 0 0 1 0 0 0 1 9 20 7 0 0 8 2 3 0 2 1 0 0 1 0 3 1 0 1 1 0 2 0 1 3 1 11 0 2 1 0 0 0 0 0 0 0 0 2 0 1 0 9 1 0 1 0 0 0 0 4 1 2 0 1 1 0 0 0 0 1 0 0 0 1 1 2 9 3 0 5 0 7 1 1 1 0 7 6 2 12 1 1 3 2 0 0 2 1 0 0 3 0 4 3 0 0 0 1 0 1 0 3 0 0 1 1 0 0 0 0 1 1 0 2 2 1 0 2 7 0 0 0 1 3 0 0 1 2 0 0 0 1 0 0 0 0 0 3 2 0 0 1 0 3 0 0 0 8 0 0 0 13 11 0 0 2 1 0 0 1 1 1 0 2 4 4 1 2 0 0 0 2 1 1 2 2 3
367 15 12 11 0 9 5 9 8 5 10 7 4 10 5 4 6 0 0 9 7 7 7 0 20 3 23 13 7 12 0 0 8 7 6 0 10 12 1 13 0 0 0 1 1 0 0 0 0 0 0 0 1 0 0 0 0 0 0 1 2 0 10 24 13 0 0 6 0 1 0 2 4 0 0 0 0 1 0 0 0 0 1 3 0 0 5 0 6 1 0 0 0 0 0 0 0 0 3 0 0 0 1 0 14 0 1 2 1 1 0 1 2 1 3 0 0 1 0 0 0 0 0 0 0 0 0 2 0 0 1 1 5 0 17 0 0 1 0 6 8 2 6 0 3 2 3 1 0 2 2 0 0 0 0 0 0 0 0 0 0 2 0 0 0 0 0 5 0 1 0 0 0 3 1 0 1 0 0 1 5 5 0 0 0 2 5 0 0 0 0 0 0 0 0 1 0 0 0 0 1 0 0 0 0 0 5 0 0 1 6 0 0 0 6 12 0 0 0 0 0 0 0 0 0 0 1 4 4 0 1 0 0 0 1 3 3 0 2 0
337 12 11 12 0 14 0 6 3 5 8 10 5 3 10 5 14 0 0 5 4 1 14 0 24 5 20 10 4 2 1 0 7 9 6 1 14 7 0 10 5 0 2 0 0 0 0 0 2 1 0 0 7 0 1 1 1 1 0 0 1 2 8 12 8 0 0 3 0 0 0 0 1 0 0 1 0 1 2 0 0 0 1 3 1 0 2 0 6 0 3 1 0 1 0 5 0 0 5 0 0 0 0 0 9 1 0 8 0 0 0 1 0 0 1 0 0 0 0 0 0 0 0 0 1 1 1 0 1 4 2 0 7 1 10 0 0 2 0 5 6 2 5 0 7 2 2 1 0 0 0 0 0 0 1 1 4 4 0 0 1 0 6 0 3 0 0 3 2 0 1 0 0 2 0 1 0 4 2 2 6 14 0 1 2 0 8 0 0 1 1 2 0 1 0 3 0 0 0 0 1 0 0 4 0 0 4 0 0 0 7 0 0 0 11 6 0 1 0 1 0 0 0 0 2 0 2 12 1 3 4 0 2 0 2 1 1 1 0 1
431 10 10 11 1 12 7 15 4 4 10 11 3 4 11 4 10 0 0 3 2 3 3 0 18 1 20 8 7 5 1 0 5 8 7 0 10 7 1 1 0 1 2 0 0 0 0 0 0 0 1 0 4 1 0 1 0 5 1 1 3 0 10 10 5 0 0 8 0 1 1 0 0 0 0 0 0 1 2 1 0 1 0 1 2 0 1 0 4 0 0 1 0 0 0 0 0 0 2 0 0 0 0 0 9 0 0 0 0 1 1 1 1 1 2 2 1 1 0 1 0 0 0 0 1 0 0 0 0 3 3 0 10 0 5 1 0 0 0 10 9 3 6 0 0 0 4 1 0 1 2 0 2 1 0 2 1 0 0 1 1 0 0 2 2 0 0 2 1 0 1 2 2 2 0 1 3 0 0 1 3 3 0 0 1 1 3 2 0 0 0 0 0 0 0 0 0 0 0 0 2 0 0 0 0 0 1 1 0 0 3 0 1 0 4 7 0 0 0 2 0 0 0 0 1 0 2 13 4 0 2 0 1 1 1 1 0 0 0 4
304 6 21 18 2 12 1 14 5 3 10 6 4 4 7 3 23 2 0 11 8 3 4 4 27 3 20 14 7 3 0 0 6 4 7 0 15 11 1 11 2 0 4 0 0 0 1 0 0 1 0 0 3 0 0 0 0 3 1 0 0 3 16 17 15 1 0 13 0 0 0 1 3 1 0 0 0 2 2 0 0 0 1 3 0 2 2 0 11 0 3 1 0 0 0 6 1 0 2 0 0 0 0 0 10 0 1 2 0 0 0 1 6 0 2 0 0 0 0 0 0 0 0 0 0 0 0 1 1 2 0 0 12 1 5 1 0 0 0 5 14 3 9 0 6 0 1 2 0 3 1 0 0 2 1 1 3 2 0 0 2 0 3 0 2 1 0 1 1 0 1 0 0 3 0 0 0 0 0 1 2 7 0 0 1 0 7 0 0 1 0 0 0 1 0 1 0 0 0 0 4 1 0 0 0 0 1 1 1 0 4 1 0 0 4 9 0 0 1 2 2 0 0 0 1 1 4 3 0 3 2 0 0 0 0 4 1 0 1 1
306 8 14 21 0 16 3 8 8 4 11 10 4 11 11 2 21 0 0 5 6 9 9 0 29 2 19 14 13 6 1 2 5 7 7 1 7 3 0 5 0 0 0 0 0 1 0 0 0 0 0 0 9 0 0 0 0 0 0 2 1 2 9 24 4 0 0 11 0 0 0 0 1 0 0 0 0 4 1 0 1 0 0 5 0 0 3 0 6 0 1 1 0 1 0 4 1 0 1 2 0 0 0 0 5 1 0 2 0 0 0 1 1 1 1 0 2 0 0 0 0 0 0 0 1 0 2 1 1 1 2 1 5 1 4 0 0 0 0 9 7 0 10 0 8 1 1 3 0 0 1 0 1 2 5 2 5 0 0 0 2 0 7 1 2 1 0 2 3 1 1 1 0 2 1 3 1 0 1 3 2 8 0 1 2 0 2 0 1 1 2 0 0 1 0 0 0 0 0 0 2 1 0 1 0 0 3 2 0 0 9 0 1 0 6 10 0 0 0 0 1 0 0 0 1 0 10 6 1 1 5 0 2 0 0 3 0 0 1 1
333 8 18 16 0 14 3 14 10 12 12 7 7 4 11 2 13 0 1 6 8 2 2 1 21 2 18 15 6 2 1 1 13 13 8 0 12 12 0 8 7 0 1 0 1 0 0 0 0 0 0 0 1 0 0 1 0 0 0 1 1 2 9 13 7 0 1 11 0 1 1 1 2 1 0 1 0 0 0 1 1 0 0 1 0 0 4 0 6 0 1 0 0 1 0 2 0 0 2 0 0 0 1 0 5 3 0 2 1 0 0 3 1 1 0 1 0 0 0 1 0 0 0 0 0 1 1 0 3 3 6 0 6 1 15 0 0 1 0 6 10 2 8 0 2 1 0 1 1 0 3 0 0 2 0 4 1 2 1 0 2 2 0 0 0 1 0 0 0 0 0 1 2 2 0 1 3 1 0 0 6 9 0 1 1 1 1 1 0 2 0 1 0 0 0 0 1 0 0 0 1 0 0 1 0 0 0 2 0 4 7 0 0 0 8 7 0 1 0 2 0 0 0 0 1 0 0 3 1 1 0 1 2 1 1 3 1 3 0 2
613 16 2 1 0 10 6 8 5 5 4 6 8 2 4 4 4 0 0 1 5 4 6 0 7 4 5 6 10 6 0 1 8 9 9 0 1 12 1 6 0 0 0 0 0 0 0 0 0 0 0 0 0 0 0 0 0 0 0 0 2 0 2 8 4 0 0 0 0 1 0 0 0 0 0 0 0 1 3 0 0 0 0 0 0 0 1 0 2 0 2 0 0 0 0 0 0 0 0 0 0 0 0 0 4 0 0 0 0 0 0 0 0 0 0 0 0 0 0 0 0 0 0 0 0 0 0 0 1 0 2 0 8 0 5 0 0 0 0 4 3 0 4 0 0 0 2 0 0 0 0 0 0 1 0 0 0 0 0 0 0 0 0 0 0 0 0 2 0 0 0 0 0 3 0 0 0 0 1 2 0 8 0 0 1 1 3 0 2 0 0 0 0 0 0 1 1 0 0 0 2 1 0 0 0 0 1 0 0 0 4 0 0 0 8 2 0 0 0 0 0 0 1 0 0 0 3 0 0 0 0 0 0 0 3 0 0 0 1 0
191 19 14 23 1 17 2 17 6 14 4 11 20 7 9 3 18 2 0 6 15 2 4 0 16 7 21 16 5 4 0 0 16 13 12 1 5 19 0 15 1 0 0 0 0 0 0 1 1 0 0 0 0 0 0 0 2 0 0 0 0 2 9 17 11 0 0 14 0 0 1 0 3 0 0 0 2 0 1 1 0 1 0 1 0 0 4 1 11 1 0 3 0 0 2 2 0 0 1 0 0 0 1 0 18 0 0 4 0 0 0 0 4 2 1 0 0 0 0 0 1 0 0 0 0 0 0 1 0 2 2 0 18 0 16 1 1 1 0 10 15 1 16 0 4 3 1 1 1 1 1 0 0 1 4 0 1 1 1 1 3 0 3 3 0 0 1 1 1 0 1 1 1 3 2 0 1 0 1 1 2 13 0 1 2 1 7 0 0 1 1 1 1 0 0 1 0 0 0 1 0 0 1 1 1 0 1 0 0 2 4 1 0 0 16 18 0 0 1 0 0 0 2 0 2 0 6 2 1 1 0 1 1 4 1 1 0 1 1 1
296 14 13 15 3 18 3 16 6 8 4 12 12 4 10 8 13 0 0 3 9 5 9 0 18 4 15 12 5 4 1 0 15 19 8 2 7 12 0 7 1 0 1 0 0 0 0 2 0 0 0 0 1 1 2 1 1 0 0 0 2 2 9 21 9 0 1 1 1 3 0 2 0 0 0 0 1 1 0 0 0 0 0 3 0 1 5 0 6 0 0 0 0 0 0 0 1 0 1 2 0 0 0 0 17 0 0 3 1 0 1 0 2 1 0 0 1 1 0 1 0 0 0 0 0 0 1 0 0 3 1 0 11 0 19 2 0 3 0 8 6 3 23 0 0 2 2 0 0 1 2 0 2 1 1 2 3 0 0 0 0 1 0 0 0 0 1 2 0 0 0 1 1 2 1 0 0 1 0 1 1 18 0 2 1 0 6 0 0 0 3 0 1 1 0 1 1 0 0 0 0 0 1 0 0 0 0 0 0 0 9 0 1 0 8 6 1 0 1 0 0 0 0 0 0 0 2 5 2 0 2 0 0 0 2 2 4 2 0 0
263 17 13 19 1 13 0 8 6 3 9 7 5 2 14 7 23 1 0 13 8 5 4 1 31 5 17 17 8 0 0 0 7 8 11 1 16 12 1 16 3 0 2 1 0 0 0 0 0 1 1 0 3 1 0 0 0 5 0 1 1 0 13 17 11 2 0 16 0 0 1 0 0 1 0 1 0 1 2 0 0 0 0 3 0 0 3 0 10 1 1 1 0 1 1 2 0 0 6 0 0 0 1 1 7 1 1 1 0 0 1 3 2 0 1 2 1 0 1 0 0 0 0 0 0 1 2 1 0 1 4 1 7 1 11 0 0 0 0 5 12 0 11 0 1 2 1 1 2 0 1 0 0 1 2 0 4 4 1 1 3 0 1 3 1 0 0 2 1 0 1 0 0 1 1 2 1 0 0 1 2 7 0 1 3 1 4 0 1 0 2 2 0 1 0 0 1 0 1 0 1 1 2 0 0 0 0 2 0 3 4 0 0 0 7 16 0 0 1 1 1 0 1 1 0 0 1 2 3 5 0 0 1 0 1 2 0 0 1 3
359 14 14 15 1 13 0 11 5 4 7 7 6 1 6 2 19 1 0 11 8 1 3 1 17 5 25 12 4 7 1 1 8 2 4 0 10 13 1 7 3 0 0 0 0 0 0 0 1 0 0 0 1 0 2 2 0 1 1 0 1 0 11 13 8 0 0 14 0 0 0 0 0 0 0 0 0 2 1 0 0 1 0 0 0 2 0 0 13 0 1 2 0 1 1 2 1 0 2 0 1 0 0 0 12 1 0 3 0 1 1 0 1 0 1 0 0 2 0 1 0 1 0 0 1 0 0 1 0 2 1 0 7 2 14 0 1 3 0 1 12 1 13 0 3 3 1 1 1 2 4 0 0 1 2 1 0 2 0 0 2 1 2 2 2 1 0 0 0 1 0 4 1 2 1 0 1 3 1 0 3 7 0 2 0 1 5 1 0 2 2 0 0 0 0 0 0 0 0 0 0 0 0 1 0 0 2 1 0 0 2 0 0 0 6 9 0 0 0 2 0 0 0 0 0 0 2 7 1 1 2 0 0 0 0 4 1 1 1 2
361 6 11 15 0 3 3 3 8 4 9 8 8 5 2 3 17 0 0 4 2 3 16 0 23 4 23 20 16 13 0 0 2 10 7 1 11 7 0 7 4 0 0 0 0 0 0 0 0 0 1 0 4 0 0 0 0 0 0 0 2 0 12 25 4 1 0 5 0 1 0 0 0 1 0 0 0 0 4 0 0 0 0 3 1 0 2 0 8 0 0 0 0 2 0 1 1 1 0 1 0 0 0 1 13 2 0 0 0 0 0 5 3 1 2 0 0 0 0 0 0 0 0 0 0 0 1 2 2 1 0 0 10 0 4 0 0 1 0 13 6 3 6 0 1 5 7 1 0 1 0 0 1 2 2 5 2 1 0 0 0 1 2 0 0 4 0 3 0 1 0 0 0 2 0 0 2 0 0 1 1 8 0 0 1 1 3 0 0 0 2 1 0 0 0 1 1 0 0 0 1 0 0 0 3 1 0 0 0 0 14 1 0 0 5 8 0 0 0 0 1 0 0 0 0 0 3 2 2 1 1 0 0 0 6 0 0 0 0 3
322 15 15 18 0 13 1 12 9 4 13 2 2 1 6 3 19 0 0 5 3 4 5 0 23 4 22 12 5 6 0 0 10 5 5 4 13 10 0 10 2 0 1 0 0 0 0 0 1 0 0 0 0 0 0 3 0 1 1 0 0 2 14 16 13 2 1 19 0 1 2 1 3 0 0 0 1 0 1 0 0 0 0 1 0 1 3 0 10 0 0 1 0 0 0 2 1 0 2 0 0 0 0 0 3 0 3 1 1 0 0 1 2 0 3 0 0 0 0 0 0 0 1 0 0 0 1 3 0 5 0 1 3 0 11 0 0 1 0 12 10 1 12 0 1 3 1 3 1 0 0 0 0 1 1 3 4 4 0 2 3 1 1 0 3 3 0 2 0 0 0 1 1 3 0 1 0 1 0 0 4 6 0 2 0 0 1 1 0 1 2 0 0 0 0 1 1 0 0 0 1 1 0 4 1 0 0 0 0 1 6 2 1 0 5 14 0 0 1 0 0 0 0 0 1 0 3 10 0 3 3 0 2 1 1 2 0 1 0 1
261 14 22 15 2 11 1 9 8 4 8 8 6 3 10 6 20 0 0 9 3 0 3 3 31 3 20 13 8 9 2 1 5 6 9 4 10 8 0 9 1 0 3 0 0 0 2 1 1 1 0 0 4 2 1 0 0 2 0 0 0 1 18 23 13 1 0 12 0 3 0 2 0 0 0 1 0 0 1 0 0 0 1 1 2 0 6 0 9 0 1 0 0 2 0 5 0 0 2 0 1 0 2 0 7 2 1 1 0 0 0 3 2 1 0 3 1 1 0 0 0 1 0 0 0 1 1 1 1 5 1 1 10 3 7 0 0 0 0 8 12 6 9 1 0 1 0 3 0 2 1 0 1 0 2 3 0 2 0 0 1 0 2 0 3 4 0 7 2 0 0 0 4 4 1 0 1 3 0 0 6 6 0 0 0 0 2 0 0 1 2 0 0 0 0 2 0 0 0 0 1 1 0 1 0 0 4 2 0 0 6 0 0 0 4 9 0 0 0 0 0 1 0 0 1 0 2 7 5 4 6 0 1 1 1 2 2 0 4 0
96 20 23 30 2 8 3 9 9 11 17 12 3 4 8 2 34 0 0 11 3 6 9 1 37 0 34 18 14 3 0 1 8 10 14 2 21 6 2 13 2 0 2 0 2 0 0 0 0 1 0 0 6 1 1 1 0 2 0 0 0 3 17 25 20 3 0 18 0 0 0 2 0 0 0 1 0 2 0 3 1 1 0 2 0 1 1 0 7 1 2 0 0 1 1 6 0 0 4 0 0 0 1 4 7 2 0 0 0 0 1 3 0 1 2 1 2 0 1 0 1 0 0 1 1 1 1 1 0 4 2 1 2 1 9 2 0 0 0 11 11 4 13 0 0 1 1 2 2 3 4 0 0 4 2 3 3 3 0 2 3 0 3 0 0 2 0 1 2 0 1 0 1 2 1 1 1 2 0 1 6 10 1 3 4 2 2 0 0 0 0 1 0 1 1 1 1 0 0 0 2 1 1 1 0 0 2 2 0 2 11 1 2 0 7 11 0 0 1 4 3 1 0 1 3 0 4 11 2 2 1 0 2 1 2 5 2 0 0 3
158 13 25 21 0 14 4 9 12 4 12 7 12 9 13 8 16 2 0 7 13 12 6 0 28 5 24 21 12 5 0 0 13 11 14 5 20 10 0 11 0 0 0 0 2 0 0 0 0 1 1 0 2 1 0 1 0 1 0 1 1 1 16 23 13 0 0 13 0 2 0 0 1 0 0 0 0 1 0 0 0 0 1 5 1 0 2 0 11 0 1 1 0 1 0 2 0 0 3 1 0 1 0 0 18 0 2 1 0 0 0 0 2 6 4 3 1 1 0 0 0 0 0 0 0 0 0 3 1 4 3 0 17 0 9 0 0 2 0 8 14 7 13 1 1 0 1 1 0 2 0 1 1 1 1 1 0 1 2 0 2 0 1 0 3 1 1 2 3 0 4 0 1 4 0 3 0 1 0 0 5 1 0 0 0 0 1 1 0 0 0 0 0 0 0 1 0 0 0 0 1 1 1 2 1 0 1 0 0 1 8 0 1 0 8 12 0 4 0 0 0 1 0 1 1 0 2 4 4 2 4 4 2 0 4 3 0 0 0 2
329 7 15 16 1 12 2 9 9 3 5 8 7 3 7 7 12 0 0 5 6 3 9 3 16 3 19 11 8 6 1 1 6 10 9 3 10 10 0 15 1 0 1 0 0 0 0 0 0 1 0 0 5 0 2 2 0 2 0 0 0 0 11 17 9 0 1 6 0 2 0 1 2 1 0 0 0 0 2 1 1 1 0 3 0 0 5 0 12 0 0 0 0 0 0 2 0 0 1 0 0 1 0 0 12 3 1 0 0 0 0 0 2 3 0 0 1 0 0 1 0 0 2 0 0 0 1 0 3 8 3 0 5 5 8 1 0 0 0 6 6 4 5 0 0 2 3 1 0 0 2 0 0 2 4 3 5 3 0 0 2 0 2 0 0 0 0 0 0 1 0 1 1 5 2 0 0 4 1 1 2 8 0 1 2 0 2 0 0 2 1 0 0 0 0 0 2 0 0 0 3 0 0 0 0 1 3 1 0 0 11 0 0 0 7 9 0 0 0 1 1 0 0 0 1 0 1 6 1 5 4 0 1 0 0 2 4 0 2 2
233 11 9 16 0 13 2 12 5 11 7 15 12 2 13 6 10 1 1 8 8 1 6 3 26 4 12 10 8 2 0 1 7 10 16 0 18 14 0 9 2 0 0 0 1 0 0 0 0 0 0 0 3 1 4 0 2 1 1 0 1 2 12 16 12 0 1 13 0 1 0 2 1 1 0 0 0 0 1 0 0 1 5 1 0 0 1 0 7 1 0 2 0 0 0 3 1 0 4 3 1 1 0 0 13 0 0 3 0 0 1 0 2 0 3 0 0 1 0 3 0 0 2 0 3 0 1 2 3 9 2 2 9 1 11 0 2 3 0 5 7 4 14 1 0 3 1 4 0 1 5 0 1 2 1 1 2 3 3 2 4 1 2 2 2 2 1 1 0 1 0 1 1 2 2 0 1 3 0 2 4 10 0 2 1 2 5 0 1 0 0 0 0 1 0 0 0 0 0 0 0 0 0 0 1 1 4 2 1 0 2 1 0 0 9 10 0 0 2 0 2 0 0 1 1 0 3 9 3 2 6 0 0 3 2 1 1 2 0 0
431 13 12 9 0 18 5 12 5 4 8 7 1 5 10 0 15 1 0 6 3 4 9 1 23 0 14 9 10 5 0 0 7 11 6 0 13 6 0 6 1 1 1 0 0 0 0 0 0 0 0 0 0 0 0 0 0 1 1 0 2 1 11 13 4 0 0 4 0 5 0 1 2 0 0 0 0 1 1 0 0 0 0 6 0 0 2 0 6 0 0 0 0 0 0 0 0 0 0 0 0 0 0 0 4 0 1 1 0 0 0 0 0 1 0 0 0 0 0 0 0 0 0 0 0 0 0 1 1 3 0 0 3 0 7 0 0 1 0 7 6 2 11 0 1 2 3 1 0 2 0 0 0 0 1 1 4 1 1 0 0 1 0 1 0 0 0 1 1 2 0 2 2 2 0 0 2 1 1 0 0 7 0 0 0 0 2 1 0 0 0 0 0 0 0 0 0 0 0 0 3 0 0 1 1 0 1 0 0 0 11 0 1 0 13 9 0 0 0 1 0 1 0 0 0 0 3 3 2 0 0 0 0 0 3 3 2 2 4 1
251 17 16 14 3 15 1 14 1 8 10 11 9 4 3 2 17 0 0 8 5 4 5 2 30 0 17 10 9 6 1 0 9 17 11 1 19 10 1 9 7 1 6 0 0 0 0 0 1 0 1 0 4 0 0 0 0 2 1 2 0 1 15 17 13 0 0 12 0 1 0 0 2 0 0 0 0 1 1 1 0 0 0 5 1 2 2 0 3 0 2 4 0 0 0 5 2 0 4 0 0 0 1 0 8 1 0 3 1 0 1 5 3 3 0 0 1 0 0 0 0 0 0 0 1 0 0 0 1 4 5 2 8 1 13 0 0 1 0 4 10 2 10 0 1 0 2 0 1 0 4 0 0 3 1 3 4 4 0 1 6 0 1 1 1 3 0 0 0 0 0 0 0 1 2 1 0 3 0 1 0 10 0 0 0 1 4 0 1 2 1 0 0 1 0 0 1 0 0 0 1 4 1 0 1 0 3 0 0 0 8 0 0 1 5 9 0 0 0 0 0 0 0 0 0 0 1 6 1 2 3 0 1 4 3 5 3 1 2 2
485 8 8 8 0 12 6 11 5 7 2 12 7 5 12 4 10 1 1 3 5 5 4 0 9 8 11 15 10 5 0 3 11 15 13 0 7 10 0 2 0 0 0 1 0 0 0 0 0 0 0 0 1 0 0 0 0 0 0 0 1 0 7 9 2 0 0 2 0 2 0 1 2 0 0 0 1 1 1 0 1 0 0 7 1 0 0 0 5 0 1 0 0 0 0 0 0 0 0 0 0 0 0 1 12 0 0 0 0 0 0 0 0 1 0 0 0 0 0 1 0 0 0 2 0 0 0 0 0 0 4 0 12 0 9 0 1 1 1 3 2 1 12 0 1 1 1 0 0 1 0 0 0 4 0 1 0 0 0 0 0 1 0 0 0 0 0 0 0 0 1 0 0 2 0 0 0 0 0 2 1 11 0 0 0 1 1 1 0 0 0 0 0 0 0 1 0 0 0 0 0 0 0 0 1 1 0 0 0 0 1 0 0 0 9 5 0 0 0 0 0 0 0 0 0 0 2 1 1 0 0 0 1 0 5 0 0 1 0 2
350 18 9 17 0 12 5 6 10 4 9 8 5 5 6 6 20 0 0 4 8 8 7 0 23 3 20 7 6 5 1 0 10 10 9 3 9 15 2 10 3 0 1 0 0 0 0 0 0 0 1 0 1 0 0 0 0 0 0 1 1 2 7 15 7 2 0 6 3 3 0 3 2 0 0 0 0 1 1 1 0 0 0 2 0 0 4 0 10 0 0 1 0 0 0 4 1 0 1 1 0 0 0 0 7 0 0 0 0 0 2 2 0 1 2 2 0 0 0 0 0 1 0 0 1 0 1 0 2 2 2 0 10 0 12 0 1 0 0 7 8 1 5 0 2 1 0 0 2 0 0 0 1 1 3 1 0 3 0 0 3 0 1 0 1 1 0 4 0 0 1 1 0 5 0 0 1 2 0 1 1 11 0 3 0 0 3 0 0 0 3 0 0 1 0 0 0 0 0 0 1 0 1 0 0 0 0 1 0 3 3 0 0 0 10 5 0 0 2 1 0 1 0 0 0 0 2 8 1 2 1 0 0 0 0 1 1 1 0 4
382 10 17 17 1 14 1 9 3 3 15 3 7 4 6 2 17 0 0 5 6 2 5 0 19 1 18 11 2 3 0 0 11 9 8 0 13 9 0 18 2 1 2 0 0 0 0 0 0 1 0 1 5 2 0 0 0 3 1 0 1 0 11 19 9 2 0 5 0 1 0 2 0 0 0 0 0 1 0 0 0 0 1 2 1 0 1 0 12 0 2 0 0 0 1 2 0 0 3 1 0 0 0 0 5 1 0 1 0 1 0 1 2 0 3 0 0 1 0 1 0 0 0 0 0 1 0 0 1 1 4 1 5 0 8 1 0 1 0 2 13 1 8 0 2 1 1 0 1 2 0 0 0 3 0 2 3 0 0 0 1 0 1 1 0 1 0 4 0 0 0 3 0 2 1 0 0 1 0 1 3 5 0 1 0 2 0 0 0 0 1 0 0 1 0 2 0 0 0 0 0 1 0 0 1 0 2 0 0 0 4 0 1 0 5 11 0 0 0 2 0 0 2 0 0 0 1 7 2 1 2 2 0 1 2 3 2 0 1 2
358 9 15 15 2 8 4 8 9 8 5 10 6 4 9 4 20 0 0 5 2 6 6 2 23 1 19 10 5 2 0 1 11 14 10 4 15 9 0 6 4 0 1 0 0 0 0 0 0 0 0 0 5 0 1 0 0 1 1 3 1 0 11 14 4 0 0 11 0 1 0 0 0 0 0 0 1 3 4 1 0 3 0 3 0 1 0 0 8 0 1 0 0 1 1 3 2 0 3 0 1 0 0 3 4 0 0 2 1 0 1 0 1 0 1 0 0 0 0 1 0 0 0 0 0 1 0 0 1 2 4 0 9 2 6 0 1 0 0 7 5 0 9 1 2 1 0 1 0 0 3 1 0 1 2 1 3 0 1 2 1 0 0 0 1 0 0 0 0 0 1 0 1 2 1 0 0 2 0 2 5 12 0 1 0 1 1 0 0 0 0 0 0 0 0 0 0 0 0 1 1 5 0 1 0 0 1 1 0 0 3 0 0 0 8 7 0 0 0 1 2 0 0 1 0 0 2 3 4 1 0 2 3 1 1 4 1 1 1 4
431 12 10 10 0 11 3 12 6 2 10 3 4 4 3 1 10 0 0 3 4 3 4 0 14 1 19 15 5 4 0 0 6 6 10 0 5 18 1 8 0 0 0 0 1 0 0 0 0 1 0 0 3 1 1 0 0 1 0 1 0 0 8 17 7 0 0 14 1 1 0 0 1 0 0 0 0 2 0 0 0 0 0 1 0 0 0 1 9 0 0 0 0 0 0 0 0 0 4 1 1 0 0 1 10 1 1 0 0 1 1 1 4 1 0 1 0 0 0 1 0 0 0 0 0 0 0 1 1 1 0 1 10 0 12 3 0 1 0 2 7 5 9 1 2 6 7 2 1 3 3 0 0 1 0 2 3 0 1 0 0 2 0 2 0 0 0 2 0 0 0 2 1 3 0 0 0 0 0 0 3 4 0 0 1 0 0 0 0 0 0 0 0 0 1 0 0 0 0 0 1 1 0 0 0 0 4 0 1 1 0 0 0 0 10 13 0 0 2 0 0 0 0 0 0 1 1 4 4 0 0 0 0 0 0 0 0 0 2 1
386 8 21 17 3 11 2 7 15 1 9 6 3 4 9 5 21 0 1 7 3 5 6 1 22 4 15 9 6 3 0 0 8 6 5 1 12 8 0 10 2 0 3 0 0 1 1 0 0 0 0 0 2 0 1 0 0 0 0 0 1 0 12 12 12 3 0 6 0 2 1 1 1 0 0 0 0 1 0 0 0 0 0 2 0 0 1 0 10 0 0 0 0 0 0 2 1 0 4 1 0 0 0 1 7 0 0 0 0 1 0 2 0 1 0 0 0 0 0 0 0 1 0 0 0 0 0 0 0 3 1 0 5 2 10 0 0 1 1 12 6 2 6 0 0 0 0 2 1 0 3 0 0 3 0 0 0 0 1 0 1 0 0 1 1 0 0 3 0 0 0 1 0 1 0 1 0 2 1 1 7 3 0 3 0 1 3 0 0 2 1 0 0 1 0 1 0 0 0 0 1 2 1 0 0 0 3 1 0 0 8 0 0 0 8 3 1 0 0 2 2 0 0 0 0 0 3 2 3 3 0 1 0 1 3 5 4 0 1 2
418 5 7 9 0 10 6 9 2 1 5 11 9 2 9 12 16 0 0 4 6 2 10 0 14 5 16 11 9 6 0 0 3 7 7 1 7 9 1 4 1 1 0 0 0 0 0 0 0 0 0 0 2 1 1 0 0 0 2 0 0 3 8 11 6 2 1 8 0 0 1 4 0 0 0 0 0 3 1 3 0 0 0 2 0 1 2 1 7 0 2 1 0 0 0 2 1 0 0 0 0 0 0 0 7 2 0 1 0 2 1 3 2 2 0 1 0 1 0 0 1 0 0 0 0 0 0 2 2 3 1 0 6 0 6 3 0 0 0 3 4 0 10 1 2 3 1 2 0 1 3 0 0 1 2 1 1 1 0 1 2 0 5 1 0 1 0 0 3 0 1 1 1 1 1 0 0 1 0 2 5 9 0 2 0 0 2 0 0 0 1 0 0 2 0 3 0 0 0 0 4 2 0 2 1 0 2 0 0 1 2 0 1 0 7 6 0 0 0 0 1 0 0 0 2 0 4 1 2 1 1 0 2 0 0 4 1 0 1 4
262 20 19 10 3 9 2 10 5 7 4 9 4 1 5 5 23 0 0 9 4 5 4 3 23 9 16 13 10 5 1 1 10 13 15 2 12 10 0 6 5 0 1 0 0 0 1 0 2 0 0 0 9 1 0 1 0 1 0 0 2 1 10 20 8 1 1 9 0 0 0 3 0 0 0 1 0 1 1 1 0 1 0 3 1 1 2 0 4 0 2 3 0 2 0 4 0 0 1 0 0 0 0 1 6 2 1 1 0 0 1 2 1 0 1 2 0 0 0 0 0 0 0 0 0 2 2 1 4 4 3 2 10 3 9 0 0 1 1 6 6 5 13 2 3 2 3 2 0 1 1 0 0 6 1 2 4 3 0 0 0 0 0 0 4 1 0 1 3 0 0 0 0 3 0 0 1 1 1 1 3 10 0 0 2 1 1 0 0 1 1 2 0 0 2 2 0 0 0 0 3 1 0 0 0 0 2 4 0 1 11 0 2 0 12 4 0 1 1 1 0 1 0 0 0 0 0 5 1 2 3 1 1 2 4 4 3 1 3 2
100 14 17 16 1 8 3 7 11 9 17 11 8 6 9 11 21 2 0 12 8 1 9 9 28 3 25 13 14 5 0 1 14 7 10 8 21 14 1 15 8 1 2 0 0 0 1 0 2 0 0 0 3 1 0 0 0 3 0 0 0 1 9 20 21 1 1 12 0 2 0 0 1 2 0 1 0 1 1 0 0 0 2 3 2 1 8 0 8 0 0 0 0 0 1 5 1 0 1 3 0 0 1 3 14 1 1 1 0 1 2 2 2 0 1 0 1 0 0 2 1 1 0 1 0 2 1 0 2 6 4 0 8 0 15 0 0 2 0 12 9 5 15 0 1 2 1 3 0 2 2 0 0 1 4 3 2 4 1 1 4 2 2 2 0 0 0 3 0 0 1 1 1 3 0 0 2 4 0 1 5 16 0 3 1 0 4 0 0 1 1 2 0 0 0 0 0 0 0 0 1 0 0 1 1 1 3 0 1 0 5 0 1 0 12 11 0 0 3 2 1 0 0 0 3 0 4 6 3 8 3 2 4 0 0 6 2 1 1 4
144 21 17 19 0 17 1 9 6 12 8 10 12 6 10 11 23 0 2 11 12 3 2 2 27 4 29 15 6 6 0 1 10 9 15 2 15 19 1 16 5 0 2 0 0 1 0 1 3 1 0 0 2 1 1 0 0 2 1 1 3 1 12 15 14 1 2 15 0 0 0 0 2 0 0 1 1 0 0 0 0 0 0 2 1 2 3 0 10 1 0 4 0 0 0 4 0 0 3 2 1 2 1 0 11 1 0 2 0 0 3 0 2 1 2 1 0 1 0 1 1 0 0 0 0 1 0 0 3 5 6 0 9 1 22 0 0 1 0 3 3 2 21 0 1 2 1 1 1 4 4 0 0 3 4 2 3 1 1 1 3 0 2 1 3 0 0 2 0 0 0 1 0 2 3 0 3 2 0 1 1 13 0 2 0 1 6 0 0 1 2 0 0 0 2 1 0 0 0 1 0 0 1 0 0 0 3 1 0 1 4 0 0 0 8 10 1 2 1 1 1 1 0 0 1 0 3 4 3 1 6 0 0 0 2 5 1 1 2 4
169 14 17 32 2 21 5 8 5 7 21 7 9 6 7 0 20 0 0 7 2 4 9 0 36 1 20 16 8 5 0 1 14 15 14 3 12 9 1 16 2 2 2 0 0 0 0 0 0 0 0 0 1 1 2 0 0 3 0 0 0 0 10 21 15 0 0 14 0 1 0 1 0 2 0 0 0 2 2 0 0 1 0 5 0 2 4 0 9 0 3 7 0 0 0 3 1 0 5 0 1 0 0 0 12 1 1 2 0 1 0 1 1 2 3 1 1 0 0 0 0 0 0 0 0 0 1 3 0 2 1 1 8 2 9 2 0 0 0 3 20 2 12 1 1 4 0 2 1 0 3 1 0 2 1 4 0 7 1 1 8 0 1 1 1 0 2 1 2 0 1 1 0 6 1 0 1 0 0 0 4 9 0 0 0 0 0 0 0 1 2 0 0 0 1 1 0 0 0 0 2 1 0 0 0 0 7 0 0 0 4 0 2 0 4 14 0 1 0 0 0 0 0 1 0 1 1 16 4 9 0 0 3 0 3 1 2 1 1 2
367 10 11 17 3 10 0 6 8 3 5 6 4 1 10 9 15 0 0 8 4 2 6 2 23 5 21 11 6 1 1 0 8 3 5 2 22 10 1 5 1 0 0 0 0 0 0 0 2 0 1 0 1 0 2 1 0 1 0 0 0 0 14 18 4 1 1 7 0 3 0 1 1 1 0 1 0 0 3 0 0 0 0 0 0 0 0 0 8 1 1 0 0 0 0 2 0 0 3 0 1 0 0 0 5 0 0 2 1 0 0 1 1 0 1 2 1 0 0 1 0 0 1 1 1 0 0 1 1 0 1 2 6 0 12 0 0 1 0 3 13 3 10 1 1 1 1 2 0 1 7 0 1 1 0 3 1 2 0 0 4 1 1 0 0 0 0 0 0 1 0 0 0 3 1 0 1 0 0 4 4 6 0 0 1 0 2 0 0 2 0 1 1 1 0 2 0 0 0 0 1 0 0 1 0 0 2 0 0 2 6 0 0 0 3 15 0 0 1 2 0 0 0 0 2 1 3 8 2 3 1 0 2 1 4 6 1 2 0 1
294 15 13 18 3 3 6 5 3 7 5 9 2 2 15 13 28 0 0 4 6 3 4 0 26 1 25 13 10 6 2 0 9 9 18 0 19 13 1 5 1 0 4 1 0 0 0 1 0 0 3 1 0 0 1 0 0 0 2 0 0 1 11 23 7 1 0 3 0 5 1 1 0 0 0 1 0 1 2 0 0 1 2 3 0 0 6 0 6 0 0 1 0 1 0 1 0 0 6 0 0 0 0 0 8 3 1 0 2 0 4 2 0 1 2 0 0 1 0 0 0 0 0 0 0 1 1 0 0 0 1 0 12 0 10 0 1 0 1 3 8 3 6 1 0 4 1 0 0 2 1 1 0 2 2 2 3 0 0 1 0 1 1 2 1 1 0 2 0 1 0 2 1 3 0 0 0 0 1 3 3 10 1 4 0 2 4 0 0 1 0 1 0 3 0 1 0 0 0 0 0 0 1 0 0 0 0 1 0 0 2 1 0 0 9 6 0 1 0 1 2 0 0 0 0 0 2 1 5 0 4 1 0 1 3 2 3 2 4 5
286 10 16 17 0 11 1 11 7 6 9 7 4 4 11 8 20 0 1 7 8 6 7 1 29 4 14 7 8 4 0 0 9 4 1 1 15 9 0 12 6 0 2 0 1 0 0 0 2 1 1 0 2 0 0 1 0 5 2 0 0 1 11 18 12 1 0 7 0 0 0 0 1 0 0 0 0 0 2 0 0 1 1 5 0 2 4 0 10 1 1 0 0 1 0 4 0 0 3 1 0 0 0 1 9 2 1 1 0 1 0 0 6 1 1 1 1 2 0 1 0 0 1 0 0 0 2 1 0 8 1 0 8 2 6 0 0 2 0 5 11 2 6 0 5 2 2 2 0 2 1 0 0 2 1 3 4 3 0 0 7 0 2 0 0 0 1 3 1 0 0 0 2 3 1 0 2 2 0 1 5 5 0 2 0 1 4 0 0 2 1 2 0 0 0 0 0 0 0 0 0 0 0 0 2 0 2 1 0 2 3 0 0 0 5 13 0 0 1 0 1 0 0 0 0 0 1 9 4 6 6 0 1 0 2 5 1 0 1 2
244 20 18 22 1 16 3 13 3 8 4 6 6 8 11 3 21 0 0 11 5 4 12 2 34 5 19 14 12 2 2 1 12 12 11 2 16 9 0 5 3 1 1 0 0 0 0 0 0 1 0 0 4 0 0 0 0 2 0 0 0 1 13 22 11 0 0 6 0 3 0 0 2 0 0 0 0 1 3 0 0 1 1 2 2 1 1 0 4 0 0 1 0 1 0 5 1 0 1 0 0 0 0 1 11 1 1 3 0 0 0 2 1 1 3 3 1 0 0 0 0 0 0 0 0 1 0 0 0 2 4 1 8 0 12 0 0 1 0 7 10 2 12 0 1 2 3 2 0 2 2 0 0 2 2 1 5 4 0 0 0 0 0 0 3 2 0 1 0 0 0 0 0 1 0 0 1 1 0 3 4 14 0 1 4 1 3 1 0 2 3 0 0 0 0 1 0 0 0 1 1 0 0 2 0 0 2 0 0 1 6 0 1 1 9 8 0 0 1 2 1 0 0 0 1 0 1 2 2 1 1 0 0 0 5 2 3 1 1 2
369 7 22 19 1 9 5 7 2 7 8 3 4 7 9 1 16 0 0 6 0 7 10 0 18 1 15 9 8 2 0 0 8 7 12 4 5 4 0 3 0 0 2 0 0 0 0 0 1 0 2 0 7 1 0 0 0 0 1 0 0 1 8 12 7 1 1 7 0 2 0 1 2 1 0 1 0 0 1 0 0 0 0 3 0 0 3 1 6 0 0 0 0 1 1 2 0 0 0 2 0 0 0 0 1 0 0 2 2 0 2 1 2 2 3 2 0 0 0 0 1 0 0 0 0 0 2 2 1 0 0 0 4 1 8 2 0 1 0 10 12 4 14 1 2 2 2 0 0 0 2 0 0 1 4 3 4 1 0 0 2 0 1 3 0 1 0 4 0 0 1 3 1 2 0 1 0 2 1 1 5 10 0 0 1 1 1 0 0 1 0 1 0 5 0 0 0 0 0 0 2 1 0 3 0 0 1 0 0 0 12 0 1 0 9 8 0 0 1 0 1 0 0 0 1 0 6 4 1 1 4 0 2 0 1 4 2 0 0 3
177 26 20 23 0 16 4 9 17 6 29 8 7 8 12 0 18 0 0 5 11 1 3 0 28 4 30 28 5 1 0 0 4 7 7 1 10 15 0 26 0 0 0 0 0 0 0 0 0 0 1 0 7 0 0 0 0 0 0 1 0 0 17 26 21 1 1 10 0 2 0 0 3 0 0 0 0 1 1 0 0 0 0 5 0 1 3 0 15 0 0 1 0 0 0 0 1 0 3 0 0 0 0 0 12 1 0 2 0 0 0 2 2 2 0 0 1 0 0 0 0 0 1 0 0 0 0 2 0 3 2 3 7 0 18 1 0 1 0 4 16 4 13 2 1 3 7 2 0 1 1 0 0 0 0 0 4 4 0 0 0 1 2 3 1 0 0 4 0 0 0 3 2 2 1 0 0 0 0 0 2 9 0 0 2 0 1 0 0 2 0 0 0 1 0 0 0 0 0 0 2 1 0 0 0 0 6 0 0 0 2 0 0 0 10 20 1 0 0 1 0 1 0 0 1 0 4 6 2 0 1 1 0 0 2 0 2 0 1 1
342 9 16 12 1 12 10 11 7 6 3 6 5 11 12 1 18 0 0 3 5 5 11 0 30 1 23 11 11 7 0 0 4 6 9 1 13 12 0 6 0 0 0 0 0 0 0 0 0 1 0 0 4 0 2 0 0 1 0 1 2 0 7 17 8 0 0 1 0 2 0 2 3 0 0 1 0 1 7 0 0 1 0 4 0 0 1 0 5 0 1 0 0 1 0 0 1 0 0 0 0 0 0 0 11 1 0 1 0 0 1 4 1 0 0 0 0 0 0 0 0 0 0 0 0 0 0 0 1 2 3 0 3 1 12 0 0 2 0 10 7 1 8 0 1 1 4 0 0 1 0 0 0 7 2 6 2 2 1 0 1 0 1 1 0 3 0 1 1 0 1 4 0 3 0 1 1 1 1 4 2 8 0 0 2 0 3 1 0 0 0 0 0 3 1 2 0 0 0 0 1 0 1 0 0 3 2 0 0 0 6 0 0 0 5 4 0 0 0 0 1 0 1 2 0 0 2 0 7 0 0 0 0 0 9 0 1 2 2 5
389 9 9 10 0 14 6 6 7 2 17 2 7 3 2 0 11 2 0 2 6 7 12 1 22 2 18 14 9 6 0 0 14 5 4 0 9 15 0 15 1 0 0 0 0 0 0 0 0 0 1 0 8 1 4 0 0 0 0 1 2 0 7 22 6 0 0 5 0 3 0 3 1 0 0 0 0 1 0 0 0 0 0 5 0 0 2 0 5 0 1 0 0 0 0 2 0 0 2 0 0 0 0 0 9 0 0 2 0 0 0 0 2 2 0 0 0 0 0 2 0 0 2 0 0 0 2 2 0 4 1 0 9 0 10 0 0 3 0 8 6 1 6 1 3 3 2 1 1 3 1 0 0 1 1 1 3 2 0 0 0 0 3 2 0 0 0 1 0 1 1 5 1 1 1 1 2 0 1 1 0 5 0 0 1 0 3 0 0 0 1 0 0 0 1 0 0 0 0 0 2 0 0 0 0 0 3 0 0 1 5 0 0 0 5 10 0 0 1 0 0 0 1 0 1 0 1 2 5 0 1 0 0 0 1 3 1 1 0 0
362 14 18 19 0 15 2 6 6 3 10 1 2 3 7 5 13 0 0 4 3 3 7 5 19 1 24 9 8 3 0 2 3 4 8 2 8 7 1 10 5 0 1 0 0 0 1 0 0 0 0 0 3 1 0 0 0 0 0 0 0 0 14 20 9 0 0 6 0 3 0 2 0 0 0 0 0 0 3 1 0 0 1 6 0 0 3 0 7 0 2 1 0 0 0 4 1 0 2 1 1 0 0 2 3 2 0 2 1 0 0 0 0 0 1 0 1 0 0 0 0 0 0 0 0 2 1 0 2 5 1 1 7 1 10 0 1 2 0 4 8 4 5 0 4 0 2 6 0 0 2 0 0 1 2 2 2 3 0 0 0 0 2 0 0 1 0 2 0 0 1 0 2 1 0 0 0 1 0 3 2 7 0 2 2 1 2 0 1 1 1 2 0 0 0 0 0 0 0 0 1 0 0 0 0 0 3 4 0 0 3 0 0 0 9 15 0 0 1 0 0 1 0 0 0 0 5 7 4 2 1 1 2 0 5 5 1 0 0 1
159 24 16 24 2 22 5 13 12 4 11 5 11 2 7 0 29 0 0 13 11 4 6 1 29 1 24 18 9 5 2 1 15 6 8 0 14 16 2 8 0 2 2 0 0 0 0 1 1 0 0 0 3 0 0 0 1 3 1 0 1 0 18 19 16 1 0 16 0 2 0 1 2 0 0 0 0 2 0 0 0 0 1 3 0 3 1 0 13 0 1 1 1 0 0 4 0 0 2 0 0 0 0 0 16 3 1 1 0 0 1 1 1 4 0 0 1 3 1 0 1 0 1 0 1 0 0 2 0 2 0 1 9 3 18 0 0 1 0 5 13 2 12 0 2 1 1 5 1 5 7 0 0 0 2 0 3 4 1 1 0 1 2 0 3 2 0 2 1 0 0 0 1 0 3 0 1 1 0 1 4 7 0 0 1 1 4 0 1 0 1 1 0 0 1 0 1 0 0 0 0 2 1 0 0 1 3 1 0 0 4 1 0 0 9 16 0 0 0 1 0 1 0 0 0 1 2 8 3 1 3 0 1 1 3 2 2 1 1 3
336 13 14 15 1 7 2 7 6 5 8 13 4 3 8 2 11 0 0 4 7 5 7 0 24 6 22 17 4 6 0 0 6 5 5 0 4 10 0 7 2 0 0 0 1 0 0 0 2 0 0 0 2 1 1 0 0 3 0 1 1 0 10 25 12 0 0 8 1 0 0 0 1 0 0 0 0 2 2 0 1 1 0 2 2 0 5 0 11 0 1 2 0 0 0 1 0 0 1 1 0 1 1 0 7 0 1 5 0 1 0 1 2 1 0 1 0 1 0 0 0 1 1 0 1 1 2 2 0 4 1 1 8 0 7 0 0 0 0 7 9 1 9 0 5 1 2 2 0 2 2 0 1 2 0 6 4 0 0 0 3 2 3 1 2 0 0 4 1 0 0 1 0 3 0 1 0 1 2 1 3 10 0 0 0 2 1 0 2 1 1 1 0 0 0 1 0 0 0 0 0 0 0 1 1 0 7 0 0 0 8 1 0 0 8 11 0 0 0 2 1 0 0 0 1 0 0 2 3 2 2 0 1 0 5 1 1 0 0 4
285 6 15 23 1 15 4 11 5 5 6 10 6 3 10 3 21 0 0 7 7 5 7 0 21 4 23 13 7 9 4 0 9 13 14 0 14 10 0 3 2 0 2 0 0 1 1 0 0 0 0 0 5 2 0 1 0 2 1 1 0 0 15 24 11 0 0 5 0 5 1 0 3 0 0 1 0 0 6 0 0 0 0 3 0 0 1 0 9 0 0 0 0 0 0 2 1 0 3 1 0 1 1 1 8 0 1 0 1 1 0 1 2 1 0 4 1 0 0 2 0 0 1 0 3 0 0 0 0 2 3 0 3 2 7 1 0 1 0 10 15 4 10 0 1 3 0 1 0 0 0 0 1 5 1 2 0 1 0 0 1 0 1 0 2 3 0 0 1 0 0 3 1 5 2 0 1 0 0 5 2 10 0 2 0 0 3 0 0 1 1 0 1 0 0 2 0 0 0 0 0 0 0 0 0 0 1 0 0 0 5 0 0 1 10 12 0 1 0 3 0 0 0 0 0 0 1 7 5 2 2 0 2 0 1 0 0 0 0 0
251 4 18 24 0 18 3 18 9 3 15 6 6 7 12 7 19 2 0 12 8 4 8 1 24 2 20 19 13 5 0 2 2 5 12 0 18 5 2 13 0 2 0 0 0 1 0 0 1 1 0 0 0 0 0 0 0 1 0 0 0 0 16 24 15 2 0 16 0 2 0 3 0 1 0 0 0 0 1 0 0 0 0 2 1 0 2 0 9 0 0 2 0 0 1 3 1 0 0 0 0 0 1 1 12 1 1 0 1 0 2 0 2 2 0 1 1 1 0 1 0 0 0 0 0 1 0 1 3 3 1 0 10 0 8 1 0 0 0 12 14 0 9 0 1 2 3 1 0 0 4 0 0 1 1 2 2 1 0 0 2 0 1 0 0 3 0 2 0 0 0 2 0 3 0 0 0 4 0 1 2 6 0 0 0 0 2 0 0 1 2 0 0 4 0 1 0 0 0 0 2 0 1 1 1 0 1 0 0 2 8 0 0 0 4 16 0 1 0 1 2 0 0 0 3 0 0 9 1 0 4 0 1 0 1 0 2 0 0 1
290 9 21 20 5 10 3 8 1 7 2 8 6 6 11 1 14 0 0 3 3 3 4 0 31 2 20 11 8 3 2 3 9 9 13 6 13 6 0 10 4 2 3 0 2 1 0 0 0 0 0 0 6 1 2 0 0 2 0 0 0 1 14 24 13 0 0 5 1 1 0 3 2 1 0 0 0 2 5 0 0 0 1 4 0 0 3 0 8 0 0 1 0 0 1 0 1 0 0 0 1 0 0 1 13 0 0 1 0 0 0 2 1 0 2 1 1 0 2 1 0 1 1 0 1 0 0 1 3 1 1 1 2 2 6 0 1 0 0 7 7 4 10 1 1 2 1 1 0 2 0 0 0 1 0 3 5 6 1 0 2 1 4 0 1 0 0 0 1 0 0 0 2 1 0 1 2 1 1 3 2 8 0 0 4 1 3 0 0 2 0 0 0 1 1 0 0 0 0 0 1 0 0 0 0 0 2 0 0 0 5 0 0 1 9 11 1 1 1 1 1 0 0 0 0 0 4 8 4 2 4 0 1 0 4 5 1 4 1 2
99 19 19 21 2 13 2 11 11 13 15 9 14 2 12 5 22 1 1 20 11 1 4 2 27 5 22 13 9 3 2 0 15 10 12 6 17 19 2 13 1 3 1 0 1 1 0 1 1 0 0 0 4 2 1 0 0 0 1 1 0 2 15 14 16 3 0 20 2 1 0 1 3 2 0 0 0 2 0 0 1 1 2 1 2 1 3 0 12 0 0 2 0 0 0 5 1 0 3 0 0 0 0 0 13 0 0 1 0 0 2 3 5 1 1 1 3 2 0 0 1 1 0 0 0 0 0 5 0 3 1 0 12 0 16 0 0 1 0 3 9 4 18 0 2 3 2 1 1 5 2 0 0 1 0 4 7 4 1 1 3 0 2 4 0 0 0 2 1 0 0 1 0 4 1 0 0 6 2 0 1 9 0 2 1 1 5 1 0 3 2 1 1 3 0 0 0 0 0 0 0 2 0 3 1 0 5 1 0 0 2 0 1 1 13 12 0 0 1 1 0 0 0 1 5 1 2 7 1 4 2 0 0 0 1 5 1 0 2 2
428 16 10 16 0 9 2 6 5 3 7 11 8 3 9 5 16 0 0 5 7 4 3 0 20 0 21 11 5 3 1 0 5 8 5 1 7 8 0 9 2 1 0 0 1 0 0 0 0 0 1 0 0 0 1 0 0 1 1 1 1 2 9 10 11 1 1 7 0 0 0 0 2 0 0 0 0 1 3 0 0 0 0 6 1 1 0 0 12 0 0 2 0 2 0 0 0 0 2 0 0 1 0 0 8 2 1 1 0 0 0 1 0 1 1 0 0 0 0 1 0 0 1 0 1 0 0 0 1 4 1 0 7 0 8 0 0 1 0 0 9 6 4 0 1 3 0 0 0 1 0 0 0 1 1 2 0 3 0 0 1 0 0 2 3 0 0 0 0 0 1 3 1 2 0 0 1 1 0 1 4 5 0 0 1 0 5 0 0 0 1 0 0 1 0 0 0 0 0 0 0 1 0 0 0 0 3 1 0 0 3 0 0 0 11 11 0 0 0 1 0 0 0 1 0 0 2 2 2 1 1 0 2 1 0 0 0 1 0 1
281 8 10 18 2 5 3 7 5 7 15 10 7 4 12 16 17 1 0 11 6 5 6 4 30 2 14 13 9 4 1 1 6 8 12 4 10 8 4 10 0 0 3 0 0 0 0 0 0 0 0 0 3 0 2 1 0 1 0 1 1 0 14 16 9 2 0 6 1 3 2 1 1 1 0 0 0 1 3 0 0 0 0 1 1 2 5 1 5 0 0 0 0 0 0 1 1 0 5 0 1 0 0 1 5 1 3 1 0 0 3 3 2 2 1 1 0 2 0 1 0 0 0 0 0 0 2 0 5 0 1 2 7 0 4 0 0 0 0 2 9 1 14 1 1 2 1 4 2 1 2 0 0 1 0 0 4 4 0 1 1 0 1 0 2 1 1 3 1 0 0 0 2 2 3 0 1 0 0 2 4 11 0 5 2 1 1 0 0 3 2 2 0 2 0 0 0 0 0 0 1 0 0 0 1 1 3 3 0 0 6 0 0 0 9 9 1 0 0 1 0 1 0 0 0 0 1 11 3 4 5 0 0 0 2 3 2 1 1 0
447 10 15 12 0 13 2 8 8 5 9 6 5 2 9 6 17 0 0 4 4 3 4 1 19 2 13 10 5 6 0 0 3 3 6 0 8 7 0 7 2 0 0 0 0 0 0 0 3 1 0 1 3 0 1 1 1 1 1 0 1 1 7 13 6 1 0 7 1 1 0 0 0 0 0 0 0 3 1 0 0 0 0 4 0 1 2 0 7 0 2 3 0 0 1 3 1 0 0 0 0 0 0 1 6 1 0 1 2 0 0 1 1 3 0 0 1 3 0 0 1 0 0 0 0 0 3 0 1 2 2 0 7 1 4 0 0 2 0 6 11 0 5 0 2 3 1 0 0 1 1 0 0 3 0 0 2 0 1 0 2 0 2 4 0 0 0 1 0 0 0 1 0 2 1 0 0 2 1 1 2 5 0 0 0 0 0 0 0 1 1 0 0 0 0 1 0 0 0 0 1 0 0 1 2 0 1 0 0 3 3 0 0 0 8 9 0 0 0 1 0 0 0 1 3 0 1 4 1 0 0 0 1 0 0 0 0 0 0 4
357 15 13 10 2 8 3 10 6 3 5 10 4 3 8 7 16 0 0 6 3 4 5 1 23 6 16 10 9 0 0 1 7 6 10 0 16 11 0 9 2 1 0 0 0 0 0 0 2 1 0 0 2 0 1 0 1 1 2 0 1 0 8 15 7 0 0 8 1 2 0 3 1 3 0 1 1 0 3 0 0 3 1 2 0 0 3 0 8 0 1 1 0 0 0 1 2 0 2 1 1 0 0 1 11 2 1 0 2 0 1 1 0 1 4 1 0 0 0 0 1 0 0 0 0 1 0 1 1 3 1 0 9 1 13 0 1 0 0 5 7 0 5 0 1 1 0 2 0 3 1 0 0 3 2 0 4 3 0 0 0 2 3 1 1 0 1 2 2 0 0 2 0 3 0 1 0 4 0 3 2 9 0 1 0 0 4 0 0 1 0 1 0 0 0 0 1 0 0 0 2 1 0 4 0 0 0 2 0 2 3 0 0 0 8 9 0 1 1 0 0 0 0 0 1 1 0 5 2 3 2 0 0 0 3 0 3 0 1 2
209 9 19 23 2 15 3 13 4 7 21 7 6 9 15 5 30 2 0 7 5 6 6 1 29 3 30 11 11 9 1 0 7 12 16 1 18 8 0 10 1 1 2 0 0 0 0 1 0 1 3 0 2 1 0 1 0 1 0 0 1 1 11 19 15 3 1 12 0 0 0 2 0 0 0 0 0 0 1 0 0 2 0 1 3 1 3 0 6 0 0 2 0 1 0 4 1 0 3 0 0 0 0 1 8 2 1 0 0 0 0 2 2 2 1 2 0 1 0 1 0 0 1 0 0 1 0 1 3 1 0 0 5 0 9 0 0 0 0 8 16 1 11 0 0 2 4 1 0 2 0 0 0 0 3 1 2 3 0 1 5 0 1 1 2 0 0 1 0 0 0 1 0 1 2 0 0 0 0 1 4 13 0 0 1 1 3 0 0 0 2 2 0 1 0 0 0 0 0 0 2 1 0 2 0 0 2 1 0 4 6 0 0 0 6 11 0 0 1 1 0 0 0 0 2 0 4 7 4 0 1 0 3 2 4 2 2 0 1 3
412 11 10 13 0 9 2 4 7 5 7 7 6 1 6 13 16 1 0 6 5 5 3 0 19 1 22 15 3 2 0 0 8 7 7 1 10 8 0 7 1 1 2 0 0 0 0 0 0 0 0 2 6 0 1 0 0 1 0 1 0 0 8 17 8 0 0 10 0 0 2 0 0 0 0 0 0 2 1 0 1 0 0 0 0 1 2 0 11 0 2 1 0 0 0 1 0 0 2 0 0 0 0 0 11 0 1 1 0 0 0 0 2 0 0 0 0 0 0 0 0 0 0 0 0 0 0 3 0 2 5 0 8 0 14 0 1 0 0 6 11 1 8 0 3 2 2 1 0 2 0 0 1 2 0 2 3 1 0 0 0 0 5 1 1 1 0 1 1 0 0 0 0 2 0 0 2 0 1 1 2 5 0 0 1 0 3 0 0 0 0 1 0 0 1 1 0 0 0 0 0 1 0 0 0 0 3 2 0 1 2 0 1 0 6 10 0 0 0 0 0 1 0 0 0 1 2 5 2 0 1 0 0 0 0 1 0 1 2 2
310 12 17 15 1 13 5 9 14 7 3 11 5 4 9 8 23 0 0 6 7 7 5 1 24 4 12 13 7 5 0 0 5 12 8 0 15 12 2 12 2 0 3 0 0 0 0 0 0 0 0 0 2 0 2 1 1 1 1 2 1 2 15 17 13 0 0 9 0 2 0 1 0 1 0 0 0 0 0 0 0 0 1 5 2 0 1 0 13 1 1 1 0 0 0 1 0 0 4 0 0 0 1 0 10 1 0 3 0 1 1 0 0 0 1 3 1 2 0 1 0 0 0 0 1 1 0 1 1 7 2 0 5 2 6 0 0 0 1 9 7 3 7 0 2 1 0 1 1 0 1 0 0 3 0 2 5 0 0 0 1 0 0 0 1 0 2 1 1 0 0 0 2 2 0 1 0 1 1 0 6 5 0 0 2 0 4 0 0 2 2 2 0 1 0 0 1 0 0 0 1 1 0 0 0 0 0 0 0 1 5 1 0 0 2 15 0 0 0 0 0 1 0 0 1 0 1 1 3 2 3 1 1 1 0 1 1 1 2 3
534 7 10 12 0 10 3 12 3 2 5 3 3 2 5 1 10 0 0 2 2 3 2 0 15 1 14 9 6 5 0 0 7 6 8 0 5 3 0 7 2 0 0 0 2 0 0 0 2 0 2 0 3 0 2 0 0 0 0 2 1 0 7 10 5 0 0 4 0 0 0 1 0 0 0 0 0 1 2 1 0 0 0 0 2 0 2 2 3 0 1 1 0 0 0 0 0 0 2 0 0 0 0 0 9 0 1 2 0 0 0 2 3 1 1 0 0 0 0 2 0 1 0 0 0 0 0 1 0 1 3 0 4 0 7 0 0 0 1 2 8 0 8 0 0 4 5 1 0 0 0 0 1 0 1 1 4 1 0 0 1 1 1 1 1 1 0 2 0 0 0 1 0 1 1 0 0 1 0 3 0 1 0 2 1 1 1 0 2 0 0 0 0 0 0 0 0 0 0 0 1 0 0 0 0 0 0 1 0 0 1 1 0 0 5 6 0 0 0 1 0 0 0 0 1 0 2 1 2 1 3 1 1 0 3 1 0 1 2 0
333 26 14 14 0 10 2 5 2 11 5 18 12 5 0 4 10 0 1 6 6 2 9 0 16 8 9 14 6 9 0 0 12 10 8 1 13 22 0 8 1 0 1 0 0 0 0 1 0 0 1 1 1 0 1 1 0 0 1 1 1 1 8 19 6 1 0 4 0 0 0 1 1 1 0 0 0 0 2 0 1 0 0 2 0 0 2 0 6 1 1 0 0 0 0 2 2 0 1 0 0 0 0 1 17 1 0 1 1 0 2 2 2 3 0 1 0 0 0 0 1 0 0 0 0 0 1 0 1 1 2 0 10 1 18 1 1 1 0 6 6 0 10 0 1 1 1 0 0 1 1 0 1 2 2 2 0 0 1 2 3 0 3 1 0 0 0 2 1 0 2 0 0 1 0 1 0 0 1 1 2 11 0 0 1 2 2 0 0 0 0 1 0 1 2 3 1 0 0 0 1 3 0 0 0 0 0 1 0 1 4 0 0 0 9 5 0 2 2 2 0 0 0 0 0 0 2 3 5 1 4 0 3 1 1 3 2 0 0 3
284 16 15 14 0 17 4 5 10 8 8 9 14 7 4 4 17 1 2 14 10 4 8 1 26 2 19 17 9 9 0 1 11 10 5 1 13 13 0 10 0 0 2 0 0 0 0 0 0 1 0 0 1 0 1 0 0 0 2 0 1 0 16 16 13 1 0 10 0 1 0 0 2 0 0 0 0 0 0 0 0 0 0 5 0 0 2 0 6 0 1 1 0 1 0 1 0 0 3 2 0 0 0 0 13 3 0 0 3 0 0 2 0 0 1 0 0 0 0 0 0 0 0 0 0 0 0 3 0 1 1 0 11 1 15 1 1 0 0 11 9 0 13 0 0 1 1 0 3 2 1 0 0 1 0 1 0 3 0 1 0 0 2 1 0 1 1 1 2 0 0 1 0 0 0 1 1 0 0 0 1 8 0 1 2 1 4 0 0 0 2 0 0 0 1 0 0 0 0 0 0 0 0 2 0 0 1 1 0 5 10 0 0 0 8 10 0 0 0 3 0 0 2 0 0 0 7 3 2 1 2 0 0 1 1 3 1 0 1 1
294 16 22 18 0 10 0 5 8 5 11 8 6 2 4 2 17 0 0 4 2 2 3 3 24 1 31 16 5 2 0 1 10 5 9 0 8 14 0 11 4 2 6 0 0 0 0 0 1 0 1 0 2 0 0 0 0 2 0 0 2 3 10 21 7 2 0 10 0 1 0 2 0 0 0 0 0 0 1 0 0 0 0 2 1 0 6 0 11 0 2 0 1 1 1 0 0 0 2 1 0 0 1 0 11 3 0 3 0 0 2 5 3 1 3 0 0 0 0 0 0 1 0 0 0 1 1 1 0 2 0 0 5 0 10 0 0 1 0 9 9 2 5 0 4 7 2 0 0 0 2 0 0 2 1 5 4 4 0 0 1 0 1 2 1 2 0 3 0 0 0 5 2 2 0 0 3 2 3 2 0 6 0 1 0 0 3 0 0 1 1 1 0 0 1 2 0 0 2 0 1 0 1 1 0 0 0 3 0 0 9 1 0 0 5 10 0 0 0 1 2 0 0 0 1 0 0 8 6 3 2 1 3 0 1 4 0 1 1 4
292 12 18 19 0 19 0 23 14 6 9 12 10 2 6 8 23 1 0 15 8 1 3 0 22 4 22 14 3 2 0 0 6 9 6 0 16 17 3 9 2 0 2 0 0 0 0 0 0 1 0 1 1 0 0 1 0 0 0 0 0 2 14 14 13 1 0 18 0 0 0 0 2 1 0 0 1 0 0 0 0 1 0 0 1 1 1 0 10 0 0 2 0 0 1 5 0 0 5 1 1 0 0 0 7 1 1 1 2 0 0 2 1 6 1 0 1 0 0 0 0 0 0 0 0 0 0 1 0 2 0 1 14 2 11 0 0 0 0 3 15 1 7 1 0 2 0 2 0 4 2 0 1 0 3 0 1 1 0 0 2 1 1 0 2 0 1 1 0 0 1 0 0 1 0 0 0 1 0 0 2 4 0 0 0 1 4 0 0 4 0 0 0 0 0 0 0 1 0 0 0 1 0 0 1 0 0 0 0 0 2 0 0 0 8 12 0 0 3 0 0 0 0 0 1 0 1 7 3 2 3 0 0 0 1 1 0 1 0 2
330 8 13 17 3 11 2 10 10 6 16 4 9 2 16 4 7 3 0 8 9 3 2 0 19 1 19 9 6 3 1 1 2 6 14 0 11 5 1 12 0 0 1 0 0 0 0 1 1 1 0 1 2 1 0 0 1 0 0 1 0 1 14 16 8 1 1 11 0 1 1 0 0 1 0 0 0 0 0 0 0 0 0 1 0 1 3 0 10 1 1 2 0 0 0 2 0 0 1 1 0 0 0 0 18 2 0 3 0 1 2 0 1 2 2 0 2 0 0 0 0 0 2 0 3 0 1 1 0 3 5 0 10 3 10 0 0 1 0 5 11 2 5 0 1 4 0 1 0 2 2 0 2 1 2 1 3 5 0 1 1 1 2 1 1 0 0 4 0 0 1 1 0 3 0 0 1 0 0 0 2 6 0 1 1 2 7 1 0 1 1 0 0 0 0 0 0 0 0 0 2 0 0 0 1 0 2 1 0 1 3 0 0 0 5 11 0 1 1 1 0 0 0 0 2 0 2 12 5 5 0 0 2 1 0 2 0 0 0 1
227 12 21 14 2 18 3 14 4 8 8 7 6 2 15 1 27 0 0 6 5 8 5 3 34 1 20 14 7 5 0 0 14 8 9 2 13 9 1 8 3 0 1 0 0 0 0 0 0 0 1 0 12 2 0 0 0 3 1 0 1 0 9 22 9 0 0 15 0 2 0 2 0 2 0 0 0 1 1 1 0 1 0 3 0 0 0 1 5 0 2 1 0 0 0 7 0 0 3 2 0 0 0 0 10 2 0 0 1 0 0 1 5 2 0 0 0 2 0 0 0 1 0 0 0 1 0 3 3 3 2 0 9 1 6 0 0 0 0 6 5 1 15 1 0 5 2 2 0 0 2 0 2 5 1 3 5 0 0 0 6 0 4 1 0 3 1 0 0 0 0 1 1 2 3 1 1 3 1 6 5 9 2 0 1 1 1 0 0 0 1 0 0 0 1 2 0 0 0 0 1 2 0 0 0 0 2 1 0 1 10 1 0 0 8 9 0 0 0 1 0 1 1 0 0 0 0 5 3 6 7 0 2 0 6 3 0 1 0 1
284 10 20 17 2 14 1 11 6 6 5 15 5 9 11 4 21 1 1 5 5 6 8 0 22 2 27 15 14 7 0 0 10 12 7 0 14 8 0 9 4 0 0 0 0 0 0 0 0 0 0 0 3 0 1 0 0 0 0 3 3 3 8 21 8 2 0 10 0 4 0 0 1 0 0 0 0 0 3 0 0 1 0 10 0 1 4 0 10 0 1 0 0 1 0 0 0 0 2 0 0 0 2 2 10 2 0 0 0 1 2 1 1 1 0 0 0 0 0 1 0 1 0 0 0 0 0 0 2 3 1 0 8 0 2 0 1 0 2 7 5 0 12 1 0 0 2 0 0 0 0 0 0 4 1 3 2 1 1 0 0 0 1 1 0 0 1 0 4 0 1 2 1 2 0 1 1 4 0 1 3 11 0 1 1 1 4 0 0 1 1 0 0 0 0 1 1 0 0 0 1 1 0 1 0 0 0 2 0 1 11 0 0 0 11 11 0 0 0 0 1 0 0 0 0 0 3 1 4 2 2 0 0 1 7 2 2 0 0 1
354 11 10 11 2 12 1 9 3 8 4 16 4 8 12 8 18 1 1 1 6 4 13 0 25 4 18 7 12 9 0 0 14 12 6 0 13 6 0 8 0 0 0 0 1 0 0 0 0 0 0 0 5 0 1 0 1 0 0 0 2 0 10 19 7 1 0 1 0 3 0 1 1 1 0 0 1 0 0 0 0 0 0 7 0 0 3 0 4 0 0 0 0 0 0 1 0 0 1 0 0 0 0 0 6 0 0 2 0 0 0 0 0 1 1 1 0 1 0 0 0 0 0 0 0 0 0 0 4 3 4 0 5 0 7 3 0 0 0 7 7 2 12 1 2 2 3 0 0 0 0 0 1 3 1 1 2 4 0 0 0 0 1 0 0 2 0 4 0 0 1 2 0 3 1 2 0 0 1 1 3 14 0 0 0 1 0 0 0 1 0 0 1 0 0 0 0 0 0 0 1 0 1 0 0 0 0 1 0 0 8 0 0 0 11 7 0 0 0 1 1 0 0 1 0 0 1 4 7 1 3 0 1 0 6 2 1 3 2 1
283 14 20 16 0 8 6 6 13 6 6 3 10 6 12 9 10 1 0 9 12 3 6 2 20 3 19 13 5 4 1 0 12 7 6 0 11 12 0 6 5 0 1 0 1 0 0 0 1 1 0 0 1 2 2 1 0 2 0 0 1 0 13 19 12 0 1 8 0 1 0 1 2 0 0 1 1 0 1 0 0 1 0 1 0 1 2 0 14 0 2 1 0 0 0 1 0 0 0 1 0 0 0 0 7 2 0 0 1 3 1 1 2 1 1 0 0 1 0 0 0 0 0 0 0 0 1 2 0 4 2 0 16 1 12 0 0 1 0 6 9 2 17 1 1 4 1 0 1 1 3 0 1 3 1 0 3 2 2 0 3 1 1 0 3 0 0 5 0 0 0 2 0 3 0 1 1 0 1 1 2 8 0 1 1 1 1 0 0 1 2 1 1 0 1 1 0 0 0 0 2 0 0 1 0 0 1 2 0 2 7 1 0 0 12 13 1 0 0 1 0 0 0 1 1 0 2 0 1 3 4 1 1 2 4 2 1 0 1 1
459 19 14 10 0 11 5 9 6 7 4 6 3 3 7 5 14 2 0 4 7 1 4 0 19 7 14 12 3 3 0 0 15 14 8 0 7 10 1 6 4 0 0 0 0 0 0 0 0 0 0 0 0 0 0 0 0 0 0 0 2 0 8 12 3 0 0 7 0 0 0 1 0 1 0 0 0 0 0 0 0 0 0 0 0 1 1 0 7 0 0 0 0 0 0 1 0 0 1 0 0 0 0 0 10 0 0 2 0 0 0 0 1 0 1 1 0 1 0 0 0 0 0 0 0 0 0 0 0 4 1 0 9 0 6 0 0 1 0 2 7 1 9 0 0 2 1 0 0 1 1 0 0 0 3 0 1 0 0 0 0 0 0 2 0 2 0 0 1 0 2 2 1 1 0 0 1 2 0 0 1 8 0 0 0 0 5 0 0 0 1 0 0 1 1 0 0 0 0 0 1 0 0 0 0 0 1 0 0 0 6 1 1 0 9 9 0 0 2 0 0 0 0 0 1 0 4 3 2 0 2 0 0 0 1 1 0 2 0 0
102 18 29 27 1 25 6 12 8 10 10 14 4 10 6 1 28 0 1 5 7 13 13 0 36 7 34 21 16 9 0 1 10 16 11 0 17 13 0 10 0 0 1 0 0 0 0 0 0 0 0 1 8 0 1 0 0 0 0 2 2 1 20 28 7 0 0 6 0 4 1 0 0 0 0 0 1 0 2 0 0 1 0 8 0 0 5 0 12 0 1 0 0 0 0 1 0 0 0 0 0 0 3 0 10 0 0 1 0 0 0 1 5 0 2 0 0 0 0 0 0 0 0 0 0 0 1 3 0 4 1 0 4 0 12 1 0 0 0 14 13 2 14 0 2 0 2 0 1 2 2 0 0 3 3 3 4 1 0 3 0 2 3 0 0 1 3 1 2 1 2 1 1 1 0 0 0 2 0 2 6 11 0 1 3 0 2 1 0 0 2 0 1 0 0 1 0 0 0 1 0 0 0 0 0 0 0 2 0 0 17 0 1 0 10 14 0 0 0 1 0 0 0 0 0 0 3 4 5 1 3 1 0 2 3 3 4 0 2 2
337 8 16 19 0 11 3 10 4 6 9 5 3 13 12 4 15 0 0 3 1 17 19 6 26 8 18 11 16 8 0 0 7 5 15 3 9 6 0 6 0 0 0 0 0 0 0 0 0 0 0 0 0 0 0 0 0 1 0 1 0 3 6 12 5 1 0 4 0 1 0 3 0 0 0 0 0 2 3 0 0 0 0 8 0 0 0 0 6 0 1 0 0 0 0 0 1 0 2 0 0 0 0 0 8 1 0 0 0 0 0 3 2 0 1 0 0 1 0 0 0 0 0 0 0 0 0 0 1 0 2 0 8 0 4 0 0 0 0 16 8 1 10 0 0 1 1 0 0 0 0 0 0 5 2 3 3 0 1 1 0 0 0 1 1 4 0 2 2 0 0 2 0 2 0 1 0 0 1 2 6 7 0 1 3 0 3 0 0 0 1 1 0 0 0 1 0 0 0 1 2 1 0 1 0 0 2 0 0 0 14 0 0 0 10 8 0 0 0 2 0 0 0 0 0 0 6 4 0 5 0 0 1 0 3 0 2 1 0 4
251 12 24 20 8 15 3 9 7 4 6 11 12 2 16 8 20 2 0 12 5 5 9 0 25 0 23 20 4 6 2 0 7 14 10 0 22 12 1 7 1 0 1 0 0 0 0 0 0 0 0 0 0 0 1 0 1 3 0 1 0 0 18 17 12 1 0 15 1 1 1 0 0 0 0 0 0 0 0 0 1 1 0 5 0 0 0 0 9 0 1 4 0 0 3 1 0 0 3 0 0 0 0 0 16 0 0 1 0 0 3 1 1 0 1 0 1 1 0 0 0 1 0 0 0 0 0 0 1 2 1 0 15 0 12 0 0 0 0 8 6 2 16 0 1 5 0 2 0 0 4 0 0 2 0 1 1 0 0 0 2 0 0 4 0 0 0 0 0 0 0 2 0 2 1 2 1 1 0 2 0 9 1 2 0 2 1 0 0 2 1 0 0 0 0 0 0 0 0 0 0 1 1 1 1 0 0 1 0 1 3 0 1 0 6 7 0 0 1 0 0 0 0 0 2 0 3 5 4 1 2 0 4 2 1 3 2 1 0 0
285 10 14 22 1 14 3 13 10 9 14 9 2 12 12 2 16 0 0 4 3 11 9 2 29 4 22 16 11 9 0 0 5 10 5 0 10 9 0 15 1 0 0 0 0 0 0 0 0 0 0 0 8 0 0 0 0 2 0 1 0 0 12 28 11 0 0 10 0 3 0 0 2 0 0 0 0 2 3 0 0 0 0 9 0 0 3 0 8 0 3 0 0 0 0 1 1 0 5 0 0 0 0 0 3 0 0 1 0 0 1 2 1 3 1 0 0 0 0 0 0 0 0 0 0 0 0 1 0 1 1 0 2 1 1 0 0 1 0 12 10 1 10 0 3 2 4 0 0 1 0 0 1 0 5 3 0 1 2 2 1 0 2 2 1 4 0 2 2 0 0 2 0 4 0 2 3 1 0 2 1 10 0 0 1 0 2 0 1 0 1 0 0 1 0 0 0 0 0 0 1 1 2 0 0 0 1 0 0 0 9 0 0 0 6 11 0 0 1 0 0 0 0 0 0 0 3 1 3 2 1 0 2 1 4 2 2 0 0 0
319 18 11 10 0 25 4 16 5 8 15 11 11 4 11 5 11 0 0 2 14 3 1 0 21 3 21 8 6 3 0 0 14 12 10 0 10 17 0 13 2 0 1 0 0 0 0 0 0 0 0 0 5 0 2 0 0 0 0 1 0 1 4 23 8 0 0 7 0 0 0 2 1 0 0 0 0 1 1 0 0 0 0 2 0 1 8 0 7 0 0 0 1 0 0 0 0 0 2 1 0 1 0 0 17 0 0 1 0 1 0 2 5 0 0 0 0 0 1 1 0 0 0 0 0 0 0 0 1 2 0 0 8 0 12 0 0 0 0 2 11 1 12 1 0 1 4 1 1 0 3 0 2 0 1 0 5 3 0 0 0 0 2 3 1 0 0 5 0 0 1 3 0 0 0 0 0 0 1 0 0 13 0 0 1 0 7 0 0 0 0 0 0 0 0 1 0 0 0 0 2 0 0 0 0 0 3 0 0 0 2 0 2 0 16 7 0 0 0 0 0 0 0 0 0 0 1 2 5 0 1 0 0 0 2 3 1 0 2 0
