1791 0 11 0 4 1 13 0 3 2 1 1 0 3 1 1 0 1 3 0 0 0 0 3 11 0 1 7 11 9 1 10 0 1 3 7 5 2 0 0 0 0 0 0 0 0 0 0 0 0 0 0 0 0 0 0 0 0 0 0 0 0 0 3 0 0 0 0 0 0 0 0 0 0 0 0 0 0 0 0 0 0 0 0 0 0 0 0 0 0 0 0 0 0 0 0 0 0 0 0 0 0 0 0 0 0 1 0 0 0 0 0 0 0 0 0 0 0 0 0 0 0 0 0 0 0 0 0 0 0 0 0 0 0 2 0 0 0 0 0 0 0 3 0 0 0 0 0 0 0 0 0 0 0 0 0 0 0 0 0 0 0 0 0 0 0 0 0 0 0 0 0 0 0 0 0 0 0 0 0 0 0 0 0 0 0 1 0 0 0 0 0 0 0 0 0 0 0 0 0 0 0 0 0 0 0 0 0 0 1 0 0 0 0 2 0 0 0 0 0 0 0 0 0 0 0 4 0 0 0 0 0 0 0 0 0 0 0 0 0
875 8 3 0 2 12 2 1 3 1 9 4 0 0 6 6 0 6 2 0 1 0 1 0 6 2 0 1 4 0 2 0 3 3 5 0 2 5 0 0 0 0 0 0 0 0 0 0 0 3 0 0 0 0 0 0 0 0 0 0 0 0 0 1 1 0 0 3 0 0 0 0 0 0 0 0 0 0 0 0 0 0 0 1 0 0 0 0 0 0 0 0 0 0 0 0 0 0 0 0 0 0 0 0 1 0 1 0 0 0 0 0 0 0 0 0 0 0 0 0 0 0 0 0 0 0 0 0 0 0 0 0 0 0 0 0 0 0 0 0 0 0 7 0 0 0 0 0 0 0 0 0 0 0 0 0 0 0 0 0 0 0 0 0 0 0 0 0 0 0 1 0 0 1 0 0 0 0 0 0 0 0 0 0 0 0 1 0 0 0 0 0 0 0 0 0 0 0 0 0 0 0 0 0 0 0 0 0 0 3 0 0 1 0 4 0 0 0 0 0 0 0 0 0 0 0 7 0 1 0 0 0 0 0 0 0 0 0 0 0
75 0 0 0 0 2 1 3 0 3 0 1 1 3 5 2 0 0 0 0 0 0 1 0 1 1 0 0 1 0 0 0 4 1 2 0 0 0 0 0 0 0 0 0 0 0 0 0 0 0 0 0 0 0 0 0 0 0 0 0 1 0 0 0 0 0 0 0 0 0 0 0 0 0 0 0 0 0 0 0 0 0 0 0 0 0 0 0 0 0 0 0 0 0 0 0 0 0 0 0 0 0 0 0 3 0 0 0 0 0 0 0 0 0 0 0 0 0 0 0 0 0 0 0 0 0 0 0 0 0 0 0 0 0 2 0 0 0 0 2 0 0 5 0 0 0 0 0 0 0 0 0 0 0 0 0 0 0 0 0 0 0 0 0 0 1 0 0 0 0 0 0 0 0 0 0 0 0 0 0 0 0 0 0 0 0 0 0 0 0 0 0 0 0 0 0 1 0 0 2 0 0 0 0 0 0 0 0 0 0 0 0 0 0 1 0 0 0 0 0 0 0 0 0 0 0 2 0 0 0 0 1 0 0 0 0 0 0 0 0
332 11 3 5 3 11 3 2 3 1 2 6 1 7 7 2 1 4 1 1 1 1 2 1 7 7 1 4 5 3 1 0 4 4 6 0 2 12 1 0 0 0 0 0 0 0 0 0 0 4 0 0 0 0 0 0 0 0 0 0 1 1 2 0 2 0 0 2 0 0 0 0 1 0 1 0 0 0 0 0 0 0 0 1 0 0 0 0 0 0 0 0 0 0 2 0 0 0 0 0 0 0 0 0 6 0 0 0 0 0 0 0 0 0 0 0 0 0 0 0 0 0 0 0 0 0 0 0 0 0 0 0 6 0 5 0 0 0 0 1 1 0 8 0 0 0 0 1 0 0 0 2 0 0 1 0 0 0 0 0 0 0 0 0 0 0 0 0 0 0 0 0 0 0 0 0 0 0 0 1 0 4 0 0 0 0 5 0 0 0 0 0 0 0 0 0 0 0 0 0 0 1 0 0 0 0 0 0 0 2 1 0 0 0 5 0 0 0 0 0 0 0 0 0 0 0 2 0 0 1 0 1 0 0 0 0 1 0 0 0
381 15 6 3 0 11 0 2 0 3 3 2 2 2 2 3 5 4 1 1 4 8 3 0 2 4 2 0 1 1 1 0 0 7 2 3 2 12 0 6 0 0 3 0 0 0 0 1 0 3 0 0 0 0 0 0 0 0 0 0 0 0 0 4 2 0 0 10 0 0 0 0 0 0 0 0 0 0 0 0 0 0 0 3 0 0 0 0 2 0 0 1 0 0 0 0 0 0 0 0 0 0 0 0 6 0 0 1 0 0 0 0 0 0 0 0 0 1 1 0 0 0 0 0 0 0 0 0 0 0 0 0 3 2 1 0 0 0 0 1 0 3 1 0 0 0 0 0 0 0 0 0 0 0 0 0 0 0 0 0 0 0 0 0 0 0 0 0 0 0 1 0 0 1 2 0 0 0 0 0 3 2 0 0 2 0 1 0 0 0 0 0 0 0 0 1 0 0 0 0 0 0 0 0 0 0 0 0 0 1 1 0 0 0 1 1 0 0 0 0 0 0 0 0 0 0 0 0 0 1 0 0 0 1 0 0 0 0 0 0
177 14 2 0 2 16 3 7 1 8 4 9 6 1 10 4 2 4 1 4 9 4 3 1 5 4 3 2 7 2 1 0 9 12 7 2 4 18 0 7 0 0 0 0 0 0 0 0 0 3 0 0 1 0 0 0 0 0 0 0 1 0 3 2 1 0 0 2 0 0 0 1 0 0 0 0 0 0 0 0 0 0 0 2 0 0 0 1 3 0 0 0 0 0 0 0 0 0 0 1 0 0 0 1 15 0 0 0 0 0 0 0 0 0 0 0 0 0 0 0 1 0 0 1 0 0 0 0 2 0 0 0 14 0 14 0 0 2 0 1 2 1 10 0 0 0 0 0 0 0 0 0 0 0 1 0 0 0 0 2 0 0 0 0 0 0 1 1 0 0 0 0 0 0 0 0 0 0 0 0 0 10 0 0 1 0 7 0 0 2 0 0 0 0 0 0 0 0 0 0 0 0 0 0 0 0 0 0 0 1 5 0 0 0 10 3 0 0 1 1 0 0 0 0 1 0 0 0 0 2 2 1 0 0 0 1 0 0 0 0
2185 9 6 1 4 12 4 2 1 1 4 13 0 0 4 2 1 5 0 3 0 0 0 3 7 1 1 4 7 3 0 3 2 6 3 5 3 8 1 0 0 0 0 0 0 0 0 0 0 4 0 0 1 0 0 0 0 0 0 0 1 1 0 0 0 1 0 1 0 0 1 0 0 0 0 0 0 0 0 0 0 0 0 1 1 0 0 0 0 0 0 0 0 0 0 0 0 0 0 0 0 0 0 0 0 0 1 0 0 0 0 0 0 0 0 0 0 0 0 0 0 0 0 0 0 0 0 0 0 0 0 0 0 0 1 0 0 0 2 1 0 0 8 0 0 0 0 0 0 0 0 0 0 0 0 0 0 0 0 0 0 0 0 0 0 0 0 0 0 0 0 0 0 0 0 0 0 0 0 0 0 2 0 0 0 0 2 0 0 0 0 0 0 0 0 0 0 1 0 0 0 0 0 0 0 0 0 0 0 2 0 1 0 0 3 0 0 0 0 0 0 0 0 0 0 0 1 0 1 0 0 0 0 0 0 0 0 0 0 0
239 1 10 5 6 3 1 10 0 3 2 9 1 2 9 0 1 0 0 0 4 5 5 2 7 0 4 4 3 1 0 0 5 10 4 4 3 1 0 4 0 0 0 0 0 0 0 0 0 1 0 0 0 0 0 0 0 0 0 0 1 1 2 6 0 0 0 0 0 1 0 2 0 0 0 0 1 0 0 0 0 0 0 4 0 1 0 0 0 0 0 0 0 0 0 0 0 0 1 0 0 0 0 0 5 0 0 0 0 0 0 0 0 0 0 0 0 0 0 0 0 0 0 0 0 0 0 0 0 1 1 0 2 0 1 0 0 0 0 7 3 0 9 0 0 0 0 0 0 1 0 0 0 0 0 0 0 0 0 0 0 0 0 0 0 0 0 1 0 1 0 0 0 0 0 0 0 0 0 1 0 2 0 0 1 0 1 0 0 0 0 0 0 0 0 0 0 0 0 0 0 0 1 0 0 0 0 0 0 0 1 0 1 1 7 3 0 0 0 0 0 0 0 0 0 0 2 1 1 1 1 0 0 0 0 0 2 0 1 1
439 10 10 13 0 8 8 10 1 3 5 6 4 4 13 1 10 2 1 2 4 12 15 2 8 3 11 11 15 5 0 0 12 8 7 5 7 19 0 1 0 0 0 0 0 0 0 0 0 2 0 0 2 0 0 0 0 0 0 0 0 1 2 5 5 1 0 0 0 0 0 0 0 0 0 2 1 0 1 0 0 0 0 8 0 0 0 0 2 0 0 0 0 0 0 0 0 0 0 0 0 0 0 2 4 0 0 0 0 0 0 0 0 0 1 0 0 0 0 0 0 0 0 0 0 0 0 0 0 0 2 0 11 0 16 0 0 0 0 7 5 0 12 0 1 0 0 0 0 0 0 0 0 2 3 2 0 1 1 0 0 0 0 0 1 1 0 0 1 0 0 0 0 1 0 0 0 0 0 1 1 9 0 0 3 1 2 0 0 0 1 1 0 0 0 0 0 0 0 0 0 1 0 1 0 0 0 0 0 1 13 0 0 0 7 1 0 0 0 0 1 0 0 0 0 0 5 0 2 0 0 0 1 1 0 2 1 0 0 1
463 11 14 12 0 14 1 11 2 8 3 9 5 4 7 3 12 3 0 2 5 3 4 1 17 2 14 16 6 4 0 0 13 6 9 4 7 16 0 4 0 0 0 0 0 0 0 0 0 2 0 0 1 0 0 0 0 0 0 0 0 0 7 9 3 0 0 8 0 2 0 0 0 1 0 0 0 0 0 1 0 2 0 3 1 0 4 0 2 0 0 2 0 0 0 1 0 0 0 0 0 0 1 1 4 0 0 1 0 1 0 0 1 0 0 0 0 0 0 0 0 0 0 0 0 0 0 0 0 1 0 1 7 0 3 0 0 0 0 6 6 1 17 0 0 1 0 0 0 0 1 0 1 0 1 0 1 1 1 3 0 0 1 1 1 2 0 1 0 1 2 0 0 1 0 0 1 0 0 0 0 6 0 0 1 0 1 0 0 0 0 1 0 0 1 0 0 0 0 0 0 0 0 0 0 0 0 0 0 1 6 0 1 0 15 3 0 0 0 0 0 0 2 0 0 0 2 1 2 2 1 1 0 1 0 5 0 2 0 0
1044 13 12 10 0 12 9 9 3 4 0 7 3 11 10 6 14 4 0 1 4 13 7 0 11 2 11 9 7 15 0 1 10 10 14 0 9 6 0 2 0 0 0 0 0 0 0 0 0 2 0 0 0 0 0 0 0 0 0 0 3 1 6 10 1 0 0 0 0 0 0 0 0 1 0 0 0 1 0 0 0 0 0 15 1 0 0 0 2 0 0 0 0 0 0 0 0 0 0 0 0 0 0 0 6 0 0 0 0 0 0 0 0 0 0 0 0 0 0 1 0 0 0 0 0 0 0 0 0 0 2 0 10 0 5 0 0 0 2 7 5 0 14 0 0 0 0 0 0 0 0 0 0 1 3 0 0 0 0 0 0 1 0 0 0 0 1 0 1 1 2 0 0 4 0 0 0 0 0 0 2 8 0 0 2 0 1 0 0 0 0 1 0 0 0 0 0 0 0 0 0 0 1 1 0 0 0 0 0 1 4 1 0 0 8 2 0 0 0 0 1 0 0 0 0 0 4 0 2 0 0 0 0 0 0 1 0 0 0 0
193 7 3 4 0 8 3 9 2 2 0 3 2 4 9 3 7 1 0 0 3 9 4 1 4 4 7 5 3 4 0 1 8 5 10 0 3 10 0 1 0 0 0 0 0 0 0 0 0 0 0 0 0 0 0 0 0 0 0 0 1 0 2 3 2 0 0 0 0 0 0 0 1 0 0 0 0 1 0 0 0 0 0 5 0 1 0 0 1 0 0 0 0 0 0 0 0 0 0 0 0 0 0 0 3 0 0 0 0 0 0 0 0 0 0 0 0 0 0 0 0 0 0 0 0 0 0 0 0 0 2 0 6 0 4 0 0 0 0 2 2 0 6 0 0 0 0 0 0 0 0 0 0 0 1 0 0 0 0 1 0 1 0 0 0 0 0 0 0 1 2 0 0 2 0 0 0 0 0 0 1 5 0 1 0 0 0 0 0 0 0 0 0 0 0 0 0 0 0 0 0 0 0 0 0 0 0 0 0 0 1 0 0 0 9 2 0 0 0 0 0 0 0 0 0 0 5 0 1 0 1 0 0 0 0 0 0 0 0 0
1017 21 4 1 0 24 5 11 5 9 4 10 10 5 14 5 4 3 1 7 12 5 11 0 4 1 5 3 8 6 0 0 15 9 9 0 0 22 0 5 1 0 0 0 0 0 0 0 0 2 0 0 0 0 0 0 0 0 0 0 1 0 3 4 4 0 0 6 0 0 0 0 2 0 0 0 0 0 0 0 0 0 0 5 1 0 0 0 4 0 0 1 0 0 0 0 0 0 0 0 0 0 0 1 19 0 0 0 0 0 0 0 0 0 0 0 0 0 0 0 0 0 0 0 0 0 0 0 0 0 1 0 17 0 25 0 0 0 2 6 3 0 15 0 0 0 0 0 0 0 1 0 0 0 1 0 0 0 0 0 0 0 0 0 0 0 0 0 0 0 0 0 0 0 0 0 0 0 0 0 1 10 0 0 1 0 6 0 0 0 0 0 0 0 2 0 0 0 0 0 0 3 1 0 0 0 0 1 0 1 8 1 0 0 8 5 0 0 0 1 0 0 0 0 0 0 2 0 0 0 0 0 0 1 0 0 0 0 0 0
68 14 8 5 1 10 2 7 1 11 4 8 4 3 16 4 5 0 0 3 6 4 7 0 6 0 6 5 4 4 0 0 10 10 8 0 5 7 0 3 1 0 0 0 0 0 0 0 0 0 0 0 0 0 0 0 0 1 0 0 2 1 5 8 3 0 0 2 0 0 0 1 0 0 0 0 0 0 0 0 0 0 0 5 0 0 0 0 2 0 0 0 0 0 0 0 0 0 0 0 0 0 0 1 4 0 0 0 0 0 0 0 0 0 0 0 0 0 0 0 0 0 0 0 0 0 0 0 0 0 1 0 4 0 5 0 1 0 0 6 2 0 8 0 0 0 0 0 0 0 0 0 0 0 4 0 1 0 0 0 0 0 1 0 0 0 0 0 0 0 0 2 1 0 0 1 0 0 0 0 2 8 0 0 1 0 2 0 0 0 0 0 0 0 0 0 0 0 0 0 2 1 0 1 0 0 0 0 0 0 5 0 1 0 12 3 0 0 0 0 0 0 0 0 0 0 2 0 0 1 0 1 1 0 0 0 3 0 0 0
148 9 6 7 0 10 4 7 2 7 3 7 6 3 6 9 8 0 1 2 10 4 7 0 5 0 6 4 4 2 0 0 4 5 9 2 0 9 0 4 2 0 0 0 0 0 0 0 0 0 0 0 1 1 0 0 0 0 0 0 1 0 7 4 3 0 0 1 0 0 0 0 1 0 0 0 0 0 0 0 0 0 0 4 1 0 0 0 2 0 0 1 0 0 0 0 0 0 0 0 0 0 0 1 9 0 1 0 0 0 0 1 1 0 1 0 0 0 0 0 0 0 0 0 0 0 0 0 0 1 2 0 9 0 15 0 1 0 0 8 3 0 8 0 0 0 0 0 0 0 1 0 0 0 1 1 2 0 0 0 0 1 1 0 0 1 0 0 0 0 0 1 0 0 0 0 0 0 0 0 1 6 0 0 1 0 5 0 0 0 0 0 0 0 1 1 0 0 0 0 1 1 0 0 0 0 1 0 0 0 7 0 0 0 6 4 0 0 0 0 0 0 0 0 0 0 3 0 0 0 3 0 0 0 0 1 0 0 0 1
2 0 1 1 0 2 0 1 0 2 1 1 1 0 3 0 2 0 0 0 1 0 0 0 3 0 1 0 0 0 0 0 1 1 1 2 0 0 0 0 1 0 0 0 0 0 0 0 0 0 0 0 0 0 0 0 0 0 0 0 0 0 0 1 0 0 0 0 0 0 0 0 0 0 0 0 0 0 0 0 0 0 0 0 1 0 0 0 0 0 0 0 0 0 0 0 0 1 0 0 0 0 0 0 0 0 1 0 0 0 1 1 1 0 0 0 0 0 0 0 0 0 0 0 0 0 0 0 0 0 0 0 1 0 0 0 0 0 0 1 0 0 3 0 0 0 0 0 0 0 0 0 0 0 0 0 0 0 0 0 0 0 0 0 0 0 0 0 0 0 0 0 0 0 0 0 0 0 0 0 0 1 0 0 0 0 0 0 0 0 0 0 0 0 0 1 0 0 0 0 1 0 0 0 0 0 0 0 0 0 0 0 0 0 0 0 0 0 0 0 0 0 0 0 0 0 0 0 0 0 2 0 0 0 0 0 0 0 0 0
983 16 30 35 0 28 21 17 11 10 9 14 3 26 5 4 44 1 0 8 4 22 30 0 41 6 40 31 24 21 0 0 11 15 13 0 24 10 0 10 2 0 0 0 0 0 0 0 0 0 0 0 1 0 0 0 0 0 0 0 1 1 24 40 9 0 0 9 0 5 0 2 1 0 2 0 1 0 2 0 0 0 0 30 0 0 0 0 11 0 0 0 0 0 0 0 0 0 2 0 0 0 0 1 6 0 0 0 0 0 0 2 1 0 0 0 0 0 0 0 0 0 0 0 0 0 0 0 0 0 3 0 8 0 5 0 0 1 0 33 15 0 12 0 0 0 0 0 1 1 0 0 0 1 6 0 1 0 1 0 0 0 0 0 1 2 0 0 1 0 3 0 0 2 0 1 0 1 0 1 5 15 0 0 3 0 4 0 0 0 0 0 0 0 0 0 1 0 0 1 1 1 0 1 0 0 1 0 0 1 26 0 0 0 16 11 0 0 0 0 0 0 0 0 0 0 8 1 3 0 0 0 1 1 1 0 2 0 0 0
11 0 1 0 0 0 0 0 0 0 1 0 0 0 1 1 0 0 0 0 0 0 0 0 1 0 1 1 0 0 0 0 0 0 1 0 1 0 0 0 0 0 0 0 0 0 0 0 0 0 0 0 1 0 0 0 0 0 0 0 0 0 1 1 0 0 0 1 0 0 0 0 0 0 0 0 0 0 0 0 0 0 0 0 0 0 0 0 1 0 0 0 0 0 0 0 0 0 0 0 0 0 0 0 0 0 0 0 0 0 0 0 0 0 0 0 0 0 0 0 0 0 0 0 0 0 0 0 0 0 0 0 0 0 0 0 0 1 0 0 2 0 0 0 0 0 0 0 0 0 0 0 0 0 0 0 0 0 0 0 0 0 0 0 0 0 0 0 0 0 0 0 0 0 0 0 0 0 0 0 0 0 0 0 0 0 1 0 0 0 0 0 0 0 0 0 0 0 0 0 0 0 0 0 0 0 0 0 0 0 1 0 0 0 0 0 0 0 0 0 0 0 0 0 0 0 0 0 0 0 0 0 0 0 0 0 0 0 0 0
98 1 2 7 0 0 3 0 2 1 2 3 1 3 0 5 5 0 0 0 1 2 4 0 6 3 6 5 4 2 0 0 3 7 6 0 2 2 0 1 0 0 0 0 0 0 0 0 0 0 0 0 0 0 0 0 0 0 0 0 0 0 3 7 3 0 0 3 0 1 0 0 0 0 0 0 1 0 0 0 0 0 0 3 0 0 0 0 2 0 0 0 0 0 0 0 0 0 0 0 0 0 0 0 0 0 0 0 0 1 0 3 0 0 0 0 0 0 0 0 0 0 0 0 0 0 0 0 0 0 0 0 1 0 2 0 0 0 0 6 1 0 4 0 0 0 0 0 1 0 1 0 0 0 2 0 0 0 0 0 0 0 0 0 1 0 0 0 1 0 1 0 0 1 0 0 0 0 0 0 2 4 0 0 2 0 0 0 0 0 0 0 0 0 0 0 0 0 0 1 0 1 0 0 0 0 0 0 0 0 2 0 0 1 3 1 0 0 0 0 0 0 0 0 1 0 0 0 0 1 0 0 0 0 0 0 1 0 0 0
329 7 11 9 2 8 7 4 1 2 1 4 1 9 2 3 14 1 0 4 1 10 13 0 14 8 12 12 12 5 0 0 6 5 3 0 7 7 0 5 1 0 0 0 0 0 0 0 0 0 0 0 0 0 0 0 0 0 0 0 2 0 8 13 3 0 0 2 0 2 0 0 1 0 0 0 0 0 1 0 0 0 0 9 0 2 0 0 5 0 0 0 0 0 0 0 0 0 1 0 0 0 0 0 5 0 0 0 0 0 0 0 0 0 0 0 0 0 0 0 0 0 0 0 0 0 0 0 0 0 2 0 7 0 3 0 0 1 0 14 2 0 6 0 0 1 0 0 0 1 0 0 0 0 6 0 0 1 0 0 1 0 0 0 2 1 0 0 1 0 2 2 0 1 1 0 0 0 1 0 2 7 0 0 3 0 2 0 0 0 0 0 0 0 0 1 1 0 0 1 0 2 0 0 0 0 0 0 0 1 10 0 0 0 8 3 0 0 1 1 0 0 1 0 0 0 1 2 2 3 0 0 2 0 0 0 0 0 0 0
5579 12 8 0 4 19 2 4 7 3 7 12 1 0 9 5 2 6 1 0 0 0 2 8 8 3 2 6 6 3 1 0 5 4 8 8 2 7 1 0 0 0 1 0 0 0 0 1 0 3 0 0 0 0 0 0 0 0 0 0 0 0 1 2 0 0 0 6 0 0 0 0 0 0 0 0 0 0 0 0 0 0 0 1 1 0 0 0 0 0 0 0 0 0 0 0 0 0 0 0 0 0 0 0 1 0 1 0 0 0 0 1 0 0 0 0 0 0 0 0 0 0 0 0 0 0 0 0 0 0 1 0 0 0 0 0 0 0 1 0 0 0 16 0 0 0 0 0 1 0 0 1 0 0 0 0 0 0 0 0 0 0 0 0 0 0 0 0 0 0 0 0 0 1 0 0 0 0 0 0 0 6 0 0 0 0 1 0 0 0 0 0 0 0 0 0 0 0 0 0 0 0 0 0 0 0 0 0 0 4 0 0 0 0 0 0 0 0 0 0 0 0 0 0 0 0 0 0 1 0 0 0 0 0 0 0 1 0 0 0
824 5 10 2 9 8 1 1 4 2 4 11 3 0 2 4 4 5 5 6 5 0 4 9 13 2 3 13 7 4 0 1 4 5 7 6 9 6 1 0 0 0 2 0 0 0 0 1 0 1 0 0 0 0 0 0 0 0 0 0 1 1 0 4 1 0 0 5 0 0 0 0 0 0 0 0 0 0 0 0 0 1 0 1 0 0 0 0 3 0 0 0 0 0 0 0 0 0 0 0 0 0 0 0 4 1 3 0 0 0 0 1 0 0 0 0 0 0 0 0 0 0 1 0 0 0 0 0 0 0 0 0 2 0 3 0 0 0 0 2 1 0 8 0 0 0 0 0 1 0 0 0 0 0 1 0 0 0 0 0 0 0 0 0 0 0 0 0 0 0 1 0 0 0 0 0 0 0 0 0 2 9 0 0 2 0 2 1 0 0 0 0 0 0 0 0 0 0 0 0 0 0 0 0 0 0 0 0 0 2 0 0 0 0 6 1 0 0 0 0 0 0 0 0 0 0 1 0 1 1 0 1 0 1 0 0 0 0 0 0
1413 16 8 5 2 16 3 15 3 13 2 9 7 9 14 5 10 3 0 4 10 9 3 6 13 3 12 14 8 9 0 0 19 15 17 6 4 17 0 3 1 0 0 0 0 0 0 0 0 0 0 0 0 0 0 0 0 0 0 0 1 0 1 9 4 1 0 8 0 0 0 0 0 0 0 0 0 0 0 0 0 0 0 1 1 0 1 0 1 0 0 0 1 0 0 0 0 0 0 0 0 0 0 0 19 0 0 0 0 0 0 3 1 0 0 0 0 0 0 0 0 0 0 0 0 0 0 0 0 0 1 0 13 0 15 0 0 0 0 10 4 1 29 0 0 0 0 0 1 1 0 0 0 0 3 0 0 0 0 0 0 2 0 0 0 0 0 0 1 0 0 0 0 4 0 0 0 0 0 0 1 20 0 0 0 0 3 0 0 0 0 0 0 0 0 0 0 0 0 0 0 0 0 0 0 0 0 2 0 1 5 0 1 0 10 7 0 0 0 0 0 0 0 0 0 0 6 0 1 0 1 0 0 1 0 1 1 0 0 0
1475 10 8 7 2 25 1 7 2 9 6 13 10 0 7 7 4 1 0 3 4 5 4 7 9 1 7 11 7 3 0 0 5 12 12 7 3 11 0 3 0 0 0 0 0 0 0 0 0 3 0 0 0 0 0 0 0 1 0 0 0 1 6 7 3 0 0 5 0 0 0 0 0 0 0 0 0 0 0 0 0 0 0 1 0 0 0 0 2 0 0 0 0 0 0 0 0 0 0 0 0 0 0 0 9 0 0 0 0 0 0 1 2 0 0 0 0 0 0 0 0 0 0 0 0 0 0 0 0 0 0 0 9 0 5 0 0 2 0 5 5 0 10 0 0 0 0 0 2 0 0 0 0 0 1 0 1 0 1 0 0 2 0 0 0 0 0 0 1 0 1 0 0 1 1 0 0 0 0 0 0 12 0 0 1 0 7 0 0 0 0 0 0 0 0 0 0 0 0 1 0 1 0 0 0 0 0 1 0 2 3 0 1 0 7 8 0 0 0 1 0 0 0 0 0 0 1 1 2 1 0 0 1 0 0 0 1 0 0 0
281 11 4 6 2 9 3 7 1 7 7 8 9 1 9 8 3 2 0 4 8 3 1 0 6 1 6 7 4 3 1 0 8 6 11 1 2 12 0 2 0 0 0 0 0 0 1 0 0 0 0 0 0 0 0 0 0 0 0 1 0 0 4 7 2 0 0 5 0 0 0 0 0 0 0 0 0 0 0 0 0 1 0 1 0 0 0 0 4 0 0 0 0 0 0 0 1 0 0 0 0 0 0 0 8 0 0 0 0 0 0 0 2 0 0 0 0 0 0 1 0 0 0 0 0 0 0 0 1 0 1 0 4 0 9 0 0 1 0 8 4 0 9 0 0 0 0 0 1 0 0 0 0 0 3 0 1 0 1 0 0 0 0 0 1 0 0 0 1 0 0 0 0 0 1 0 0 0 0 0 1 9 0 0 0 0 7 0 0 0 0 0 0 0 0 0 0 0 0 1 1 0 0 2 0 0 0 0 0 2 5 0 0 0 8 6 0 0 0 2 0 0 0 0 0 0 1 0 1 0 0 0 0 0 0 0 0 0 0 0
168 7 2 3 0 3 1 3 1 3 1 5 10 0 7 7 3 1 0 0 5 3 3 0 5 1 3 3 0 3 0 0 3 3 10 0 2 6 0 1 0 0 0 0 0 0 0 0 0 0 0 0 0 0 0 0 0 0 0 0 0 0 4 6 1 0 0 1 0 0 0 0 1 0 0 0 1 0 0 0 0 0 0 2 0 0 0 0 2 0 0 0 0 0 0 1 0 0 0 0 0 0 0 0 5 0 0 0 0 0 0 1 2 0 0 0 0 0 0 1 0 0 0 0 0 0 0 0 1 0 3 0 3 0 5 0 0 1 0 6 2 0 2 0 0 0 0 0 1 0 0 0 0 0 1 0 1 0 1 1 1 0 0 0 0 0 0 0 0 0 0 0 0 0 1 0 0 0 0 1 0 4 0 0 0 0 4 0 0 0 0 0 0 0 0 0 0 0 0 1 1 0 0 0 0 1 0 0 0 1 4 0 0 0 2 3 0 0 0 1 0 0 0 0 0 0 0 0 1 0 0 2 0 0 1 0 0 0 0 0
1455 20 10 6 2 31 3 14 8 12 3 27 12 2 19 6 5 1 1 0 11 2 6 6 5 3 3 4 7 4 0 0 9 32 10 6 6 17 0 1 0 0 0 0 0 0 0 0 0 0 0 0 0 0 0 0 0 1 0 0 0 0 1 4 5 0 0 6 0 0 0 0 0 0 0 0 0 0 0 0 0 0 0 1 0 1 0 0 0 0 0 0 0 0 0 0 0 0 0 0 0 0 0 0 11 0 0 0 0 0 0 1 0 0 0 0 0 0 0 0 0 0 0 0 0 0 0 0 0 0 0 0 14 0 16 1 0 0 1 3 4 1 17 0 0 0 0 0 1 0 0 0 0 0 2 0 0 0 0 0 0 0 0 0 0 0 0 0 0 0 0 0 0 2 0 0 0 0 0 0 0 14 0 0 0 0 11 0 0 0 0 0 1 0 1 0 0 0 0 2 0 0 0 0 0 0 0 0 0 0 5 0 1 0 15 5 0 0 0 0 0 0 1 0 1 0 3 0 1 0 0 0 0 0 0 0 1 0 0 0
173 9 3 5 0 14 2 11 2 4 3 9 4 2 3 3 4 1 0 0 5 3 5 0 1 0 3 2 2 2 0 0 6 18 8 0 4 10 0 0 0 0 0 0 0 0 0 0 0 0 0 0 0 0 0 0 0 0 0 0 0 0 0 1 2 0 0 3 0 0 0 0 0 0 0 0 0 0 0 0 0 0 0 1 0 1 0 0 0 0 0 0 0 0 0 0 0 0 0 0 0 0 0 0 4 0 0 0 0 0 0 0 0 0 0 0 0 0 0 0 0 0 0 0 0 0 0 0 0 0 0 0 7 0 8 0 0 0 0 1 0 0 7 0 0 0 0 0 0 0 0 0 0 0 0 0 0 0 0 0 0 0 0 0 0 0 0 0 0 0 0 0 0 1 0 0 0 0 0 0 0 7 0 0 0 0 4 0 0 0 0 0 1 0 0 0 1 0 0 1 0 0 0 0 0 0 0 0 0 0 2 0 1 0 10 3 0 0 0 0 0 0 1 0 0 0 2 0 1 0 0 0 0 0 0 0 0 0 0 0
129 10 6 5 0 12 2 8 4 2 4 9 3 1 3 2 5 1 0 2 6 1 4 0 2 0 7 6 6 3 0 0 5 17 7 0 3 13 0 1 1 0 0 0 0 0 0 0 0 0 0 0 0 0 0 0 0 0 0 0 0 1 1 1 2 0 0 4 0 1 0 0 1 0 0 0 0 0 0 0 0 0 0 2 0 1 1 0 0 0 0 0 0 0 0 0 0 0 0 0 0 0 0 0 5 0 0 0 0 0 0 0 0 0 0 0 0 0 0 0 0 0 0 0 0 0 0 0 0 0 0 0 8 0 11 0 0 0 0 4 1 0 7 0 0 0 0 0 0 0 0 0 0 0 0 0 0 0 0 1 1 0 0 0 0 0 0 0 0 0 0 0 0 1 0 0 0 0 0 0 0 6 0 0 0 0 4 0 0 0 0 0 1 0 0 0 0 0 0 1 0 0 0 0 0 0 0 0 0 1 3 0 1 0 9 4 0 0 0 0 1 0 1 0 0 0 2 0 0 0 0 0 0 0 0 0 0 0 0 0
238 11 6 11 2 15 3 11 2 6 3 9 8 3 2 4 6 1 0 0 5 4 6 0 4 1 3 4 5 3 0 1 6 25 7 0 7 13 0 0 0 0 0 0 0 0 0 0 0 0 0 0 0 0 0 0 0 0 0 0 2 1 1 2 3 0 0 5 0 0 0 0 0 0 0 0 0 0 0 0 0 1 0 3 0 1 0 0 0 0 0 1 0 0 0 0 0 0 0 0 0 0 1 0 5 1 0 0 0 0 0 1 0 0 0 0 0 0 1 0 0 0 0 0 0 0 0 0 0 0 1 0 9 0 8 0 0 0 1 2 0 2 8 0 0 0 0 0 0 0 0 0 0 0 0 0 0 0 0 0 0 0 0 0 1 0 0 0 0 0 0 0 0 1 0 0 0 0 0 0 1 10 0 0 0 0 5 0 1 0 0 0 1 0 1 0 0 0 0 1 0 0 0 0 0 0 0 0 0 0 3 0 1 0 12 3 0 0 0 0 0 0 1 0 0 0 3 0 0 0 0 0 0 0 0 0 0 0 0 0
1552 9 16 17 2 15 5 6 2 9 9 10 2 8 7 7 10 2 0 5 0 8 4 8 25 2 16 18 12 5 0 0 8 9 11 6 6 4 0 11 0 0 0 0 0 0 1 0 0 2 0 0 0 0 0 0 0 0 0 0 1 0 4 12 2 0 0 4 0 0 0 0 0 0 0 0 1 0 0 0 0 0 0 6 0 0 0 0 3 0 0 0 1 0 1 1 0 0 0 0 0 0 0 0 5 0 0 0 0 0 0 1 0 0 0 0 0 0 0 0 0 0 0 0 0 0 0 2 0 0 3 0 6 0 7 0 0 0 0 4 10 1 13 0 0 0 0 0 1 0 0 0 1 0 5 1 0 2 0 2 2 0 2 2 0 1 0 1 0 0 0 0 0 3 0 0 0 0 0 0 1 13 0 0 2 0 3 0 0 0 0 0 0 0 0 0 0 0 0 0 1 0 0 0 0 1 1 0 0 1 3 0 0 0 8 7 0 0 0 0 0 0 0 0 0 0 2 1 4 5 0 0 0 1 0 0 1 1 0 0
28 1 0 1 0 0 0 0 0 1 0 0 0 0 1 0 0 0 0 0 0 0 0 0 2 0 1 0 0 0 0 0 0 2 0 0 1 0 0 1 0 0 0 0 0 0 0 0 0 0 0 0 0 0 0 0 0 0 0 0 0 0 0 3 0 0 0 1 0 0 0 0 0 0 0 0 0 0 0 0 0 0 0 1 0 0 0 0 0 0 0 0 0 0 0 0 0 0 0 0 0 0 0 0 0 0 0 0 0 0 0 0 0 0 0 0 0 0 0 0 0 0 0 0 0 0 0 0 0 0 0 0 1 0 0 0 0 0 0 0 0 0 0 0 0 0 0 0 0 0 0 0 0 0 1 1 0 0 0 0 1 0 0 0 0 0 0 0 0 0 0 0 0 0 0 0 0 0 0 0 1 0 0 0 1 0 0 0 0 0 0 0 0 0 0 0 0 0 0 0 0 0 0 0 0 0 0 0 0 0 0 0 0 0 1 1 0 0 0 0 0 0 0 0 0 0 0 0 1 0 0 0 0 1 0 0 0 0 0 0
1593 16 9 11 2 20 2 11 1 3 4 13 0 1 10 5 7 2 0 3 4 5 3 5 10 3 2 6 3 4 0 0 10 13 11 5 4 8 0 1 0 0 0 0 0 0 0 0 0 0 0 0 0 0 1 0 0 1 0 0 0 0 0 4 1 0 0 5 0 0 0 1 0 0 0 0 0 0 0 0 0 0 0 1 0 0 0 0 2 0 0 0 0 0 0 0 0 0 0 0 0 0 0 0 3 0 0 0 0 0 0 1 0 0 0 0 0 0 0 0 0 0 0 1 0 0 0 0 0 0 3 0 3 0 7 0 0 0 0 4 2 0 17 0 0 0 0 0 1 1 0 0 0 0 2 1 0 0 0 1 0 0 1 0 0 0 0 0 2 0 2 1 0 2 0 0 0 0 0 0 2 12 0 0 3 0 3 0 0 0 1 0 0 0 0 0 0 0 0 0 0 0 0 0 0 0 0 0 0 0 2 0 0 0 12 1 0 0 0 0 0 0 0 0 0 0 3 0 1 0 0 0 0 1 1 0 1 0 0 0
535 15 1 6 0 19 2 15 0 3 3 4 0 2 11 3 1 2 0 2 3 6 1 0 2 1 2 3 2 2 0 0 10 5 8 0 2 7 0 1 0 0 0 0 0 0 0 0 0 1 0 0 0 0 0 0 0 0 0 0 1 0 0 3 1 0 0 3 0 0 0 0 0 0 0 0 0 0 0 0 0 0 0 1 0 0 0 0 1 0 0 0 0 0 0 0 0 0 0 0 0 0 0 0 0 0 0 0 0 0 0 0 0 0 0 0 0 0 0 0 0 0 0 0 0 0 0 0 0 0 3 0 1 0 12 0 0 0 0 2 0 0 16 0 0 0 0 0 1 0 0 0 0 2 1 0 0 0 0 1 0 0 0 0 0 0 0 0 0 0 2 0 0 0 0 0 0 0 0 0 0 7 0 0 2 0 2 0 0 0 1 0 1 0 0 0 0 0 0 0 0 0 0 0 0 0 0 0 0 0 0 0 0 0 9 1 0 0 0 0 1 0 0 0 0 0 2 0 0 0 0 0 0 1 0 0 0 1 0 0
593 16 7 9 0 16 1 9 0 5 6 7 1 3 6 6 3 2 0 1 3 8 2 4 8 3 4 4 4 1 0 1 9 6 8 4 3 9 0 2 0 0 0 0 0 0 1 3 0 0 0 0 0 0 0 0 0 0 0 0 0 0 0 4 1 0 0 3 0 0 1 0 0 0 0 0 0 0 0 0 0 0 0 2 0 0 0 0 1 0 0 0 0 0 0 0 0 0 0 0 0 0 2 0 1 0 0 0 0 0 0 1 0 0 0 0 0 0 0 0 0 0 0 0 0 0 0 0 0 0 2 0 2 0 14 0 1 0 0 2 0 0 13 0 0 0 0 0 1 0 0 0 0 0 1 0 0 0 0 0 0 0 0 0 0 0 0 1 0 0 3 0 0 0 0 0 0 0 0 0 0 5 0 0 1 0 1 0 0 0 0 0 0 0 0 0 0 0 0 0 0 0 0 0 0 0 0 0 0 0 4 0 0 0 6 1 0 0 0 0 0 0 0 0 0 0 2 0 2 0 0 0 0 0 0 0 1 0 0 1
2978 19 22 9 7 42 36 10 7 15 15 12 5 5 13 9 4 15 14 6 6 4 5 11 27 6 7 25 35 22 8 21 12 18 24 24 9 25 3 1 0 0 1 0 0 0 0 1 0 9 0 0 0 0 0 1 0 0 0 0 8 1 3 8 1 0 0 10 0 0 2 0 2 0 0 0 0 0 0 0 0 1 0 8 1 0 0 0 7 0 0 0 0 0 2 0 0 0 0 0 0 0 0 0 6 0 0 0 0 0 0 0 0 0 0 0 0 0 0 0 0 0 0 0 0 0 0 0 0 0 2 0 10 0 6 0 0 0 1 3 9 0 22 0 0 1 0 0 2 0 0 3 0 0 1 1 0 0 0 1 0 0 0 0 1 0 1 0 0 0 2 0 0 3 0 0 0 0 0 1 3 11 0 0 9 0 5 0 0 1 1 0 0 1 1 0 0 0 0 0 0 0 0 0 0 0 0 0 0 15 1 0 1 0 14 0 0 0 0 1 1 0 0 0 0 0 8 0 6 5 0 0 0 0 1 0 0 0 0 0
650 5 11 4 0 15 4 4 8 9 8 10 4 3 9 4 7 1 1 3 2 2 9 10 9 4 4 5 10 5 5 1 12 18 9 14 4 14 1 0 0 0 1 0 0 0 0 0 0 3 0 0 0 0 0 0 0 0 0 0 1 0 3 5 1 0 0 3 0 0 1 0 0 0 0 0 0 0 1 0 0 0 0 2 0 0 0 0 5 0 0 0 0 0 0 0 0 0 0 0 0 0 0 0 4 0 0 0 0 0 0 0 0 0 0 0 0 0 0 0 0 0 0 0 0 0 0 0 0 0 1 0 3 0 3 0 0 0 0 5 6 0 16 0 0 0 0 0 2 0 0 2 0 0 3 1 0 0 1 1 0 1 0 0 2 0 0 1 0 0 0 0 0 1 0 0 0 1 0 0 0 9 0 0 2 0 4 0 0 0 0 1 0 0 2 0 0 0 0 0 0 1 0 0 0 0 0 0 0 1 6 1 0 1 13 1 0 0 0 0 0 0 0 0 0 0 2 0 1 2 0 0 0 0 1 0 0 0 0 0
1196 14 24 14 3 26 19 13 5 12 4 3 3 20 5 3 17 4 6 4 3 25 17 1 30 9 15 26 44 17 1 15 13 7 5 8 20 17 0 2 0 0 1 0 0 0 0 0 0 4 0 0 1 0 0 1 0 0 0 0 6 1 9 15 4 0 0 5 0 1 2 1 2 2 0 0 0 0 0 0 0 0 0 21 0 0 0 0 7 0 0 0 0 0 0 1 0 0 0 0 0 0 0 0 5 0 0 0 0 0 0 1 0 0 0 0 0 0 0 0 1 0 0 0 0 0 0 0 2 1 3 0 6 0 10 0 0 0 0 12 4 0 20 0 0 0 0 0 1 0 1 0 0 2 0 1 0 0 0 0 1 0 0 0 1 1 0 0 2 0 1 0 0 2 0 4 0 0 0 0 7 8 0 0 8 1 4 0 0 1 1 0 0 0 1 0 2 0 0 0 0 0 0 0 0 0 0 0 0 8 14 0 1 0 8 1 0 0 0 0 1 0 0 0 0 0 4 1 4 0 2 2 1 0 4 1 1 0 0 2
202 20 15 8 0 18 7 22 3 5 4 4 2 13 4 1 13 1 0 6 6 13 17 0 11 3 10 8 17 7 0 0 4 12 2 0 13 13 0 4 0 0 0 0 0 0 0 0 0 1 0 0 1 0 0 0 0 0 0 0 1 0 3 7 9 0 0 6 0 1 1 1 0 1 0 0 0 0 0 0 0 0 0 10 0 0 1 0 2 0 0 0 0 0 0 0 0 0 0 0 0 0 0 0 13 1 0 0 0 0 0 0 1 0 0 0 0 0 0 0 0 0 0 0 0 0 0 0 1 0 2 0 8 0 17 0 0 0 0 8 2 0 9 0 1 0 0 0 0 0 0 0 0 1 1 0 0 1 3 0 0 0 0 0 0 0 0 0 1 1 2 0 0 0 0 3 0 0 0 0 1 7 0 0 1 1 7 2 0 0 0 1 1 0 0 0 1 0 0 0 0 1 0 0 0 0 0 0 0 0 8 0 0 0 3 2 0 0 0 0 0 0 0 0 0 0 4 0 1 0 1 0 0 2 1 0 1 0 0 1
146 17 6 4 0 11 1 6 3 0 1 1 0 7 0 3 5 2 1 2 2 5 7 0 3 2 6 5 11 2 1 0 0 5 1 0 6 7 0 2 0 0 0 0 0 0 0 0 0 1 0 0 0 0 0 0 0 0 0 0 2 0 1 2 2 0 0 3 0 0 0 1 0 1 0 0 0 0 0 0 0 0 0 5 0 0 0 0 2 0 0 0 0 0 0 0 0 0 0 0 0 0 0 0 11 1 0 0 0 0 0 0 0 0 0 0 0 0 0 0 0 0 0 0 0 0 0 0 0 0 1 0 7 0 8 0 0 0 0 2 0 0 1 0 0 0 0 0 0 0 0 0 0 0 1 1 0 0 0 0 0 0 0 0 0 0 0 0 0 0 1 0 0 0 0 2 0 0 0 0 1 1 0 0 0 1 3 0 0 0 0 1 0 0 0 0 0 0 0 0 0 0 0 0 0 0 0 0 0 0 3 0 0 0 1 0 0 0 0 0 0 0 0 0 0 0 0 0 2 0 0 0 0 0 1 0 1 0 0 0
525 5 6 3 1 6 6 2 2 0 2 0 0 8 0 2 4 1 2 2 2 4 7 1 5 3 6 4 13 6 2 3 1 1 0 2 7 8 0 0 0 0 1 0 0 0 0 0 0 1 0 0 0 0 0 0 0 0 0 0 3 0 1 2 1 0 0 3 0 0 1 2 0 1 0 0 0 0 0 0 0 0 0 4 0 0 0 0 1 0 0 0 0 0 0 0 0 0 0 0 0 0 0 0 2 0 0 0 0 0 0 0 0 0 0 0 0 0 0 0 0 0 0 0 0 0 0 0 0 0 1 0 0 0 5 0 1 0 0 2 2 0 2 0 0 0 0 0 0 0 0 0 0 0 0 0 0 0 0 0 0 0 0 0 1 0 0 0 0 0 1 0 0 0 0 2 0 0 0 0 0 1 0 0 1 1 1 0 0 0 0 0 0 0 0 0 0 0 0 0 0 0 0 0 0 0 0 0 0 1 3 0 0 0 0 0 0 0 0 0 0 0 0 0 0 0 0 0 0 1 0 0 0 0 2 0 1 0 0 0
31 0 0 0 0 1 1 0 0 0 0 0 0 0 1 1 0 0 0 0 0 0 0 0 2 0 1 1 0 0 0 0 0 1 0 0 1 1 0 1 0 0 0 0 0 0 0 0 0 0 0 0 1 0 0 0 0 0 0 0 0 0 0 0 0 0 0 0 0 0 0 0 0 0 0 0 0 0 0 0 0 0 0 0 0 0 1 0 0 0 0 0 0 0 0 0 0 0 0 0 0 0 0 0 0 0 0 0 0 0 0 0 0 0 0 0 0 0 0 0 0 0 0 0 0 0 0 0 0 0 0 0 1 0 1 0 0 0 0 0 0 0 0 0 0 0 0 0 0 0 0 0 0 0 0 1 0 0 0 0 0 0 0 0 0 0 0 0 0 0 0 0 0 0 0 0 0 0 0 0 0 0 0 0 0 0 0 0 0 0 0 0 0 0 0 0 0 0 0 0 0 0 0 0 0 0 0 0 0 0 0 0 0 0 0 0 0 0 0 0 0 0 0 0 0 0 0 0 0 1 0 0 0 0 0 0 0 0 0 0
1681 11 16 9 3 24 33 16 10 2 10 6 9 20 4 8 11 4 8 7 6 14 13 1 20 3 14 22 31 22 0 17 6 5 7 5 8 21 0 1 0 0 0 0 0 0 0 0 0 5 0 0 0 0 0 1 0 0 0 0 8 0 10 8 6 0 0 4 0 0 1 0 3 0 0 0 0 0 0 0 0 0 0 11 1 0 0 0 8 0 1 0 0 0 0 0 0 0 0 0 0 0 0 1 14 1 0 0 0 0 0 1 1 0 0 0 0 0 0 0 0 0 0 0 0 0 0 1 0 0 3 0 10 0 16 0 0 0 0 19 8 0 9 0 0 0 0 0 0 0 0 0 0 1 1 1 0 0 0 0 1 0 0 0 1 1 0 1 2 0 2 1 0 1 0 2 1 1 0 1 3 9 0 0 8 0 5 0 1 0 1 0 0 1 1 0 0 0 0 0 2 1 0 0 0 0 0 0 0 7 12 0 0 0 5 7 0 0 0 1 1 0 0 0 0 0 2 0 5 0 1 0 0 0 2 0 0 0 0 0
240 10 5 4 0 4 4 9 4 3 4 7 11 8 3 1 3 2 0 6 3 5 5 0 6 1 5 5 7 5 0 0 4 8 5 1 6 10 1 2 0 0 0 0 0 0 0 0 0 0 0 0 0 0 0 0 0 0 0 0 1 0 6 2 3 1 0 1 0 0 0 0 0 0 0 0 0 0 0 0 0 0 0 2 0 0 0 0 3 1 1 0 0 0 0 0 0 0 0 0 0 0 0 0 7 1 0 0 0 0 0 0 0 0 0 0 0 0 0 0 0 0 0 0 0 0 0 1 0 0 1 0 3 0 11 0 0 0 0 8 3 0 8 0 0 0 0 0 1 0 0 0 0 0 0 1 0 0 0 0 0 0 0 0 1 1 0 0 1 0 2 1 0 0 0 1 1 0 0 0 2 10 0 0 2 0 2 0 0 0 0 0 0 0 0 0 0 0 0 0 1 0 0 0 0 0 0 0 0 0 6 0 0 0 4 4 0 0 0 1 0 0 0 0 0 0 2 0 3 0 2 0 0 0 0 0 0 0 0 0
191 3 4 4 0 5 2 5 4 1 2 1 7 6 2 2 2 1 0 3 2 5 6 0 3 0 5 5 7 0 0 0 4 2 5 1 5 5 0 1 0 0 0 0 0 0 0 0 0 0 0 0 0 0 0 0 0 0 0 0 0 0 2 2 2 0 0 0 0 0 0 0 1 0 0 0 0 0 0 0 0 0 0 2 0 0 0 0 3 0 1 0 0 0 0 0 0 0 0 0 0 0 0 0 3 1 0 0 0 0 0 0 0 0 0 0 0 0 0 0 0 0 0 0 0 0 0 1 0 0 0 0 2 0 6 0 0 0 0 6 2 0 9 0 0 0 0 0 0 0 0 0 0 0 0 1 0 0 0 0 0 0 0 0 0 1 0 0 1 0 0 1 0 0 0 1 1 0 0 0 1 4 0 0 0 0 2 0 0 0 0 0 0 0 0 0 0 0 0 0 1 0 0 0 0 0 0 0 0 0 4 0 0 0 2 5 0 0 0 0 0 0 0 0 0 0 3 0 1 0 1 0 0 0 0 0 0 0 0 0
1275 31 16 20 3 57 24 33 11 20 32 15 14 5 24 14 24 4 8 7 13 8 4 2 26 3 15 34 21 16 1 17 33 9 28 4 15 36 0 19 0 0 0 0 0 0 0 1 0 5 0 0 0 0 0 1 0 0 0 0 4 0 11 15 28 0 0 19 0 0 1 0 2 0 0 0 0 0 0 0 0 0 0 6 0 0 0 0 13 0 0 0 1 0 0 0 0 0 0 0 0 0 0 0 35 0 0 0 0 0 0 0 0 0 0 1 0 0 0 0 0 0 0 0 0 0 0 0 0 0 2 0 37 1 35 0 0 0 0 8 20 1 30 0 0 0 0 0 0 0 1 0 0 0 2 0 0 0 1 0 0 0 0 0 0 0 0 0 0 0 1 1 0 1 0 0 0 0 0 1 7 22 0 0 8 0 6 0 0 0 1 0 0 1 2 0 0 0 0 0 0 0 0 0 0 0 0 0 0 7 1 0 2 0 18 35 0 0 0 0 1 0 1 0 0 0 2 0 4 5 0 2 0 1 0 0 0 0 0 0
321 16 5 8 0 23 2 15 0 10 14 6 4 1 13 3 8 2 0 6 10 1 1 0 11 5 3 11 1 1 1 0 13 5 16 0 10 22 1 3 0 0 0 0 0 0 0 0 0 1 0 0 0 0 0 0 0 0 0 0 1 1 4 4 8 0 0 8 0 0 0 0 0 0 0 0 0 0 0 0 0 0 0 3 0 0 0 0 6 0 0 0 0 0 0 0 0 0 0 0 0 0 0 0 12 0 1 0 0 0 0 0 0 0 0 0 0 0 0 0 0 0 0 0 0 0 0 0 0 0 0 0 7 0 20 0 0 0 0 0 6 0 15 0 0 0 0 0 0 0 0 0 0 0 1 0 0 0 1 0 0 1 0 0 0 0 0 0 0 0 1 0 0 3 0 0 0 0 0 0 4 9 0 0 0 0 2 0 0 0 0 0 0 0 0 1 0 0 0 0 0 0 0 0 0 0 0 0 0 0 2 0 1 0 10 14 0 0 0 0 0 0 1 0 0 0 1 1 1 0 0 1 0 0 1 0 1 0 0 0
98 4 0 1 0 6 2 4 1 4 1 3 0 2 3 2 1 1 0 1 1 0 2 0 2 2 0 2 0 0 0 0 6 3 4 0 3 8 0 1 0 0 0 0 0 0 0 0 0 0 0 0 0 0 0 0 0 0 0 0 2 0 2 3 1 0 0 3 0 0 0 0 0 0 0 0 0 0 1 0 0 0 0 2 0 0 0 0 1 0 0 0 0 0 0 0 0 0 0 0 0 0 0 0 2 0 0 0 0 0 0 0 0 0 0 0 0 0 0 0 0 0 0 0 0 0 0 0 0 0 0 0 0 0 5 0 0 0 0 0 2 0 8 0 0 0 0 0 0 0 0 0 0 0 1 0 0 0 0 0 0 0 0 0 0 0 0 0 0 0 1 0 0 1 0 0 0 0 0 0 0 5 0 0 1 0 2 0 0 0 0 0 0 0 0 1 0 0 0 0 0 0 0 0 0 0 0 0 0 0 1 0 1 0 3 1 0 0 0 0 0 0 0 0 0 0 2 1 0 0 0 0 0 0 1 0 1 0 0 1
123 9 2 1 0 10 2 6 0 4 0 7 1 0 6 4 2 2 0 4 3 1 3 0 1 4 3 3 2 1 0 0 8 6 8 0 4 16 0 0 0 0 0 0 0 0 0 0 0 0 0 0 0 0 0 0 0 0 0 2 2 0 2 1 0 0 0 2 0 0 0 0 0 0 0 0 0 0 1 0 0 0 0 5 0 0 0 1 2 0 0 0 0 0 0 0 0 0 0 0 0 0 0 0 2 0 0 0 0 0 0 0 0 0 0 0 0 0 0 0 0 0 0 0 0 0 0 0 0 0 0 0 1 0 11 0 0 0 0 0 2 0 8 0 0 0 0 0 0 0 0 0 0 0 1 0 0 0 0 0 0 0 0 0 0 0 0 0 0 0 0 0 0 1 0 0 0 0 0 0 0 6 0 0 0 0 2 0 0 0 0 0 0 0 0 0 0 0 0 0 0 0 0 0 0 0 0 0 0 1 2 0 1 0 4 0 0 0 0 0 0 0 0 0 0 0 0 0 0 0 0 1 0 0 0 0 1 0 0 0
1234 19 28 29 3 41 43 16 12 16 9 9 7 22 25 15 30 8 8 8 7 27 25 4 34 7 29 40 42 30 0 17 15 15 19 4 16 26 0 8 0 0 0 0 0 0 0 0 0 5 0 0 1 0 1 1 0 0 0 0 9 0 16 24 8 0 0 6 0 0 1 0 2 0 0 0 0 0 3 0 0 0 0 16 0 0 1 0 7 0 1 2 0 0 0 0 1 0 1 0 0 0 0 1 32 0 0 0 0 0 0 1 0 1 0 0 0 0 0 0 0 0 0 0 0 0 0 0 0 0 4 0 27 0 24 1 0 0 0 26 20 10 21 0 0 1 0 1 1 0 1 0 0 0 3 0 0 1 1 0 0 0 0 0 1 1 0 0 0 1 2 0 0 4 0 0 0 0 0 1 3 22 0 0 9 0 10 0 0 0 1 0 1 1 1 0 0 0 0 0 2 1 0 0 0 0 1 0 0 7 16 0 0 0 16 5 0 0 0 0 1 1 0 0 0 0 4 0 4 2 0 0 0 1 0 0 2 0 0 1
1015 20 25 14 2 36 38 9 4 4 6 4 5 26 8 12 26 9 2 3 4 19 24 0 31 5 26 22 43 29 0 12 2 7 12 2 17 18 0 6 3 0 0 0 0 0 1 0 0 3 0 0 1 0 0 0 0 2 0 1 8 1 9 18 3 0 0 8 0 3 1 3 2 0 0 0 0 3 7 0 0 0 0 24 0 0 2 0 7 0 1 0 0 0 0 1 1 0 2 0 0 0 1 0 13 0 0 2 0 0 0 3 0 0 0 6 0 0 0 0 0 0 0 0 0 0 0 0 1 4 2 0 9 0 19 0 0 0 0 36 3 4 4 0 1 1 0 0 0 0 0 0 0 4 3 2 0 1 0 1 0 0 1 1 3 3 0 0 5 0 0 0 1 3 0 6 1 0 1 5 3 7 0 0 8 1 2 0 2 0 1 1 0 2 1 0 2 0 0 0 5 2 0 1 0 0 1 1 0 8 25 0 0 0 5 0 0 0 0 1 1 0 0 0 0 0 4 4 8 1 1 0 0 1 9 1 0 0 0 3
67 6 5 6 0 3 7 5 2 2 3 5 0 6 7 0 6 0 0 2 3 2 6 0 13 3 8 7 9 3 0 0 4 4 8 0 7 8 0 3 1 0 0 0 0 0 1 0 0 0 0 0 0 0 0 0 0 0 0 1 0 0 5 9 3 0 0 4 0 2 0 2 1 0 0 0 0 1 2 0 0 0 0 5 0 1 2 0 5 0 0 0 0 0 0 0 0 0 1 0 0 0 0 1 0 0 0 0 0 0 0 2 0 0 0 1 0 0 0 0 0 0 0 0 0 0 0 0 0 1 0 0 0 0 4 0 0 0 0 8 1 1 8 0 1 0 0 0 0 0 0 0 0 1 2 0 0 0 0 1 0 0 1 0 2 2 0 0 1 0 0 1 1 1 0 1 0 0 0 2 1 7 0 0 0 1 0 0 1 0 0 1 0 1 0 0 0 0 0 0 3 2 0 0 0 0 0 1 0 0 9 0 0 0 3 0 0 0 0 0 1 0 0 0 0 0 0 2 2 0 1 0 0 0 3 0 0 0 0 2
1354 20 7 9 2 38 18 14 1 10 2 7 8 10 14 18 3 8 5 2 3 14 6 1 9 4 4 9 23 12 0 14 13 18 19 3 1 17 0 4 0 0 0 0 0 0 0 1 0 5 0 0 0 0 0 1 0 0 0 0 4 0 2 6 4 0 0 3 0 0 1 0 2 0 0 0 0 0 0 0 0 0 0 9 0 0 0 0 4 0 0 0 0 0 0 0 0 1 0 0 0 0 0 0 20 0 0 0 0 0 0 0 0 0 0 0 0 0 0 0 0 0 0 0 0 0 0 0 0 0 2 0 21 0 19 1 0 0 0 14 3 3 12 0 0 0 0 0 0 0 1 0 0 0 2 0 0 0 0 0 0 0 0 0 0 0 0 0 0 0 0 0 0 0 0 0 0 0 0 0 1 13 0 0 9 0 3 0 0 0 0 0 2 0 1 0 0 0 0 0 0 0 0 0 0 0 0 0 0 8 5 0 0 0 8 6 0 0 0 0 1 0 0 0 0 0 1 0 1 0 0 0 0 0 0 0 0 0 0 0
144 10 3 2 1 5 1 5 1 3 2 6 2 5 4 3 0 3 0 0 0 2 1 2 3 1 0 1 1 1 1 0 5 6 6 0 0 6 0 5 0 0 1 0 0 0 0 1 0 0 0 0 0 0 0 0 0 0 0 0 0 0 2 2 2 0 0 1 0 0 0 0 0 0 0 0 0 0 0 0 0 0 0 5 0 0 1 0 2 0 0 0 0 0 0 0 0 0 1 0 0 0 0 0 6 0 0 0 0 0 0 0 0 0 0 0 0 0 0 0 0 0 0 0 0 0 0 0 0 0 0 0 5 0 5 1 0 0 0 3 1 1 7 0 1 1 0 0 0 0 0 0 0 0 1 0 0 0 0 0 0 0 0 0 0 0 0 0 0 2 0 0 0 0 0 0 0 0 0 0 1 3 0 0 0 0 0 0 0 0 0 0 1 0 0 0 0 0 0 0 0 0 0 0 0 0 0 0 0 1 3 0 0 0 2 1 0 0 0 0 0 0 0 0 0 0 0 0 0 0 0 0 0 1 0 0 0 0 0 0
1200 16 16 20 2 32 29 9 6 3 8 2 5 20 2 11 23 9 2 6 1 19 20 0 32 2 24 25 32 20 0 12 0 4 9 2 13 12 0 9 0 0 0 0 0 0 0 0 0 3 0 0 1 0 0 0 0 0 0 0 7 4 11 20 9 0 0 3 0 3 1 2 2 0 0 0 0 0 1 0 0 1 0 14 0 0 1 0 8 0 0 0 0 0 0 0 0 0 2 0 0 0 0 0 12 0 0 0 0 0 0 0 0 0 2 0 0 0 0 0 0 0 0 0 0 0 0 0 0 2 3 0 16 0 15 0 0 0 0 20 6 3 3 0 1 3 0 0 0 0 0 0 0 0 1 0 1 0 0 0 0 0 0 0 0 2 0 2 1 0 1 0 0 2 1 0 0 1 0 0 0 8 0 0 8 0 2 1 0 0 1 0 0 2 0 0 1 0 0 0 0 1 0 1 0 0 0 0 0 8 11 0 1 0 4 8 0 0 0 0 1 0 1 0 0 0 3 0 5 0 0 0 2 0 0 0 4 0 0 3
148 6 10 17 7 3 5 3 2 4 2 2 3 13 3 2 16 1 0 8 1 14 12 0 24 2 20 16 18 12 0 1 6 3 11 0 14 6 1 5 0 0 0 0 0 0 0 0 0 0 0 0 1 0 0 0 0 0 0 0 1 0 9 14 8 0 0 2 0 3 0 1 0 0 0 0 0 0 0 0 0 1 0 8 1 0 1 0 6 0 0 0 0 0 0 0 0 0 1 0 0 0 0 0 6 0 0 0 0 0 0 0 0 0 0 0 0 0 0 0 0 0 0 0 0 0 0 0 0 1 0 0 7 0 6 0 0 0 0 11 2 1 14 0 1 3 0 0 0 0 0 0 0 0 2 0 1 0 0 0 0 0 0 0 0 1 0 2 1 0 2 0 0 2 0 0 0 1 0 0 0 6 0 0 2 0 1 1 0 0 0 0 0 1 0 0 1 0 0 0 0 1 0 1 0 0 0 0 0 0 8 0 0 0 3 8 0 0 0 0 0 0 0 0 0 0 4 0 6 1 0 0 2 0 0 0 4 0 0 2
100 5 10 12 0 6 3 5 3 2 5 3 2 10 2 2 16 1 0 6 2 11 12 0 16 2 19 16 14 8 1 1 3 1 2 1 13 8 0 1 0 0 1 0 0 0 0 1 0 0 0 0 1 0 0 0 0 0 0 0 0 0 8 14 6 0 0 3 0 3 0 1 0 0 0 0 0 0 0 0 0 0 0 11 0 0 1 0 4 0 0 0 0 0 0 0 0 0 0 0 0 0 0 0 9 0 0 0 0 0 0 0 0 0 0 0 0 0 1 0 0 0 0 0 0 0 0 0 0 1 0 0 8 0 9 0 0 0 0 11 2 1 8 0 1 1 0 0 0 0 0 0 0 0 2 0 1 0 1 0 0 0 0 0 0 1 0 2 1 0 1 0 0 4 0 0 0 1 0 0 0 5 0 0 2 0 2 1 0 0 0 0 0 1 0 0 0 0 0 0 0 1 0 1 0 0 0 0 0 0 10 0 0 1 2 7 0 0 0 0 0 0 1 0 0 0 2 0 2 0 0 0 2 0 0 0 1 1 0 0
327 3 9 17 1 12 6 4 8 5 7 3 3 11 2 2 23 3 1 6 4 13 15 0 19 0 16 23 18 10 0 2 2 3 4 1 13 7 0 12 3 0 0 0 0 0 0 0 0 1 0 0 1 0 1 0 0 0 0 0 5 2 15 23 5 0 0 2 0 4 0 2 1 0 0 0 0 0 0 0 0 0 0 13 0 0 2 0 7 1 0 0 0 0 0 1 0 0 0 0 0 0 0 0 13 0 0 3 0 0 0 0 1 0 1 0 0 0 0 0 0 0 0 0 0 0 0 0 0 1 0 0 12 0 8 0 1 0 0 15 3 2 1 0 2 1 1 0 0 0 2 0 0 1 0 0 0 0 0 0 0 0 0 1 0 0 0 1 0 0 0 0 0 1 0 0 0 1 0 0 0 4 0 0 4 0 3 3 0 0 0 0 0 1 0 0 0 0 0 0 0 1 1 1 0 0 0 0 0 1 13 0 0 0 0 6 0 0 0 0 0 0 0 0 0 0 1 0 4 0 0 0 2 0 1 1 1 0 0 1
1019 5 7 4 2 26 19 12 1 5 1 8 6 10 1 5 4 5 1 1 1 10 8 0 10 3 9 9 19 13 0 10 2 10 9 3 4 12 0 3 0 0 0 0 0 0 0 0 0 3 0 0 0 0 0 0 0 0 0 0 5 3 2 5 0 0 0 3 0 0 0 1 2 0 0 0 0 0 0 0 0 0 0 11 0 0 0 0 1 0 0 0 0 0 0 0 0 0 0 0 0 0 0 0 13 0 0 0 0 0 0 1 0 0 0 0 0 0 1 0 0 0 0 0 0 0 0 0 1 0 1 0 10 0 12 0 0 0 0 11 2 2 6 0 0 0 0 0 0 0 0 0 0 0 1 0 0 0 1 0 0 0 0 0 0 1 0 0 0 0 0 0 0 0 0 0 0 0 0 0 0 5 0 0 6 1 2 0 0 0 1 0 0 0 0 0 0 0 0 1 0 0 0 0 0 0 0 0 0 4 5 0 0 0 1 0 0 0 0 0 1 0 0 0 0 0 2 0 1 0 0 0 1 0 0 0 0 0 0 1
1265 23 3 4 2 53 18 24 7 12 6 10 9 8 16 15 2 7 5 2 8 7 10 0 5 2 6 7 23 12 0 14 18 11 28 3 3 21 0 6 0 0 0 0 0 0 0 0 0 4 0 0 0 0 0 1 0 0 0 0 4 0 0 4 3 0 0 2 0 0 1 0 3 0 0 0 0 0 0 0 0 0 0 5 0 0 0 0 4 0 0 0 1 0 0 0 0 0 1 0 0 0 0 1 32 0 0 0 0 0 0 0 0 0 0 0 0 0 0 0 0 0 0 0 0 0 0 0 0 0 1 0 36 0 34 0 0 0 0 11 9 2 15 0 0 0 0 0 0 0 0 0 0 0 0 0 0 0 0 0 0 0 0 0 0 0 0 0 0 0 0 0 0 1 0 0 0 0 0 0 2 9 0 0 7 0 9 0 0 0 0 0 1 0 1 0 0 0 0 0 0 0 0 0 0 0 0 0 0 8 7 0 0 0 18 9 0 0 0 0 1 0 0 0 0 0 2 0 0 0 0 0 0 0 0 0 0 0 0 0
54 0 0 0 0 1 0 0 0 1 0 0 1 0 2 0 0 0 0 0 0 0 0 0 1 0 1 0 0 0 0 0 5 0 3 0 2 0 0 0 0 0 0 0 0 0 0 0 0 0 0 0 0 0 0 0 0 0 0 0 0 0 0 0 0 0 0 0 0 0 1 0 0 0 0 0 0 0 0 0 0 0 0 0 0 0 0 0 0 0 0 0 0 0 0 0 0 0 1 0 0 0 0 0 0 0 0 0 0 0 0 0 0 0 0 0 0 0 0 0 0 0 0 0 0 0 0 0 0 0 0 0 0 0 0 0 0 0 0 0 0 0 2 0 0 0 0 0 0 0 0 0 0 0 0 0 0 0 0 1 0 0 0 0 0 0 0 0 0 0 0 0 0 0 0 0 0 0 0 0 0 1 0 0 0 0 1 0 0 0 0 0 0 0 0 0 0 0 0 0 0 0 0 0 0 0 0 0 0 0 1 0 0 0 1 1 0 0 0 0 0 0 0 0 0 0 0 0 0 0 0 0 0 0 0 0 0 0 0 0
125 0 0 0 0 3 1 5 0 5 0 1 0 0 6 1 0 0 0 0 3 0 2 0 2 0 2 0 1 0 0 0 8 1 8 0 2 2 0 0 0 0 0 0 0 0 0 0 0 0 0 0 0 0 0 0 0 0 0 0 1 0 0 1 0 0 0 0 0 0 0 0 0 0 0 0 0 0 0 0 0 0 0 0 0 0 0 0 1 0 0 0 0 0 0 0 0 0 1 0 0 0 0 1 2 0 0 0 0 0 0 0 0 0 0 0 0 0 0 0 0 0 0 0 0 0 0 0 0 0 0 0 3 0 4 0 0 0 0 4 1 0 6 0 0 0 0 0 0 0 0 0 0 0 0 0 0 0 0 0 0 0 0 0 0 0 0 0 0 0 0 0 0 0 0 0 0 0 0 0 1 1 0 0 0 0 0 0 0 0 0 0 1 0 0 0 0 0 0 0 0 0 0 0 0 0 0 0 0 0 0 0 0 0 6 3 0 0 0 0 0 0 0 0 0 0 1 0 0 0 0 0 0 0 0 0 0 0 0 0
450 19 4 5 0 25 9 16 5 5 8 11 13 11 4 9 10 4 1 3 10 5 8 0 8 1 7 5 8 7 0 4 4 15 9 1 2 22 0 16 2 0 0 0 0 0 0 0 0 1 0 0 1 0 0 0 0 0 0 0 3 1 1 6 4 0 0 8 0 1 0 2 1 0 1 0 0 0 0 0 0 0 0 6 0 0 0 0 3 0 0 0 0 0 1 0 0 0 1 0 0 0 0 0 21 0 1 0 0 0 0 0 0 1 0 0 0 0 0 0 0 1 0 0 0 0 0 0 0 0 0 0 25 0 23 0 1 0 0 6 5 2 5 0 1 0 0 0 1 0 0 0 1 1 3 1 1 0 0 0 0 0 0 1 0 0 0 2 0 0 1 0 0 1 0 0 0 0 0 1 2 10 0 0 2 1 5 0 0 0 1 0 0 0 0 0 0 0 0 0 0 0 0 0 0 0 1 0 5 3 4 0 0 0 11 12 0 0 0 0 0 0 0 0 0 0 3 0 1 1 0 0 0 0 0 2 0 0 0 0
37 8 1 1 0 11 3 7 4 2 4 2 1 1 2 4 6 2 1 4 5 2 5 0 3 1 2 2 1 2 0 0 3 7 2 0 1 11 0 6 0 0 0 0 0 0 0 0 0 0 0 0 1 0 0 0 0 0 0 0 0 0 1 1 4 0 0 3 0 0 0 0 1 0 0 0 0 0 0 0 0 0 0 1 0 0 1 0 0 0 0 0 0 0 1 0 0 0 1 0 0 0 0 0 4 0 1 0 0 0 0 0 0 0 0 0 0 0 0 0 0 1 0 0 0 0 0 0 0 0 0 0 11 0 12 0 1 0 0 2 2 0 3 0 0 0 0 0 0 0 0 0 0 0 1 0 0 0 0 0 0 0 0 0 0 1 0 0 0 0 1 0 0 2 0 0 0 0 0 0 1 4 0 0 0 0 1 0 0 0 1 0 0 0 0 0 0 0 0 0 0 0 0 0 0 0 0 0 4 2 0 0 0 0 6 3 0 0 0 0 0 0 0 0 0 0 1 0 0 1 0 0 0 0 1 2 0 0 0 0
5 2 1 1 0 2 3 2 2 1 0 0 0 0 1 0 4 0 0 3 3 1 1 0 2 1 1 0 0 1 0 0 2 2 1 0 0 7 0 1 0 0 0 0 0 0 0 0 0 0 0 0 1 0 0 0 0 0 0 0 0 0 1 0 1 0 0 3 0 0 0 0 0 0 0 0 0 0 0 0 0 0 0 1 0 0 1 0 0 0 0 0 0 0 1 0 0 0 1 0 0 0 0 0 0 0 0 0 0 0 0 0 0 0 1 0 0 0 0 0 0 0 0 0 0 0 0 1 0 0 0 0 2 0 6 0 0 0 0 0 0 0 3 0 0 0 0 0 0 0 0 0 0 0 1 0 0 0 0 1 0 0 0 0 0 0 0 0 0 0 1 0 0 1 0 0 0 0 0 0 1 0 0 0 0 0 0 0 0 0 0 0 0 0 0 0 0 0 0 0 0 0 0 0 0 0 0 0 3 2 0 0 0 0 2 3 0 0 0 0 0 0 0 0 0 0 1 0 0 1 0 0 0 0 0 0 0 0 0 0
61 9 0 3 0 17 4 11 4 3 4 4 7 1 8 2 5 2 0 3 9 3 2 0 5 1 3 1 2 3 0 0 6 5 5 0 2 15 0 8 0 0 0 0 0 0 0 0 0 1 0 0 1 0 0 0 0 0 0 0 0 0 1 1 5 0 0 4 0 0 0 0 0 0 1 0 0 0 0 0 0 0 0 0 0 0 0 0 2 0 0 0 0 0 1 0 0 0 1 0 0 0 0 0 8 0 0 0 0 0 0 0 0 1 0 1 0 0 0 0 0 0 0 0 0 0 0 0 0 0 0 0 12 0 9 0 1 0 0 1 1 0 7 0 0 0 0 0 0 0 0 0 1 1 1 0 0 0 1 0 0 0 0 0 0 0 0 1 0 0 0 0 0 0 0 0 0 0 0 0 0 3 0 0 0 1 5 0 0 0 0 0 0 0 1 0 0 0 0 0 0 0 0 0 0 0 0 0 5 2 2 0 0 0 11 6 0 0 0 0 0 0 0 0 0 0 3 0 1 2 0 0 0 0 0 0 0 0 0 0
9 1 0 2 0 4 1 4 0 1 0 2 0 0 3 0 4 1 0 3 2 2 1 0 0 1 0 0 0 1 0 0 1 1 1 0 0 3 0 0 0 0 0 0 0 0 0 0 0 1 0 0 1 0 0 0 0 0 0 0 0 0 1 0 2 0 0 3 0 0 0 0 0 0 0 0 0 0 0 0 0 0 0 0 0 0 0 0 0 0 0 0 0 0 1 0 0 0 1 0 0 0 0 0 1 0 0 0 0 0 0 0 0 0 0 0 0 0 0 0 0 0 0 0 0 0 0 0 0 0 0 0 2 0 0 0 0 0 0 0 2 0 4 0 0 0 0 0 0 0 0 0 0 0 2 0 0 0 0 0 0 0 0 0 0 0 0 0 0 0 0 0 0 0 0 0 0 0 0 0 1 0 0 0 0 0 0 0 0 0 0 0 0 0 1 0 0 0 0 0 0 0 0 0 0 0 0 0 0 0 1 0 0 0 1 2 0 0 0 0 0 0 0 0 0 0 1 0 1 0 0 0 0 0 0 0 0 0 0 0
7 0 0 1 0 2 0 2 0 1 0 0 0 0 3 1 2 1 0 3 0 2 0 0 0 0 0 0 0 1 0 0 1 0 0 0 0 3 0 0 0 0 0 0 0 0 0 0 0 1 0 0 2 0 0 0 0 0 0 0 0 0 0 0 0 0 0 3 0 0 0 0 0 0 0 0 0 0 0 0 0 0 0 0 0 0 0 0 0 0 0 0 0 0 1 0 0 0 1 0 0 0 0 0 2 0 0 0 0 0 0 0 0 0 0 0 0 0 0 0 0 0 0 0 0 0 0 0 0 0 0 0 2 0 0 0 0 0 0 0 0 0 2 0 0 0 0 0 0 0 0 0 0 0 1 0 0 0 0 0 0 0 0 0 0 0 0 0 0 0 0 0 0 0 0 0 0 0 0 0 0 0 0 0 0 0 0 0 0 0 0 0 0 0 1 0 0 0 0 0 0 0 0 0 0 0 0 0 0 0 1 0 0 0 1 1 0 0 0 0 0 0 0 0 0 0 0 0 0 0 0 0 0 0 0 0 0 0 0 0
11 4 0 3 1 7 2 5 4 2 0 2 0 0 3 1 3 2 0 3 4 2 2 0 1 1 1 0 2 1 0 0 2 1 0 0 0 3 0 3 0 0 0 0 0 0 0 0 0 0 0 0 1 0 0 0 0 0 0 0 0 0 1 0 2 0 0 3 0 0 0 0 0 0 0 0 0 0 0 0 0 0 0 0 0 0 0 0 0 0 0 0 0 0 1 0 0 0 1 0 0 0 0 0 1 0 0 0 0 0 0 0 0 0 0 0 0 0 0 0 0 0 0 0 0 0 0 0 0 0 0 0 3 0 3 0 1 0 0 1 1 0 4 0 0 0 0 0 0 0 0 0 0 0 2 0 0 0 0 0 0 0 0 0 0 0 0 0 0 0 0 0 0 0 0 0 0 0 0 0 0 0 0 0 0 0 0 0 0 0 0 0 0 0 1 0 0 0 0 0 0 0 0 0 0 0 0 0 4 2 1 0 0 0 3 3 0 0 0 0 0 0 1 0 0 0 2 0 1 0 0 0 0 0 0 0 0 2 0 0
220 17 2 4 0 23 4 16 5 1 8 7 8 5 4 7 3 2 0 8 9 4 7 0 7 0 6 2 4 2 0 0 3 9 5 0 1 15 0 14 1 0 0 0 0 0 0 0 0 0 0 0 0 0 0 0 0 0 0 0 0 0 0 5 11 0 0 7 0 0 0 1 1 0 1 0 0 0 1 0 0 0 0 1 0 0 0 0 4 0 0 1 0 0 0 0 0 0 1 0 0 0 0 0 10 0 0 0 0 0 0 2 0 0 0 0 0 0 0 0 0 0 0 0 0 0 0 0 0 1 0 0 20 0 13 0 1 0 0 4 6 1 4 0 0 0 0 0 0 0 0 0 0 0 1 0 0 0 1 0 0 0 0 0 0 0 0 0 0 0 0 0 0 0 0 0 0 0 0 0 0 9 0 0 0 0 3 0 0 0 0 0 0 0 0 0 0 0 0 0 2 0 0 1 1 0 0 0 5 2 0 0 0 0 8 8 0 0 0 0 0 0 0 0 0 0 1 0 0 1 0 0 0 0 0 0 0 0 0 0
219 17 1 3 0 18 3 13 6 2 7 8 7 3 5 10 3 2 0 4 9 3 4 0 3 1 2 3 3 3 1 0 4 8 5 0 3 14 1 11 0 0 0 0 0 0 0 0 0 0 0 0 0 0 0 0 0 0 0 0 0 0 0 1 4 0 0 4 0 0 0 0 1 0 1 0 1 0 0 0 0 0 0 1 1 0 0 0 3 0 0 0 0 0 0 0 0 0 0 0 0 0 0 0 10 0 0 0 0 0 0 0 0 0 0 0 0 0 0 0 0 0 0 0 0 0 0 0 0 0 0 0 18 0 15 0 1 0 0 5 2 0 5 0 0 0 0 0 0 0 0 0 0 0 0 0 0 0 0 0 0 0 0 0 0 0 0 0 0 0 0 0 0 0 0 0 0 0 0 0 1 5 0 0 0 0 4 0 0 0 0 0 0 0 0 0 0 0 0 0 0 0 0 0 0 0 0 0 5 2 1 0 0 0 9 4 0 0 1 0 0 0 0 0 0 0 2 0 3 0 0 0 0 0 1 0 0 0 0 0
1090 11 34 20 2 33 31 11 1 7 9 6 4 21 10 10 26 6 5 3 1 30 20 1 28 9 26 24 42 29 0 14 5 13 13 3 18 10 0 5 1 0 0 0 0 0 0 0 0 4 0 0 0 0 0 1 0 0 0 0 8 3 12 17 2 0 0 5 0 0 1 1 2 0 1 0 0 0 1 0 0 0 0 21 0 0 1 0 6 0 1 0 0 0 0 0 0 0 0 0 0 0 0 1 18 1 0 0 0 0 0 3 0 0 2 1 0 0 0 0 0 0 0 0 0 0 0 0 0 1 2 0 13 0 15 0 0 0 0 23 6 2 11 0 0 0 0 0 0 0 2 0 0 2 3 1 0 0 0 0 0 0 0 0 0 0 0 0 1 0 1 0 0 4 1 0 0 0 0 0 3 8 0 0 11 0 6 0 0 0 0 1 0 0 1 1 0 0 0 0 1 1 0 0 0 0 0 0 0 7 16 0 1 0 13 6 0 0 0 0 3 0 0 0 0 0 7 0 3 0 0 0 0 2 0 0 0 0 0 0
14 0 0 2 0 0 0 0 0 0 0 0 0 1 1 0 0 0 0 0 0 0 0 0 0 0 0 1 0 0 0 0 0 0 1 0 1 1 0 0 0 0 0 0 0 0 0 0 0 0 0 0 0 0 0 0 0 0 0 0 0 0 0 1 0 0 0 1 0 0 0 0 0 0 0 0 0 0 0 0 0 0 0 0 0 0 0 0 0 0 0 0 0 0 0 0 0 0 0 1 0 0 0 0 1 0 0 0 0 0 0 0 0 0 1 0 0 0 0 0 0 0 0 0 0 0 0 0 0 0 0 0 0 0 0 0 0 0 0 0 1 0 0 0 0 0 0 0 0 0 0 0 0 0 0 0 0 0 0 0 0 0 0 0 0 0 0 0 0 0 1 0 0 0 0 0 0 0 0 0 0 0 0 0 0 0 1 0 0 0 0 0 0 0 0 0 0 0 0 0 0 0 0 0 0 0 0 0 0 0 0 0 0 0 1 1 0 0 0 0 0 0 0 0 0 0 0 0 0 0 0 0 0 0 0 0 0 0 0 0
884 15 26 33 2 33 42 15 9 13 8 1 3 36 11 9 27 6 5 5 5 31 29 1 45 12 34 33 46 30 0 14 7 7 18 3 37 16 0 6 1 0 0 0 0 0 0 0 0 4 0 0 0 0 0 1 0 0 0 0 12 3 7 33 6 0 0 5 0 3 1 1 2 0 0 0 0 0 2 0 0 0 0 33 0 0 0 0 3 0 0 0 0 0 0 0 1 0 1 0 0 0 0 0 18 1 0 0 0 0 0 0 1 0 0 0 0 0 0 0 0 0 0 0 0 0 0 0 0 1 5 0 12 0 16 0 0 0 0 41 4 4 11 0 0 0 0 0 0 0 0 0 0 1 4 0 0 1 0 2 0 0 0 0 0 2 1 1 1 0 0 0 0 8 0 0 0 0 0 0 9 5 0 0 10 0 5 0 0 0 2 2 0 0 1 0 0 0 0 0 1 2 0 0 1 0 0 0 0 7 33 0 0 0 11 3 0 0 0 0 1 0 0 0 0 0 6 0 5 1 0 0 2 0 2 1 2 0 0 1
1023 12 7 5 5 28 19 14 1 6 3 1 4 5 4 6 6 6 1 0 3 11 4 2 11 6 8 15 16 13 1 9 4 6 10 2 11 14 1 2 0 0 0 0 0 0 0 0 0 3 0 0 0 0 0 0 0 0 0 0 8 0 2 8 0 0 0 3 0 0 0 0 2 0 0 0 0 0 0 0 0 0 0 8 0 0 0 0 0 0 0 0 0 0 0 0 0 0 0 0 0 0 1 0 13 0 0 0 0 0 0 0 0 0 0 0 0 0 0 0 0 0 0 0 0 0 0 0 0 0 4 0 14 0 13 0 0 0 0 9 2 2 11 0 0 0 0 0 0 0 0 0 0 0 0 0 0 0 0 0 0 1 0 0 0 0 0 0 0 0 0 0 0 2 0 0 0 0 0 0 4 3 0 0 6 0 3 0 0 0 1 2 0 0 0 0 0 0 0 3 0 0 0 0 0 0 0 0 0 6 8 0 0 0 2 0 0 0 0 0 1 0 0 0 0 0 0 1 0 0 0 0 0 0 0 0 0 0 0 1
1725 8 8 3 3 37 27 11 6 10 2 6 3 12 8 8 12 8 8 3 12 7 5 1 20 5 18 14 25 17 0 17 16 16 18 4 3 20 0 1 0 0 0 0 0 0 0 0 0 5 0 0 0 0 0 1 0 0 0 0 4 1 9 9 0 0 0 10 0 0 1 3 2 0 0 0 0 0 0 0 0 0 0 6 0 0 0 0 3 0 0 0 0 0 0 0 0 0 0 0 0 0 0 0 12 0 0 0 0 0 0 0 1 0 0 0 0 0 0 0 0 0 0 0 0 0 0 0 0 0 4 0 13 0 13 0 0 0 0 10 0 0 23 0 0 0 1 0 0 1 0 0 0 0 0 0 0 0 2 0 0 0 1 0 0 0 3 0 0 0 0 0 0 0 0 0 0 0 0 1 5 7 0 0 9 1 9 0 0 0 1 0 0 1 1 0 0 0 0 0 0 0 0 0 0 0 0 0 0 8 5 0 1 0 24 2 0 0 0 0 1 0 0 0 0 0 5 0 2 1 0 1 0 0 1 1 0 0 0 0
32 0 0 0 0 1 1 1 0 4 0 1 0 0 1 0 0 0 0 2 2 0 0 0 3 1 2 3 0 0 0 0 2 2 4 0 0 5 0 2 0 0 0 0 0 0 0 0 0 0 0 0 0 0 0 0 0 0 0 0 0 0 2 0 0 0 0 0 0 0 0 0 0 0 0 0 0 0 0 0 0 0 0 1 0 0 0 0 0 0 0 1 0 0 0 0 0 0 0 0 0 0 0 0 0 0 0 0 0 0 0 0 1 0 0 0 0 0 0 0 0 0 0 0 0 0 0 0 0 0 1 0 0 0 1 0 0 0 0 0 0 0 6 0 0 0 1 0 0 0 0 0 0 0 0 0 0 0 1 0 0 0 0 0 0 0 0 0 0 0 0 0 0 0 0 0 0 0 0 0 1 2 0 0 0 0 0 0 0 0 0 0 0 0 0 0 0 0 0 0 0 0 0 0 0 0 0 0 0 0 0 0 1 0 9 0 0 0 0 0 0 0 0 0 0 0 1 0 1 0 1 0 0 0 0 0 0 0 0 0
388 12 2 2 1 11 1 8 3 1 2 4 0 5 4 4 5 4 0 3 6 2 4 0 7 3 8 3 4 2 0 0 6 4 4 0 3 5 0 0 0 0 0 0 0 0 0 0 0 0 0 0 0 0 0 0 0 0 0 0 0 1 7 6 0 0 0 11 0 1 0 2 0 0 0 0 0 0 0 0 0 0 0 1 0 0 0 0 1 0 0 0 0 0 0 0 0 1 0 1 0 0 0 0 7 0 0 0 0 0 0 0 0 0 0 0 0 0 0 0 0 0 0 0 0 0 0 0 0 0 2 0 6 0 10 0 0 0 0 3 2 0 6 0 0 0 1 0 0 0 0 1 0 0 1 0 0 0 0 0 0 0 1 0 0 0 0 0 0 0 0 0 0 2 0 0 0 0 0 0 2 6 0 0 1 0 4 0 0 0 1 0 0 0 0 0 0 0 0 0 0 0 0 0 0 0 0 0 0 1 4 0 1 0 4 1 0 0 0 0 0 0 0 0 0 0 3 0 1 1 0 0 0 0 0 1 0 0 1 0
350 7 6 1 0 9 0 7 1 2 3 2 0 5 2 2 7 3 0 4 3 1 5 0 9 2 10 2 3 2 0 0 6 2 2 0 3 7 0 4 1 0 0 0 0 0 0 0 0 0 0 0 0 0 0 0 0 0 0 0 0 1 6 3 2 0 0 6 0 0 0 2 0 0 0 0 0 0 0 0 0 0 0 2 0 0 0 0 1 0 0 0 0 0 0 1 0 0 0 0 0 0 0 0 8 0 0 0 0 0 0 0 0 0 0 0 0 0 0 0 0 0 0 0 0 0 0 0 0 0 2 0 7 0 10 1 1 0 0 5 5 0 7 0 0 0 1 0 0 0 0 0 0 0 0 0 0 0 0 0 0 1 0 0 1 0 0 0 0 0 0 0 0 0 1 0 0 1 0 0 2 0 0 0 1 0 5 0 0 0 0 0 0 0 0 0 0 0 0 0 0 0 0 0 0 0 0 0 0 1 3 0 0 0 4 3 0 0 0 0 0 0 0 0 0 0 1 1 0 0 0 2 0 0 0 1 0 0 0 0
1429 13 6 4 2 31 16 16 2 7 1 10 7 7 11 11 7 6 5 1 13 5 3 0 4 2 4 9 20 10 0 14 13 9 16 3 2 12 0 4 0 0 0 1 0 0 0 0 0 4 0 0 0 0 0 1 0 0 0 1 4 1 2 8 2 0 0 5 0 0 1 1 2 0 0 0 0 0 0 0 0 0 0 3 0 0 0 0 2 0 0 0 0 0 0 0 0 0 0 0 0 0 0 0 17 1 0 0 0 0 0 2 0 0 0 0 0 0 0 0 0 0 0 0 0 0 0 0 0 0 4 0 16 0 8 0 0 0 0 6 2 0 19 0 0 0 0 0 0 0 0 0 0 0 2 0 0 0 1 0 0 0 0 0 0 0 0 0 0 0 0 1 0 0 0 0 0 0 0 0 3 11 0 0 7 1 5 1 2 0 0 0 0 0 1 0 0 0 0 1 1 0 0 0 0 0 0 0 0 7 1 1 0 0 21 2 0 0 0 0 1 0 0 0 0 0 4 0 0 1 0 0 0 0 1 0 0 0 0 0
150 13 3 7 1 20 0 8 0 7 0 16 7 3 10 7 4 1 0 0 9 2 2 0 3 2 5 3 5 4 2 0 10 12 15 0 1 6 0 3 0 0 0 0 0 0 0 0 0 2 0 0 0 0 0 0 0 0 0 0 1 0 3 3 2 0 0 6 0 0 0 1 1 0 0 0 0 0 0 0 0 0 0 1 0 0 0 0 1 0 0 0 0 0 0 0 0 0 0 0 0 0 1 0 7 0 0 0 0 0 0 1 0 0 0 0 0 0 0 0 0 0 0 0 0 0 0 0 0 0 4 0 9 0 7 0 0 0 0 3 3 0 16 0 0 0 0 0 0 1 0 0 0 0 2 0 0 0 1 0 0 0 0 0 0 0 0 0 0 0 0 0 0 0 0 0 0 0 0 0 0 11 0 0 1 1 1 1 2 0 0 0 0 0 0 0 0 0 0 1 0 0 0 0 0 0 0 0 0 2 3 0 0 0 15 1 0 0 0 0 0 0 0 0 0 0 3 0 0 0 0 0 0 1 1 0 0 0 1 0
802 21 2 0 0 18 5 10 2 7 1 11 2 5 7 7 3 2 0 0 12 2 2 0 2 0 7 0 4 1 0 0 10 9 10 0 2 15 0 3 0 0 0 0 0 0 0 0 0 2 0 0 0 0 0 0 0 0 0 1 1 1 1 3 5 0 0 3 0 1 0 0 1 0 0 0 0 0 0 0 0 0 0 2 0 0 0 0 2 0 0 0 1 0 0 0 0 0 0 0 0 0 0 0 7 0 0 0 0 0 0 0 0 0 0 1 0 0 0 0 0 0 0 0 0 0 0 0 1 0 2 0 16 0 13 0 0 0 0 3 1 0 17 0 0 0 0 0 0 0 0 0 0 0 1 0 1 0 1 0 0 0 0 0 0 0 0 0 0 0 0 0 1 1 1 0 0 0 1 0 0 5 0 0 0 0 2 0 0 0 0 0 0 0 0 0 1 0 0 1 0 0 0 0 0 0 0 1 0 0 3 0 1 0 5 2 0 0 0 0 0 0 0 0 0 0 4 1 0 0 2 0 0 2 0 1 0 0 0 0
109 6 1 0 2 7 3 6 0 5 0 5 1 3 4 3 1 1 0 1 4 0 2 0 1 0 4 0 2 1 0 0 5 2 4 0 3 5 0 0 0 0 0 0 0 0 0 0 0 1 0 0 0 0 0 0 0 0 0 1 0 0 0 1 2 0 0 2 0 1 0 0 0 0 0 0 0 0 0 0 1 0 0 0 0 0 0 0 1 0 0 0 1 0 0 0 0 0 1 0 0 0 2 0 4 0 0 0 0 0 0 0 0 0 0 0 0 1 0 0 0 0 0 0 0 0 0 1 1 0 1 0 5 0 5 0 0 0 0 2 0 0 5 0 0 0 0 0 0 1 0 0 0 1 1 0 0 0 0 0 0 0 1 0 0 0 0 0 0 0 0 0 0 1 0 0 0 0 0 0 0 5 0 0 0 1 0 0 0 0 0 0 0 0 0 1 0 0 0 1 0 0 0 0 0 0 0 0 0 0 3 0 0 0 3 0 0 0 0 0 0 0 0 0 0 1 2 0 0 1 2 0 0 0 0 0 0 0 0 1
93 4 1 0 0 0 2 3 1 5 0 3 0 2 5 1 2 1 0 0 1 2 2 0 1 0 5 4 1 1 0 0 4 0 4 0 1 3 0 1 0 0 0 0 0 0 0 0 0 0 0 0 0 0 0 0 0 0 0 0 0 0 1 1 1 0 0 2 0 0 0 0 0 0 0 0 0 1 0 0 0 2 0 0 0 0 0 0 1 0 0 0 1 0 0 0 0 0 1 0 0 0 0 0 2 0 0 0 0 0 0 0 0 0 0 0 0 0 1 0 0 0 0 0 0 0 0 0 1 1 0 0 2 0 3 0 0 0 0 2 0 0 6 0 0 0 0 0 0 1 0 0 0 0 1 0 0 0 0 0 0 0 0 0 0 0 0 0 0 0 0 0 0 2 0 0 0 0 0 0 0 2 0 0 0 0 0 0 0 0 0 0 0 0 0 0 0 0 0 1 2 0 0 0 0 0 0 0 0 0 4 0 0 0 3 1 0 0 0 0 0 0 0 0 0 0 2 0 0 0 2 0 0 0 0 0 0 0 0 1
19 0 1 0 0 0 0 0 0 1 0 0 0 0 1 1 1 0 0 0 0 0 0 0 0 0 1 3 1 0 0 0 1 0 1 0 1 0 0 1 0 0 0 0 0 0 0 0 0 0 0 0 0 0 0 0 0 0 0 0 0 0 1 0 0 0 0 0 0 0 0 0 0 0 0 0 0 1 0 0 0 1 0 0 0 0 0 0 1 0 0 0 0 0 0 0 0 0 1 0 0 0 0 0 0 0 0 0 0 0 0 0 0 0 0 0 0 0 0 0 0 0 0 0 0 0 0 0 0 1 0 0 0 0 0 0 0 0 0 0 0 0 2 0 0 0 0 0 0 0 0 0 0 0 0 0 0 0 0 0 0 0 0 0 0 0 0 0 0 0 0 0 0 0 0 0 0 0 0 0 0 0 0 0 0 0 0 0 0 0 0 0 0 0 0 0 0 0 0 0 1 0 0 0 0 0 0 0 0 0 1 0 0 0 1 0 0 0 0 0 0 0 0 0 0 0 1 0 0 0 0 0 0 0 0 0 0 0 0 0
7165 25 6 2 19 36 6 6 2 5 3 20 1 1 20 30 3 12 2 0 4 0 1 3 33 4 3 24 7 3 1 2 7 14 21 2 7 18 1 0 0 0 0 0 0 0 0 1 0 3 0 0 0 0 0 0 0 0 0 0 0 0 0 4 1 0 0 3 0 0 0 0 1 0 0 0 0 0 1 0 0 0 0 0 1 0 0 0 0 0 0 0 0 0 0 0 0 0 0 0 0 0 0 0 1 0 0 0 0 0 0 0 0 0 0 0 0 0 1 0 0 0 0 0 0 0 0 0 0 0 2 0 1 0 3 0 0 0 0 2 1 0 24 0 0 0 0 0 0 0 0 0 0 0 0 0 0 0 3 0 0 0 0 0 0 0 0 0 0 0 1 0 0 2 0 0 0 0 0 0 0 3 0 0 0 0 11 0 0 0 0 0 0 0 0 0 0 0 0 0 0 0 0 0 0 0 0 0 0 9 1 0 1 0 4 0 0 0 0 0 0 0 0 0 0 0 5 0 4 0 0 2 0 0 0 0 1 0 0 0
1545 16 15 17 8 19 8 26 2 12 3 24 12 7 14 6 13 0 1 3 13 16 8 2 27 2 14 18 13 10 0 3 17 16 14 0 18 25 0 9 1 0 0 0 0 0 0 0 0 1 0 0 0 0 0 0 0 0 0 0 5 1 11 11 1 0 0 5 0 0 0 0 2 0 0 0 0 0 0 0 0 0 0 8 0 0 1 0 5 0 0 0 0 1 0 0 0 0 0 0 0 0 0 0 14 0 0 0 0 0 0 1 1 0 0 0 0 0 0 0 0 0 0 0 0 0 0 0 0 0 0 0 12 0 16 0 1 0 1 7 5 0 19 0 0 0 0 0 2 0 0 0 0 0 1 0 0 0 2 0 0 0 0 0 1 1 0 2 0 0 1 0 0 2 0 0 0 0 0 0 3 19 0 0 4 0 3 0 0 0 1 0 0 0 1 0 0 0 0 0 0 0 0 0 0 0 1 1 0 0 8 0 0 0 21 4 0 0 0 0 0 0 0 0 0 0 6 0 6 1 0 2 0 2 0 2 1 0 0 0
1771 13 12 19 6 16 3 21 11 12 15 10 10 2 16 8 8 0 0 4 15 4 3 3 29 1 13 25 0 2 0 1 16 17 16 1 14 11 0 16 0 0 0 0 0 0 0 0 0 1 0 0 0 0 0 0 0 0 0 0 1 0 8 9 11 0 0 11 0 0 0 0 0 0 0 0 0 0 0 0 0 0 0 0 0 3 0 0 18 0 0 0 0 0 1 0 0 0 0 0 0 0 0 0 12 0 0 0 0 0 0 0 0 0 0 0 0 0 0 0 0 0 0 0 0 0 0 1 0 0 0 0 23 0 18 0 0 0 0 3 4 1 12 0 0 0 1 0 1 1 1 0 0 0 0 0 1 0 2 0 0 1 0 1 2 0 0 0 0 1 1 0 0 2 0 0 0 0 0 0 0 17 0 0 0 0 4 0 0 0 0 0 0 0 0 0 0 0 0 0 0 0 0 0 0 0 0 0 0 1 1 0 0 0 15 10 0 0 0 0 0 0 0 0 0 0 6 1 1 0 0 0 0 0 0 0 0 0 0 0
739 7 3 5 3 9 8 16 4 5 6 3 7 6 9 4 6 0 2 4 8 3 5 1 18 1 7 11 3 3 0 1 17 8 6 0 7 9 0 6 0 0 0 0 0 0 0 1 0 0 0 0 0 0 0 0 0 0 0 0 1 0 3 3 4 0 0 3 0 0 0 0 0 0 0 0 0 0 0 1 0 0 0 0 0 0 0 0 7 0 0 0 0 0 1 0 0 0 0 0 0 0 0 1 7 0 0 0 0 0 0 0 0 0 0 0 0 0 0 0 0 0 0 0 0 0 0 0 0 0 1 0 11 0 9 0 0 0 0 5 1 1 13 0 0 0 1 0 0 0 0 0 0 0 0 0 0 1 1 0 0 0 0 0 0 0 0 1 0 0 1 0 0 2 0 1 0 0 0 0 0 12 0 0 1 0 4 0 0 0 0 0 0 0 0 0 0 0 0 0 1 0 0 0 0 0 0 0 0 1 4 0 0 0 13 3 0 0 0 0 0 0 1 0 0 0 4 0 1 1 0 0 0 0 1 0 1 0 0 0
40 3 0 1 0 3 3 5 0 3 1 2 2 2 1 1 1 0 1 0 3 0 2 0 3 0 1 0 0 2 0 0 7 4 2 0 2 3 0 0 0 0 0 0 0 0 0 1 0 0 0 0 0 0 0 0 0 0 0 0 0 0 1 1 0 0 0 1 0 0 0 0 0 0 1 0 0 0 0 1 0 0 0 0 0 1 0 0 0 0 0 0 0 0 0 0 0 0 0 0 0 0 0 1 2 0 0 0 0 0 0 0 0 0 0 0 0 0 0 0 0 0 0 0 0 0 0 0 0 0 1 0 3 0 1 0 0 0 0 2 0 0 6 0 0 0 0 0 0 0 0 0 0 0 1 0 0 1 0 0 0 0 0 0 0 0 0 1 0 0 0 0 0 0 0 1 0 0 0 0 0 7 0 0 1 0 0 0 0 0 0 0 0 0 0 0 0 0 0 0 0 0 0 0 0 0 0 0 0 1 2 0 0 0 5 1 0 0 0 0 0 0 0 0 0 0 0 0 0 0 0 0 0 0 1 0 1 0 0 0
574 2 3 3 0 11 4 12 4 3 4 4 5 3 7 6 4 1 0 3 4 3 4 0 11 0 5 5 1 1 0 1 6 9 3 0 3 6 0 7 0 0 0 0 0 0 0 0 0 0 0 0 0 0 0 0 0 0 0 0 1 0 3 4 5 0 0 4 0 0 1 0 0 0 0 0 0 0 0 0 0 0 0 0 0 0 0 0 8 0 0 1 0 0 1 0 0 0 0 0 0 0 0 0 9 0 0 0 0 0 0 0 0 0 0 0 0 0 0 0 0 0 0 0 0 0 0 0 0 0 0 0 11 0 7 0 0 0 0 4 2 1 4 0 0 0 1 0 0 0 0 0 0 0 1 0 0 0 1 0 0 0 0 0 0 0 0 0 0 0 1 0 0 2 0 1 0 0 0 0 0 6 0 0 1 0 5 0 0 0 0 0 0 0 0 0 0 0 0 0 0 0 0 0 0 0 0 0 0 0 1 0 0 0 9 2 0 0 0 0 0 0 0 0 0 0 3 0 2 0 0 0 0 1 0 0 0 0 0 0
28 2 0 1 0 3 0 3 0 1 0 3 1 0 1 0 0 1 0 0 0 0 0 0 0 0 0 0 0 0 0 0 0 0 1 0 0 0 0 1 0 0 0 0 0 0 0 0 0 0 0 0 0 0 0 0 0 0 0 0 0 0 0 0 0 0 0 0 0 0 0 0 0 0 0 0 0 0 0 0 0 0 0 0 0 0 0 0 1 0 0 1 0 0 0 0 0 0 0 0 0 0 0 0 0 0 0 0 0 0 0 0 0 0 0 0 0 0 0 0 0 0 0 0 0 0 0 0 0 0 0 0 1 0 1 0 0 0 0 0 0 0 0 0 0 0 0 0 0 0 0 0 0 0 0 0 0 0 0 0 0 0 0 0 0 0 0 0 0 0 0 0 0 0 0 0 0 0 0 0 0 2 0 0 0 0 0 0 0 0 0 0 0 0 0 0 0 0 0 0 0 0 0 0 0 0 0 0 0 0 1 0 0 0 1 0 0 0 0 0 0 0 0 0 0 0 0 0 0 0 0 0 0 0 0 0 0 0 0 0
11 1 1 2 0 3 0 4 0 0 0 3 0 0 1 0 2 1 0 0 0 0 0 0 0 0 0 0 0 0 0 0 0 0 1 0 0 1 0 0 0 0 0 0 0 0 0 0 0 0 0 0 0 0 0 0 0 0 0 0 0 0 0 0 0 0 0 0 0 0 0 0 0 0 0 0 0 0 0 0 0 0 0 0 0 0 0 0 1 0 0 1 0 0 0 0 0 0 0 0 0 0 0 0 0 0 0 0 0 0 0 0 0 0 0 0 0 0 0 0 0 0 0 0 0 0 0 0 0 0 0 0 2 0 0 0 0 0 0 0 0 0 0 0 0 0 0 0 0 0 0 0 0 0 0 0 0 0 0 0 0 0 0 0 0 0 0 0 0 0 0 0 0 0 0 0 0 0 0 0 0 2 0 0 0 0 0 0 0 0 0 0 0 0 0 0 0 0 0 0 0 0 0 0 0 0 0 0 0 0 2 0 0 0 5 0 0 0 0 0 0 0 0 0 0 0 0 0 0 0 0 0 0 0 0 0 0 0 0 0
125 2 6 3 0 6 0 5 2 4 1 4 2 0 5 3 2 2 0 0 3 0 3 0 3 1 3 2 0 4 0 0 4 5 1 0 0 2 0 1 0 0 0 0 0 0 0 0 0 0 0 0 0 0 0 0 0 0 0 0 0 0 2 3 3 0 0 2 0 0 1 0 0 0 0 0 0 0 0 0 0 0 0 0 0 0 0 0 5 0 0 1 0 0 0 0 0 0 0 0 0 0 0 0 5 0 0 0 0 0 0 0 0 0 0 0 0 0 0 0 0 0 0 0 0 0 0 0 0 0 0 0 4 0 3 0 0 0 0 5 0 0 4 0 0 0 0 0 0 0 0 0 0 0 0 0 0 0 0 0 0 0 0 0 0 0 0 0 0 0 0 0 0 0 0 1 0 0 0 0 0 4 0 0 2 0 3 0 0 0 0 0 0 0 0 0 0 0 0 0 0 0 0 0 0 0 0 0 0 0 3 0 0 0 5 0 0 0 0 0 0 0 0 0 0 0 2 0 1 0 1 0 0 0 0 0 0 0 0 0
100 2 4 3 0 4 0 8 1 1 2 6 3 3 6 3 0 1 0 2 6 1 3 0 2 2 2 1 0 3 0 0 3 5 3 0 0 2 0 2 0 0 0 0 0 0 0 0 0 0 0 0 0 0 0 0 1 0 0 0 0 0 2 1 2 0 0 0 0 0 0 0 0 0 0 0 0 0 0 0 0 0 0 0 0 0 0 0 3 0 0 1 0 0 0 0 0 0 0 0 0 0 0 0 5 0 0 0 0 0 0 1 0 0 0 0 0 0 0 0 0 0 0 0 0 0 0 0 0 0 0 0 7 0 7 0 0 0 0 3 0 0 1 0 0 0 1 0 0 0 0 0 0 1 0 0 0 0 1 0 0 0 0 0 0 0 0 0 0 0 0 0 0 0 0 1 0 0 0 1 0 5 0 0 1 0 2 0 0 0 0 0 0 0 0 0 0 0 0 0 0 0 0 0 0 0 0 0 0 0 1 0 0 0 6 1 0 0 0 0 0 0 0 0 0 0 0 0 0 0 0 1 0 0 0 0 0 0 0 0
989 8 9 3 3 13 5 22 8 6 13 4 13 6 16 3 3 0 0 9 14 9 6 1 17 0 7 11 6 5 0 1 5 15 10 0 8 16 0 12 0 0 0 0 0 0 0 0 0 1 0 0 0 0 0 0 0 0 0 0 2 0 6 7 9 0 0 8 0 0 0 0 1 0 0 0 0 0 0 0 0 0 0 2 0 0 0 0 13 0 0 0 1 0 0 0 0 0 0 0 0 0 0 0 17 0 0 0 0 0 0 0 0 1 0 0 0 0 0 0 0 0 0 0 0 0 0 0 0 0 0 0 23 0 15 0 0 0 0 6 5 1 8 0 0 2 1 0 0 1 0 0 0 0 1 0 1 0 1 0 0 1 0 0 0 0 0 0 0 0 1 0 0 2 1 0 0 0 0 0 0 7 0 0 2 0 3 0 0 0 0 0 0 0 0 0 0 0 0 0 0 0 0 0 0 0 0 0 0 0 1 0 1 0 10 7 0 0 0 0 0 0 0 0 0 0 5 0 1 0 0 1 0 0 0 0 0 0 0 0
461 8 3 7 2 6 6 10 7 1 6 4 8 8 7 3 3 0 1 5 7 5 3 0 14 0 6 9 6 6 0 1 1 0 2 0 4 11 0 6 0 0 1 0 0 0 0 0 0 0 0 0 1 0 0 0 0 0 0 0 1 1 4 5 12 0 0 2 0 1 0 0 1 0 0 0 0 1 1 0 0 0 0 0 0 0 1 0 8 0 0 0 0 0 0 0 0 0 1 0 0 0 0 0 9 0 0 0 0 0 0 0 0 0 0 0 0 0 0 0 0 0 0 0 0 0 0 0 0 0 0 0 7 0 11 0 0 0 0 3 1 1 1 0 0 1 2 0 0 0 0 0 0 0 1 0 1 0 1 1 0 0 0 0 1 0 0 0 0 0 0 0 0 2 0 0 0 1 0 1 0 1 0 0 1 0 2 0 0 0 0 1 0 0 0 0 0 0 0 0 0 0 0 0 0 0 0 1 0 0 2 0 0 0 3 4 0 0 0 0 0 0 0 0 0 0 3 0 0 1 0 0 0 0 0 1 1 0 0 0
4 3 0 2 0 1 0 0 1 0 0 1 0 1 1 0 1 0 1 0 1 0 0 0 2 0 1 1 0 2 0 0 0 0 2 0 1 1 0 0 0 0 1 0 0 0 0 0 0 0 0 0 0 0 0 0 0 0 0 0 1 0 0 2 2 0 0 0 0 1 0 0 0 0 0 0 0 0 0 0 0 0 0 0 0 0 1 0 1 0 0 0 0 0 0 0 0 0 0 0 0 0 0 0 0 0 0 0 0 0 0 0 0 0 0 0 0 0 0 0 0 0 0 0 0 0 0 0 0 0 0 0 1 0 2 0 0 0 0 0 0 0 0 0 0 0 0 0 0 0 0 0 0 0 1 0 0 0 0 1 0 0 0 0 0 0 0 0 0 0 0 0 0 0 0 0 0 1 0 0 0 0 0 0 0 0 0 0 0 0 0 1 0 0 0 0 0 0 0 0 0 0 0 0 0 0 0 0 0 0 0 0 0 0 1 1 0 0 0 0 0 0 0 0 0 0 0 0 0 0 0 0 0 0 0 0 0 0 0 0
14 5 0 3 0 2 1 2 4 0 2 1 2 3 2 0 4 0 1 1 3 0 0 0 2 0 2 1 0 2 0 0 0 0 1 0 2 3 0 1 0 0 1 0 0 0 0 0 0 0 0 0 0 0 0 0 0 0 0 0 0 0 0 2 5 0 0 0 0 1 0 0 0 0 0 0 0 0 0 0 0 0 0 0 0 0 1 0 2 0 0 0 0 0 0 0 0 0 0 0 0 0 0 0 1 0 0 0 0 0 0 0 0 0 0 0 0 0 0 0 0 0 0 0 0 0 0 0 0 0 0 0 1 0 2 0 0 0 0 0 0 0 0 0 0 0 0 0 0 0 0 0 0 0 1 0 0 0 0 1 0 0 0 0 0 0 0 0 0 0 0 0 0 0 0 0 0 1 0 0 0 0 0 0 0 0 0 0 0 0 0 1 0 0 0 0 0 0 0 0 0 0 0 0 0 0 0 0 0 0 1 0 0 0 1 1 0 0 0 0 0 0 0 0 0 0 0 0 0 0 0 0 0 0 0 1 0 0 0 0
5 5 0 1 0 0 0 0 0 0 1 1 2 1 0 0 1 0 1 0 2 0 0 0 2 0 1 1 0 2 0 0 0 0 2 0 0 1 0 1 0 0 1 0 0 0 0 0 0 0 0 0 0 0 0 0 0 0 0 0 0 0 0 2 2 0 0 0 0 1 0 0 0 0 0 0 0 0 0 0 0 0 0 0 0 0 0 0 1 0 0 0 0 0 0 0 0 0 0 0 0 0 0 0 1 0 0 0 0 0 0 0 0 0 0 0 0 0 0 0 0 0 0 0 0 0 0 0 0 0 0 0 0 0 1 0 0 0 0 0 0 0 0 0 0 0 0 0 1 0 0 0 0 1 1 0 0 0 0 1 0 0 0 0 0 0 0 0 0 0 0 0 0 0 0 0 0 1 0 0 0 0 0 0 0 0 0 0 0 0 0 1 0 0 0 0 0 0 0 0 0 0 0 0 0 0 0 0 0 0 1 0 0 0 1 1 0 0 0 0 0 0 0 0 0 0 0 0 0 0 0 0 1 0 0 0 0 0 0 0
