1841 19 11 2 6 18 5 10 5 3 9 7 22 7 11 1 14 1 0 0 21 3 7 3 30 3 14 14 5 6 0 0 11 11 6 1 7 25 0 14 0 0 0 0 0 0 0 0 0 0 0 0 1 0 0 0 0 0 0 0 1 0 7 12 3 0 0 4 0 1 0 1 0 0 0 0 0 0 0 0 0 0 0 6 0 0 0 0 7 0 0 0 0 0 0 1 0 0 0 0 0 0 0 1 20 0 0 0 0 0 0 0 0 0 0 0 0 0 0 0 0 0 0 0 0 0 0 0 0 3 1 0 8 0 9 0 0 0 0 8 6 1 7 0 1 1 0 0 0 1 0 0 0 0 0 0 1 0 2 0 0 1 2 3 0 0 2 0 0 1 1 1 0 1 0 0 0 0 0 1 1 10 0 0 3 0 3 0 0 0 0 0 0 0 0 0 0 0 0 0 0 0 0 0 0 0 0 0 0 0 6 0 0 0 5 9 0 0 0 0 1 0 0 0 0 0 6 1 4 0 0 0 0 0 0 1 1 0 0 1
632 14 9 4 0 8 2 10 5 3 4 3 10 8 8 1 12 0 0 1 10 2 8 0 19 1 13 8 5 6 0 0 10 12 7 0 7 13 0 8 0 0 0 0 0 0 0 0 0 0 0 0 0 0 0 0 0 0 0 0 0 0 8 10 5 0 0 3 0 0 0 1 0 0 0 0 0 0 0 0 0 0 0 7 0 0 0 0 4 0 0 0 0 0 0 2 0 0 1 0 0 0 0 1 12 0 0 0 0 0 0 0 0 0 2 0 0 0 0 0 0 0 0 0 0 0 0 0 0 1 0 0 11 0 6 0 0 0 0 9 4 0 12 0 0 1 0 0 0 0 0 0 0 0 1 0 0 0 1 0 0 1 1 0 0 0 0 0 0 0 1 0 0 1 0 0 0 0 0 1 1 8 0 0 1 0 2 0 0 0 0 0 0 0 0 0 0 0 0 0 0 0 0 0 0 0 0 0 0 0 6 0 0 0 7 7 0 0 0 0 1 0 0 0 0 0 4 1 2 0 1 0 0 1 0 0 1 0 0 1
808 10 10 6 1 10 12 6 3 4 2 2 6 8 6 4 10 0 0 2 8 9 13 0 21 1 7 8 6 10 0 0 7 7 4 0 7 13 0 5 0 0 0 0 0 0 0 0 0 0 0 0 0 0 0 0 0 0 0 0 0 0 11 11 2 0 0 3 0 0 0 1 0 0 0 0 0 0 0 0 0 0 0 6 0 0 0 0 0 0 0 0 0 0 0 1 1 0 0 0 0 0 0 1 9 0 0 0 0 0 0 1 0 0 0 1 0 0 0 0 0 0 0 0 0 0 0 0 0 2 2 0 8 0 10 0 0 0 0 15 3 1 6 0 0 0 0 0 0 0 0 0 0 0 0 0 0 0 2 0 0 0 1 0 0 0 0 0 0 0 1 0 0 1 0 0 1 0 0 1 0 8 0 0 3 0 2 0 0 0 0 0 0 0 0 0 0 0 0 0 0 0 0 0 0 0 0 0 1 0 6 0 0 0 4 3 0 0 0 0 1 0 0 0 0 0 4 1 2 0 0 0 0 1 0 0 1 0 0 1
326 12 1 1 0 13 2 5 3 3 0 5 4 4 4 6 1 0 0 0 8 1 4 0 3 2 3 2 2 5 0 0 7 8 3 0 1 12 0 3 0 0 0 0 0 0 0 0 0 0 0 0 0 0 0 0 0 0 0 0 0 0 3 6 1 0 0 2 0 0 0 1 0 0 0 0 0 0 0 0 0 0 0 4 0 0 0 0 1 0 0 0 0 0 0 0 0 0 0 0 0 0 0 1 12 0 0 0 0 0 0 0 0 0 0 0 0 0 0 0 0 0 0 0 0 0 0 0 0 0 0 0 7 0 5 0 0 0 0 7 2 1 7 0 0 0 0 0 0 2 0 0 0 0 1 0 0 0 0 0 0 0 0 0 0 0 0 0 0 0 0 0 0 0 0 0 0 0 0 1 1 7 0 0 1 1 1 0 0 0 0 0 0 0 0 0 0 0 0 0 0 0 0 0 0 0 0 0 1 3 2 0 0 0 4 2 0 0 0 0 0 0 0 0 0 0 1 0 1 0 1 0 0 0 0 0 1 0 0 1
1938 10 14 11 6 1 2 6 11 3 9 2 7 5 9 0 9 1 0 4 15 8 6 3 25 2 11 18 7 3 0 0 10 3 10 1 11 4 0 13 0 0 0 0 0 0 0 0 0 1 0 0 0 0 0 0 0 0 0 0 0 2 7 11 3 0 0 17 0 0 0 0 0 0 0 0 0 0 0 0 0 0 0 5 0 0 0 0 6 0 0 0 0 0 0 0 0 0 0 0 0 0 0 0 3 1 0 0 0 0 0 0 0 0 0 0 0 0 0 0 0 0 0 0 0 0 0 1 0 0 0 0 9 0 13 0 0 1 0 4 10 2 8 0 0 0 0 0 0 0 0 0 0 0 1 0 0 0 2 0 0 0 0 0 0 0 0 0 0 0 2 0 0 1 0 0 0 0 0 0 1 1 0 0 0 0 0 0 0 0 0 0 0 0 2 0 0 0 0 0 0 0 0 0 0 0 0 0 0 1 6 0 0 0 9 12 0 0 0 0 0 0 0 0 0 0 7 0 2 0 0 0 0 0 0 0 3 0 0 0
769 13 7 12 1 10 1 8 14 6 10 8 6 5 11 2 9 0 0 6 14 5 5 0 22 2 8 8 7 2 0 0 5 3 13 0 13 6 0 6 0 0 0 0 0 0 0 1 0 2 0 0 0 0 0 0 0 0 0 0 0 2 9 13 1 0 0 16 0 0 0 0 1 0 0 0 0 0 0 0 0 0 0 6 0 0 0 0 3 0 0 0 1 0 0 1 0 0 0 0 0 0 0 0 6 1 0 0 0 1 0 0 1 0 0 0 0 0 0 0 0 0 0 0 0 0 0 1 1 1 2 0 3 0 9 0 0 1 0 3 8 0 8 0 0 0 0 0 0 1 0 0 0 0 1 0 0 0 1 0 1 0 0 0 0 0 0 0 0 0 1 1 0 1 0 0 0 0 1 0 1 4 0 0 0 0 3 0 0 0 0 0 0 0 2 0 0 0 0 0 0 0 0 0 0 0 0 1 0 1 4 0 0 0 11 11 0 0 1 0 0 0 0 0 0 0 5 0 2 0 0 0 0 0 0 1 2 0 0 0
753 8 8 9 1 13 1 11 10 4 10 4 7 7 11 2 6 0 0 7 15 9 9 0 17 3 12 11 6 4 0 0 2 7 11 0 11 12 0 5 0 0 0 0 0 0 0 0 0 1 0 0 0 0 0 0 1 0 0 0 0 2 6 7 3 0 0 13 0 0 0 0 2 0 0 0 0 0 2 0 0 0 0 7 0 0 1 0 4 0 0 0 0 0 0 0 1 0 0 0 0 0 0 0 5 1 0 0 0 0 0 0 0 0 0 0 0 0 0 0 0 0 0 1 0 0 0 1 0 0 0 0 6 0 9 0 0 1 0 4 8 0 6 0 0 0 0 0 1 0 0 0 0 0 2 2 0 0 1 1 0 0 0 0 2 0 0 0 0 1 1 0 0 2 0 0 0 0 0 0 2 6 0 0 3 1 1 0 0 0 0 0 0 0 2 0 2 0 0 0 0 0 0 1 0 0 0 0 0 2 9 0 0 0 13 9 0 0 0 0 0 0 0 0 1 0 7 0 3 0 0 0 0 1 0 0 2 0 0 0
460 11 9 9 1 14 1 11 7 3 11 3 8 5 10 0 8 0 0 6 12 5 7 0 11 2 7 10 6 4 0 0 6 5 8 0 8 13 0 7 0 0 0 0 0 0 0 0 0 1 0 0 0 0 1 0 0 0 0 0 0 2 5 6 2 0 0 14 0 0 0 0 1 0 0 0 0 0 1 0 0 0 0 3 0 0 1 0 6 0 0 2 0 0 1 1 0 0 0 0 0 0 0 0 6 1 0 0 0 0 0 0 0 0 0 0 0 0 0 0 0 0 0 0 0 0 0 1 0 0 0 0 10 0 16 0 1 1 0 2 10 0 4 0 0 0 0 0 1 0 0 0 0 0 0 0 1 0 0 0 2 0 0 2 0 0 0 0 0 0 1 0 0 1 0 0 0 0 1 0 1 4 0 0 1 0 0 0 0 0 0 0 0 0 2 0 0 0 0 0 0 0 0 1 0 0 0 0 0 2 5 0 0 0 8 10 0 0 0 0 0 0 0 0 1 0 4 1 2 0 0 0 0 0 0 0 2 0 0 0
725 12 15 17 1 2 3 4 13 1 19 3 7 9 9 0 15 0 0 7 14 7 11 0 19 4 22 15 7 6 0 0 3 4 6 0 12 9 0 6 0 0 0 0 0 0 0 0 0 1 0 0 0 0 1 0 0 0 0 0 2 3 9 12 4 0 0 17 1 0 0 3 0 0 0 0 0 0 0 0 0 0 0 7 1 0 2 0 4 0 0 0 0 0 0 0 0 0 0 0 0 0 0 0 7 1 0 0 0 0 0 1 0 0 0 0 0 0 0 1 0 0 0 0 0 0 0 2 0 0 0 0 3 0 9 0 0 2 0 5 7 2 4 0 0 2 2 0 0 0 0 0 0 0 0 0 0 0 1 0 0 0 0 0 0 0 0 1 0 0 1 0 0 1 0 0 0 0 0 0 3 1 0 0 0 0 0 0 0 0 1 0 0 0 2 0 0 0 0 0 0 0 0 0 0 0 0 0 0 1 9 0 0 0 7 14 0 0 0 0 0 0 0 0 0 0 5 0 5 0 0 0 0 0 0 0 2 0 0 0
403 11 8 9 0 5 4 3 7 1 11 1 8 6 7 1 8 0 0 3 11 7 4 0 14 3 9 9 8 7 0 0 4 3 6 0 7 8 0 6 0 0 0 0 0 0 0 0 0 1 0 0 0 0 1 0 0 0 0 0 0 3 4 8 1 0 0 13 1 0 0 0 0 0 0 0 0 1 0 0 0 0 0 6 0 0 1 0 6 0 0 0 0 0 0 0 0 0 0 0 0 0 0 0 9 1 0 0 0 0 0 0 0 0 0 0 0 0 0 0 0 0 0 0 0 0 0 1 0 0 0 0 4 0 9 2 0 2 0 3 7 0 7 0 0 0 0 0 0 0 0 0 0 0 0 0 0 0 0 0 0 0 0 0 0 0 0 0 0 0 1 0 0 1 0 0 0 0 0 0 1 1 0 0 0 0 2 0 0 0 1 0 0 0 2 0 0 0 0 0 0 0 0 0 0 0 0 0 0 1 3 0 0 0 7 11 0 0 0 0 0 0 0 0 0 0 2 0 5 0 0 0 0 0 0 0 2 0 0 2
426 10 8 7 0 7 1 5 7 0 7 2 5 5 6 0 8 0 0 3 11 7 5 0 8 2 8 10 6 5 0 0 3 4 5 0 4 8 0 5 0 0 0 0 1 0 0 0 0 1 0 0 0 0 1 0 0 0 0 0 1 3 4 7 1 0 0 9 1 0 0 0 0 0 0 0 1 0 0 0 0 0 0 7 0 0 1 0 5 0 0 0 0 0 0 0 0 0 0 0 0 0 0 0 6 1 0 0 0 0 0 0 0 0 0 0 0 0 0 0 0 0 0 0 0 0 0 1 0 0 0 0 3 0 10 0 0 2 0 2 5 0 3 0 0 0 0 0 0 0 1 0 0 1 1 0 0 0 0 0 0 0 0 0 0 1 0 0 0 0 1 0 0 0 0 0 0 0 0 0 2 6 0 1 0 0 0 0 0 0 1 0 0 0 2 0 0 0 0 0 0 0 0 0 0 0 0 0 0 1 5 0 0 0 8 8 0 0 0 0 0 0 0 0 0 0 3 0 6 0 0 0 0 1 1 0 2 0 0 0
369 8 7 6 0 2 3 2 5 0 8 2 8 3 1 0 9 1 0 2 8 5 5 0 5 4 5 7 4 3 0 0 2 3 4 0 6 6 0 4 0 0 0 0 0 0 0 0 0 1 0 0 0 0 1 0 0 0 0 0 0 3 3 9 0 0 0 7 1 0 0 0 0 0 0 0 0 0 0 0 0 0 0 4 0 0 1 0 2 0 0 0 0 0 0 0 0 0 0 0 0 0 0 0 5 1 0 0 0 0 0 0 0 0 0 0 0 0 0 0 0 0 0 0 0 0 0 1 0 0 0 0 4 0 7 0 0 1 0 2 5 0 2 0 0 0 0 0 0 0 0 0 0 0 0 0 0 0 1 0 0 0 0 0 0 0 0 0 0 0 1 0 0 0 0 0 0 0 0 0 1 5 0 0 0 0 1 0 0 0 1 0 0 0 2 0 0 0 0 0 0 0 0 0 0 0 0 0 0 0 2 0 0 0 4 6 0 0 0 0 0 0 0 0 0 0 1 0 2 0 0 0 0 0 0 0 0 0 0 0
378 12 11 7 0 4 3 5 8 4 8 4 6 4 6 4 9 0 0 2 11 7 8 0 9 4 10 9 5 6 0 0 6 5 5 0 7 16 0 6 0 0 0 0 0 0 0 0 0 1 0 0 0 1 1 0 0 0 0 0 1 3 6 8 1 0 0 9 1 0 0 0 0 0 0 0 0 0 0 0 0 0 0 8 0 0 1 0 3 0 0 0 0 0 0 0 0 0 0 0 0 0 0 0 5 1 0 0 0 0 0 0 0 0 0 0 0 0 0 0 0 0 0 0 0 0 0 1 0 0 1 0 9 0 13 0 0 2 0 3 5 0 9 0 0 0 0 0 0 0 0 0 0 1 1 0 0 0 0 1 0 0 0 0 0 0 0 0 0 0 1 0 0 0 0 0 0 0 0 0 1 4 0 0 0 0 2 0 0 0 1 0 0 0 2 0 0 0 0 0 0 0 0 0 0 0 0 0 0 1 4 0 1 0 8 7 0 0 0 0 0 0 0 0 0 0 2 0 5 0 0 0 0 0 0 0 2 0 0 0
1753 13 18 12 6 23 6 9 12 4 9 3 9 6 9 0 12 0 0 3 18 5 10 4 23 2 14 17 10 7 0 0 14 7 7 1 8 18 0 20 0 0 0 0 0 0 0 0 0 0 0 0 2 0 0 0 0 0 0 0 2 2 3 10 12 0 1 13 0 0 0 2 1 0 0 0 0 0 0 0 0 0 0 9 0 0 1 0 18 0 1 0 0 0 0 0 0 0 0 0 0 0 0 0 22 1 0 0 0 0 0 0 1 7 0 1 0 0 0 0 0 0 0 0 0 0 0 0 1 0 0 0 28 0 38 0 1 0 0 7 6 0 14 0 0 0 0 0 1 0 0 0 0 0 0 0 0 0 2 0 0 1 0 0 0 2 0 0 0 0 1 0 0 1 0 0 0 0 0 0 2 3 0 0 2 0 3 0 0 0 0 0 0 0 0 0 0 0 0 0 0 1 0 0 0 0 1 1 0 1 6 0 0 0 5 12 0 0 0 0 0 0 0 0 0 0 6 1 1 0 0 0 1 0 0 0 1 0 1 0
961 11 6 16 4 18 5 9 8 13 9 9 9 5 11 2 4 0 0 2 15 1 4 1 14 2 9 10 2 3 0 0 8 13 10 0 7 17 0 14 0 0 0 0 0 0 0 0 0 0 0 0 0 0 0 0 0 0 0 0 2 2 4 5 11 0 0 9 0 1 0 0 0 0 0 0 0 0 0 0 0 0 0 0 0 0 0 0 12 0 0 0 0 0 0 0 0 0 0 0 0 0 0 0 12 0 0 0 0 0 0 0 0 5 0 0 0 0 0 0 0 0 0 0 0 0 0 0 0 1 0 0 21 0 29 0 0 0 0 3 4 1 11 0 0 0 0 0 1 1 0 0 0 0 1 0 0 0 1 0 0 0 0 0 0 0 0 0 0 0 1 0 0 2 1 1 0 0 0 0 0 9 0 0 0 0 2 0 0 0 0 0 0 0 0 0 0 0 0 0 4 0 0 0 0 0 0 0 0 4 3 0 0 0 8 13 0 0 0 0 0 0 0 0 0 0 5 0 1 0 1 0 0 1 0 2 1 0 0 0
871 12 3 1 1 24 2 11 9 13 10 7 12 1 14 1 1 1 0 3 17 1 0 0 12 0 6 6 1 0 0 0 9 9 9 0 3 10 0 16 0 0 0 0 0 0 0 0 0 0 0 0 1 0 0 0 0 0 0 0 0 0 2 2 8 0 0 9 0 0 0 0 1 0 0 0 0 0 0 0 0 0 0 0 0 0 0 0 12 0 0 0 0 0 0 0 0 0 0 0 0 0 0 0 16 0 0 0 0 0 0 0 0 6 0 0 0 0 0 0 0 0 0 0 0 0 0 0 0 0 0 0 24 0 28 0 0 0 0 0 5 0 9 0 0 0 0 0 0 0 0 0 0 0 0 0 0 0 1 0 0 0 0 0 0 0 1 0 0 1 2 1 0 1 0 0 0 1 0 0 0 7 0 0 0 0 0 0 0 0 0 0 0 0 0 0 0 0 0 0 0 0 0 0 0 0 1 0 0 0 1 0 0 0 8 10 0 0 0 0 0 0 0 0 0 0 5 0 1 0 0 0 0 0 0 0 0 0 0 0
1825 9 17 10 6 27 0 23 28 4 21 1 7 3 4 1 8 0 0 4 9 0 0 3 25 0 20 18 2 0 0 0 5 10 2 1 11 6 0 23 1 0 0 0 0 0 0 0 0 0 0 0 0 0 0 0 0 0 0 0 0 0 9 13 10 0 0 19 0 0 0 0 0 0 0 0 0 0 0 0 0 0 0 0 0 0 4 0 11 0 0 0 1 0 0 0 0 0 0 0 0 0 0 0 11 0 0 0 0 0 0 0 2 2 2 0 0 0 0 0 0 0 0 0 1 0 0 0 0 0 1 0 16 0 25 0 0 0 0 0 20 3 9 1 0 1 2 0 0 0 3 0 0 0 0 0 2 1 2 0 0 0 0 0 0 0 2 2 0 0 1 1 0 1 0 0 0 0 0 0 2 2 0 0 0 0 0 0 0 0 0 0 0 0 0 0 1 0 0 0 0 0 0 0 0 0 0 0 0 0 1 0 0 0 8 17 0 0 0 0 0 0 0 0 0 0 4 0 3 0 0 2 0 0 0 0 0 0 0 0
375 13 7 6 0 20 4 15 16 7 11 4 4 0 3 4 3 0 0 2 6 3 4 0 7 1 11 6 3 1 0 0 7 10 2 0 7 8 0 9 0 0 0 0 0 0 0 0 0 0 0 0 0 1 0 0 0 0 0 0 0 0 7 8 7 0 0 3 0 0 0 0 0 0 0 0 0 0 0 0 0 0 0 3 0 0 0 0 7 0 0 0 1 0 0 0 0 0 0 0 0 0 0 0 9 0 0 0 0 0 0 0 0 1 1 0 0 0 0 0 0 0 0 0 0 0 0 0 0 0 0 0 21 0 20 0 0 0 0 0 9 1 13 0 0 0 0 0 0 0 0 0 0 1 0 0 1 0 0 0 0 0 0 0 0 0 1 1 0 0 1 0 0 1 0 0 0 0 0 0 0 6 0 0 0 0 1 0 0 0 0 0 0 0 0 0 0 0 0 0 0 0 0 0 0 0 0 0 0 0 3 0 1 0 7 7 0 0 0 0 0 0 0 0 0 0 2 0 1 0 0 1 0 0 0 0 0 0 0 0
216 8 3 6 0 15 0 13 11 5 9 4 6 1 2 6 2 0 0 5 6 0 2 0 3 0 6 3 2 1 0 0 4 6 4 0 4 8 0 9 0 0 0 0 0 0 0 0 0 0 0 0 0 0 0 0 0 0 0 0 0 0 3 7 6 0 0 3 0 0 0 0 0 0 0 0 0 0 0 0 0 0 0 0 0 0 0 0 6 0 0 0 1 0 0 0 0 0 0 0 0 0 0 0 9 0 0 0 0 0 0 0 0 0 1 0 0 0 0 0 0 0 0 1 0 0 0 0 0 0 0 0 12 0 19 0 0 0 0 1 7 0 10 0 0 0 0 0 3 0 0 0 0 0 0 0 0 1 0 0 0 1 0 0 0 0 0 1 0 0 0 0 0 0 0 0 1 0 0 0 1 3 0 0 0 0 2 0 0 0 0 0 0 0 0 0 0 0 0 0 0 0 0 0 0 0 0 0 0 0 0 0 0 0 5 7 0 0 0 0 0 0 0 0 1 0 2 1 0 0 0 1 0 0 0 0 0 0 0 0
215 6 4 5 0 15 4 12 11 4 8 3 4 0 6 4 4 0 0 2 7 2 3 0 6 0 5 3 2 0 0 0 4 3 3 0 5 4 0 8 0 0 0 0 0 0 0 0 0 0 0 0 0 0 0 0 1 0 0 0 0 0 4 6 6 0 0 3 0 0 0 0 0 0 0 0 0 0 0 1 0 0 0 0 0 0 0 0 7 0 0 0 1 0 0 0 0 0 0 0 0 0 0 0 12 0 0 0 0 0 0 0 0 0 1 0 1 0 0 0 0 0 0 0 0 0 0 0 0 2 0 0 11 0 18 0 0 0 0 2 7 0 9 0 0 0 0 0 0 0 0 0 0 1 0 0 0 0 1 0 0 0 0 0 0 0 0 1 0 1 0 0 0 0 0 2 0 0 0 0 1 3 0 0 1 0 3 0 0 0 0 0 0 0 0 0 0 0 0 0 0 0 0 0 0 0 0 0 0 0 0 0 0 0 6 9 0 0 0 0 0 0 0 0 0 0 1 0 0 0 0 1 0 0 0 0 0 1 0 0
323 6 3 7 0 15 2 13 13 6 9 4 6 0 9 6 4 0 0 3 5 1 0 0 9 0 6 4 1 1 0 0 7 10 8 0 6 4 0 7 0 0 0 0 0 0 0 0 0 0 0 0 0 0 0 0 0 0 0 0 0 0 4 7 6 0 0 8 0 0 0 0 0 0 0 0 0 0 0 0 0 0 0 0 0 0 0 0 6 0 0 0 2 0 0 0 0 0 0 0 0 0 0 0 11 1 0 0 0 0 0 0 0 0 1 0 0 0 0 0 0 0 0 0 0 0 0 0 0 0 1 0 11 0 16 1 0 0 0 1 9 0 6 0 0 0 0 0 0 0 0 0 0 0 0 0 0 0 1 0 2 0 0 0 0 0 0 2 0 0 0 0 0 0 0 0 0 1 0 0 0 4 0 0 0 0 0 0 0 0 0 0 0 0 0 0 0 1 0 0 0 0 0 0 0 0 0 0 0 0 1 0 0 0 10 7 0 0 0 0 0 0 0 0 0 0 2 0 0 0 0 1 0 0 0 0 0 0 0 0
388 5 5 5 0 15 0 11 11 8 8 1 4 1 0 1 6 0 0 1 4 0 1 0 9 2 10 5 4 2 0 0 4 6 1 0 4 1 0 7 0 0 0 0 0 0 0 1 0 0 0 0 0 0 0 0 0 0 0 0 1 0 5 6 9 0 0 5 0 1 0 0 0 0 0 0 0 0 0 0 0 0 0 0 0 0 0 0 6 0 0 0 1 0 0 0 0 0 0 0 0 0 0 0 7 0 0 0 0 0 0 0 0 0 1 1 0 0 0 0 0 0 0 0 0 0 0 0 0 0 2 0 7 0 14 0 0 0 0 2 7 0 5 0 0 0 0 0 0 0 2 0 0 0 1 1 0 0 1 0 0 0 1 0 0 1 0 1 1 0 0 0 0 1 0 1 0 0 0 0 0 4 0 0 0 0 0 0 0 0 0 0 0 0 0 0 0 0 0 0 0 0 0 0 0 1 0 0 0 0 1 0 0 0 5 10 0 0 0 0 0 0 0 0 0 0 3 0 0 0 0 1 1 0 0 0 0 0 0 0
1087 13 7 3 3 27 0 13 8 5 4 9 6 0 8 2 1 0 0 1 9 2 2 1 11 0 4 13 3 2 0 0 13 12 11 0 4 13 0 8 0 0 0 1 0 0 0 0 0 0 0 0 0 0 0 0 0 0 0 0 1 0 3 5 7 0 0 4 0 0 0 0 0 0 0 0 1 0 0 0 0 0 0 1 0 0 0 0 4 0 0 0 0 0 0 0 0 0 0 0 0 0 0 0 12 0 0 0 0 0 0 0 0 1 0 0 0 0 0 0 0 0 0 0 0 0 0 0 0 0 0 0 14 0 30 0 0 0 0 4 10 0 8 0 0 0 0 0 0 0 0 0 0 0 1 1 0 0 1 0 0 0 0 0 0 0 1 1 0 0 1 0 0 2 0 0 0 0 0 0 0 6 0 0 0 0 1 0 0 0 0 0 1 0 0 0 0 0 0 0 0 0 0 0 0 0 1 1 0 0 4 0 0 0 10 4 0 0 0 0 0 0 0 0 0 0 4 0 1 0 0 0 0 0 0 0 0 0 0 0
334 6 5 1 0 12 0 4 4 3 3 2 3 2 1 1 2 0 0 0 3 2 1 0 2 0 1 5 3 1 0 0 3 3 2 0 0 8 0 4 0 0 1 0 0 0 0 0 0 0 0 0 0 0 0 0 0 0 0 0 3 0 2 1 4 0 0 2 0 0 0 0 0 0 0 0 0 0 0 0 0 0 1 4 0 0 0 0 3 0 0 0 0 0 0 0 0 0 0 0 0 0 0 0 10 0 0 0 0 0 0 0 0 0 0 0 0 0 0 0 0 0 0 0 0 0 0 0 0 0 1 0 7 0 18 0 0 0 0 2 4 1 6 0 0 0 0 0 0 0 0 0 0 0 1 1 0 0 0 0 0 0 0 0 0 0 0 1 0 0 2 0 0 1 0 1 0 0 0 0 0 0 0 0 0 0 0 0 0 0 0 0 0 0 0 1 0 0 0 0 0 0 0 0 0 0 0 1 0 0 2 0 0 0 5 2 0 0 0 0 0 0 0 0 0 0 1 1 1 0 0 1 0 0 0 0 0 0 0 0
538 5 6 2 6 13 0 4 6 3 7 4 5 0 3 4 2 0 0 3 2 0 2 1 9 0 3 6 1 0 0 0 5 5 2 0 3 5 0 4 1 0 0 0 0 0 0 1 0 1 0 0 1 0 0 0 0 0 0 0 0 0 2 4 4 0 0 2 0 0 0 0 0 0 0 0 0 0 0 0 0 0 0 0 0 0 0 0 3 0 0 0 0 0 0 0 1 0 0 0 0 0 0 0 14 0 0 0 0 0 0 0 0 0 0 0 0 0 1 0 0 0 0 0 0 0 0 0 0 0 0 0 8 0 17 0 0 0 0 3 4 0 7 0 1 1 1 0 0 1 0 0 0 1 1 1 0 0 1 0 0 0 0 0 0 1 0 1 1 0 0 0 0 1 0 0 0 0 0 0 0 0 0 0 0 0 2 0 0 0 0 0 0 0 0 0 0 0 0 0 0 0 0 1 0 0 1 0 0 0 2 0 1 0 8 2 0 0 0 0 0 0 0 0 0 0 3 0 0 1 0 0 0 0 0 1 1 0 1 1
798 5 3 1 1 22 4 11 8 3 3 6 4 4 2 0 2 0 1 0 5 1 3 0 12 4 6 6 8 9 0 1 6 12 4 0 7 3 0 7 0 0 0 0 0 0 0 0 0 0 0 0 0 0 1 0 0 0 0 0 1 0 1 4 5 0 0 2 0 1 0 0 1 0 0 0 0 0 0 0 0 0 0 4 0 0 0 0 3 0 0 0 0 0 0 0 1 0 0 0 0 0 5 0 5 0 0 1 0 0 0 0 0 1 0 0 0 0 0 0 0 0 0 0 0 0 0 0 0 0 3 0 12 0 23 0 0 0 0 3 7 0 4 0 0 0 0 0 0 0 0 0 0 0 3 0 0 0 1 0 0 0 0 0 0 0 1 1 0 0 5 0 0 1 0 1 0 0 0 1 6 7 0 0 4 1 1 1 0 0 1 0 0 0 0 0 0 0 0 0 1 0 0 0 0 0 0 0 0 0 2 0 0 0 7 3 0 0 0 0 0 0 0 0 0 0 3 0 12 0 0 1 1 0 0 0 0 0 0 0
2011 1 9 11 6 18 3 8 6 5 10 0 2 1 5 1 18 0 0 2 0 3 2 3 24 0 17 15 10 3 0 0 8 5 3 1 9 10 0 6 1 0 0 0 0 0 0 0 0 0 0 0 1 0 0 0 0 0 0 0 0 0 3 7 1 0 0 7 0 0 0 0 0 0 0 0 0 1 1 0 0 0 0 4 0 0 1 0 2 0 0 0 0 0 0 1 0 0 2 0 0 0 0 0 3 0 0 0 0 0 0 0 0 0 0 0 0 0 0 0 0 0 0 0 0 0 0 0 0 0 2 0 4 0 4 0 0 0 0 2 2 2 10 0 0 1 1 0 0 1 0 0 0 1 2 2 0 0 2 0 0 0 0 0 2 0 0 0 0 0 1 0 0 1 0 1 0 2 0 0 2 7 0 0 0 0 0 0 0 0 0 0 0 0 1 0 0 0 0 0 0 0 0 0 0 0 0 0 0 0 5 0 0 0 2 9 0 0 0 0 0 0 0 0 0 0 8 0 1 0 1 0 0 0 1 0 0 0 0 1
506 4 1 5 0 9 1 6 3 4 9 0 3 1 3 1 7 0 0 0 5 3 2 0 8 0 10 4 6 3 0 0 7 5 1 0 2 11 0 7 0 0 0 0 0 0 0 0 0 0 0 0 1 0 0 0 0 0 0 0 1 0 1 2 3 0 0 4 0 0 0 0 0 0 0 0 0 1 0 0 0 0 0 2 0 0 0 0 6 0 0 0 0 0 0 0 0 0 0 0 0 0 0 0 7 0 0 0 0 0 0 0 0 0 0 0 0 0 0 0 0 0 0 0 0 0 0 0 0 0 3 0 5 0 7 0 0 0 0 2 1 1 7 0 1 0 1 0 0 0 0 0 0 0 1 1 0 0 0 0 0 0 0 0 2 0 0 0 0 0 1 0 0 0 0 0 0 2 0 0 0 4 0 0 0 0 1 0 0 0 0 0 1 0 1 0 0 0 0 0 1 0 0 0 0 0 0 0 0 0 3 0 0 0 1 7 0 0 0 0 0 0 0 0 0 0 4 0 1 0 0 0 0 0 1 0 0 0 0 1
698 6 7 7 2 15 3 10 3 8 8 5 4 8 3 1 12 0 0 2 4 9 5 0 16 2 11 11 6 5 2 0 8 7 3 0 8 14 0 13 1 0 0 0 0 0 0 0 1 0 0 0 0 0 0 0 0 0 0 0 0 0 6 13 3 0 0 5 0 0 0 0 2 0 0 0 0 0 0 0 0 0 0 9 0 0 0 0 5 0 0 0 0 0 0 0 0 0 1 0 0 0 0 0 10 0 0 0 0 0 1 2 0 0 0 0 0 0 2 0 1 0 0 0 0 0 0 0 0 0 3 0 4 0 7 0 0 1 0 4 6 1 10 0 0 0 0 0 0 0 0 0 1 1 1 0 1 0 1 0 0 1 0 0 1 1 0 0 0 0 2 0 0 3 0 0 0 1 0 0 4 10 0 0 1 1 1 0 0 0 0 0 0 0 0 1 0 0 0 0 0 0 0 0 0 1 0 0 0 0 4 0 0 0 5 6 0 0 0 0 0 0 0 0 1 0 5 0 1 0 0 0 0 0 0 0 1 0 0 0
92 6 4 4 1 9 1 4 1 3 3 1 0 4 2 2 5 0 0 0 1 2 0 0 3 2 6 0 3 1 2 0 2 4 4 0 4 7 0 5 1 0 0 0 0 0 0 0 0 0 0 0 0 0 0 0 0 0 0 0 0 0 2 7 1 0 0 3 0 0 0 0 0 0 0 0 0 0 0 0 0 0 0 7 0 0 0 0 2 0 0 0 0 0 0 0 0 0 0 0 0 0 0 0 6 0 0 0 0 0 1 2 0 0 0 0 0 0 1 0 1 0 0 0 0 0 0 0 0 0 2 0 6 0 8 0 0 1 0 1 2 1 3 0 0 1 0 0 0 0 1 0 1 0 1 0 0 0 1 0 0 1 0 0 0 2 0 0 2 0 1 0 0 1 0 0 0 1 0 0 2 6 0 0 1 1 0 0 0 0 1 0 0 0 0 1 0 0 0 0 0 0 0 0 0 2 0 0 0 0 5 0 0 0 4 0 0 0 0 0 0 0 0 0 1 0 3 0 0 0 0 0 0 0 0 0 0 0 0 0
705 1 5 12 0 8 9 7 1 6 6 2 0 15 4 1 14 0 2 0 0 19 8 1 18 2 11 9 16 4 0 0 9 7 3 0 10 5 0 2 1 0 0 0 0 0 0 0 0 0 0 0 0 0 0 0 0 0 0 0 3 1 5 4 0 0 0 3 0 2 0 0 0 0 0 1 0 0 1 0 0 0 0 7 0 0 0 0 1 0 0 0 0 0 0 0 0 0 1 0 0 0 1 1 4 0 0 0 0 0 0 0 0 0 0 1 0 0 0 0 0 0 0 0 0 0 0 0 0 0 5 0 3 0 3 0 0 0 0 12 0 1 7 0 0 0 0 0 0 0 0 0 0 2 5 0 0 0 3 0 0 0 0 0 0 3 0 0 0 0 1 0 0 1 0 2 0 0 0 1 1 7 0 0 4 0 0 0 0 0 0 1 0 0 0 0 0 0 0 0 0 0 0 0 0 0 0 0 0 0 17 0 0 0 3 3 0 0 0 0 1 0 0 0 0 0 11 0 1 0 1 0 1 0 4 0 3 0 0 0
2216 9 9 5 6 6 3 4 1 4 9 3 12 3 9 2 7 0 0 2 6 1 3 3 20 3 6 12 2 5 0 0 3 7 10 1 8 16 0 6 0 0 0 0 0 0 0 0 0 1 0 0 0 0 0 0 0 0 0 0 2 0 2 8 2 0 0 3 0 0 0 1 1 0 0 0 0 0 0 1 0 0 0 1 0 0 2 0 3 0 0 0 0 0 0 0 0 0 0 0 0 0 0 0 7 0 0 0 0 0 0 0 2 0 1 0 0 0 0 0 0 0 0 0 0 0 0 0 0 1 0 0 5 0 8 0 0 0 0 1 4 0 4 0 0 3 0 0 0 1 0 0 0 0 0 1 0 0 2 0 0 0 0 0 0 0 0 0 0 0 3 1 0 1 0 0 1 0 0 1 1 4 0 0 0 0 2 0 0 0 0 0 0 0 0 0 0 0 0 1 0 0 0 0 0 0 0 0 0 0 2 0 0 0 5 2 0 0 0 0 0 0 0 0 0 0 4 0 1 0 0 1 0 0 0 1 0 0 0 0
441 5 4 4 0 0 1 3 0 3 3 1 4 2 6 2 4 0 0 1 3 2 1 0 7 1 5 3 0 4 0 0 1 5 5 0 0 8 0 4 0 0 0 0 0 0 0 0 0 0 0 0 1 0 0 0 0 0 0 0 1 0 1 5 3 0 0 1 0 0 0 1 1 0 0 0 0 0 0 1 0 0 0 2 0 0 2 0 1 0 0 0 0 0 0 0 0 0 1 0 0 0 0 0 4 0 0 0 0 0 0 0 0 0 1 0 0 0 0 0 0 0 0 0 0 0 0 0 0 1 0 0 3 0 5 0 0 0 0 2 0 0 2 0 0 1 0 0 0 0 0 0 0 1 0 1 0 0 1 0 0 0 0 0 0 0 0 0 0 0 0 0 0 1 0 0 1 0 0 0 1 2 0 0 0 0 1 1 0 0 1 0 0 0 1 0 0 0 0 0 0 0 0 0 0 0 0 0 0 0 2 0 0 0 6 0 0 0 0 0 0 0 0 0 0 0 2 0 0 0 0 1 1 0 0 1 0 0 0 0
669 8 9 9 3 5 2 3 3 2 6 4 6 3 5 1 12 0 0 4 4 5 7 0 22 2 14 9 3 6 0 1 2 6 3 0 5 10 0 9 2 0 0 0 0 0 0 0 0 0 0 0 0 1 1 0 0 0 0 0 1 0 9 13 4 0 0 4 0 0 0 0 1 0 0 0 0 0 1 1 0 0 0 3 0 0 2 0 3 0 1 0 0 0 0 0 0 0 2 0 0 0 0 0 9 0 0 0 0 0 0 1 2 0 1 0 0 0 0 0 0 0 0 0 0 0 0 0 0 1 1 0 8 0 7 0 0 0 0 6 2 0 6 0 1 2 1 1 0 0 0 0 0 4 0 2 0 2 1 0 1 0 0 0 1 0 0 0 0 0 2 2 0 2 0 0 1 0 0 2 1 5 0 0 0 0 2 0 0 0 0 0 0 0 0 0 0 0 0 0 0 0 0 0 0 0 1 0 0 0 10 0 1 0 4 0 0 0 0 0 0 0 0 0 0 0 5 1 1 0 0 1 1 0 1 1 0 0 0 0
273 5 6 7 1 6 2 4 0 3 4 2 4 2 3 1 5 0 0 2 2 4 5 0 8 2 7 5 2 5 0 1 4 1 2 0 1 8 0 6 0 0 0 0 0 0 0 0 0 0 0 0 0 0 1 0 0 0 0 0 1 0 4 7 1 0 0 5 0 0 0 0 1 0 0 0 0 1 1 1 0 0 0 2 0 0 2 0 2 0 0 0 0 0 0 0 0 0 0 0 0 0 0 0 8 0 0 0 0 0 0 0 0 0 1 0 0 0 0 0 0 0 0 0 0 0 0 0 0 1 1 0 4 0 6 0 0 0 0 3 1 0 4 0 1 1 0 0 1 0 0 0 0 3 0 3 0 0 0 0 1 0 0 0 0 0 1 0 0 0 0 0 0 0 0 0 1 0 0 0 1 4 0 0 0 0 2 0 0 0 0 0 0 0 0 0 0 0 0 0 0 0 0 0 0 0 0 0 0 0 6 0 0 0 4 0 0 0 0 0 0 0 0 0 0 0 2 1 0 0 0 1 1 0 1 0 0 0 0 0
648 6 5 5 0 8 2 8 1 3 5 3 8 2 6 3 11 0 0 2 4 1 2 0 7 3 4 4 1 5 0 0 4 4 5 0 2 9 0 6 0 0 0 0 0 0 0 0 0 0 0 0 0 0 0 0 0 0 0 1 1 0 2 6 2 0 0 2 0 0 0 0 1 0 0 0 0 0 1 1 0 0 0 1 0 0 2 0 2 0 0 0 0 0 0 0 0 0 0 0 0 0 0 0 6 0 0 0 0 0 0 0 0 0 1 0 0 0 0 0 0 0 0 0 0 0 0 0 0 1 0 0 5 0 5 0 0 0 0 1 1 0 4 0 0 2 0 0 0 0 0 0 0 0 0 1 0 0 0 0 0 0 0 0 0 0 0 0 0 0 1 1 0 1 0 0 1 0 0 2 1 4 0 0 0 0 1 0 0 0 0 0 0 0 0 0 0 0 0 0 0 0 0 0 0 0 0 0 0 0 2 0 0 0 5 0 0 0 0 0 0 0 0 0 0 0 3 0 2 0 0 2 0 0 0 1 0 0 0 1
473 6 6 3 0 6 2 6 0 3 5 4 6 2 12 1 7 0 1 3 5 2 2 0 6 2 5 2 4 6 0 0 4 4 9 0 2 7 0 4 0 0 0 0 0 0 0 1 0 1 0 0 0 0 0 0 0 0 0 0 2 0 3 7 2 0 0 2 0 0 0 1 1 0 0 0 0 0 1 1 0 0 0 1 0 0 2 0 2 0 0 0 0 0 0 0 0 0 0 0 0 0 0 0 6 0 0 0 0 0 0 0 0 0 1 0 0 0 0 0 0 0 0 0 0 0 0 0 0 1 0 0 5 0 7 0 0 0 0 3 1 0 6 0 0 1 0 0 0 0 0 0 0 1 1 1 0 0 0 0 0 0 0 0 0 0 0 0 0 0 1 0 0 0 0 1 1 0 0 2 1 2 0 0 0 0 1 0 0 0 0 1 0 0 0 0 0 0 0 0 0 1 0 0 0 0 0 0 0 0 2 0 0 0 3 0 0 0 0 0 0 0 0 0 1 0 1 0 1 0 0 1 1 0 0 1 0 0 0 0
817 9 11 10 1 3 3 4 0 3 10 4 7 9 9 1 11 0 0 7 5 2 6 0 25 1 16 7 3 10 0 0 3 6 10 0 9 8 0 10 0 0 0 0 0 0 0 0 0 0 0 0 0 0 0 0 0 0 0 0 0 1 11 15 5 0 0 3 0 0 0 0 1 0 0 0 0 0 0 0 0 0 0 8 0 0 2 0 5 0 0 0 0 0 0 0 0 0 1 0 0 0 0 0 9 0 0 0 0 0 0 0 0 0 1 0 0 0 0 0 0 0 0 0 0 0 0 0 0 1 0 0 6 0 7 0 0 0 0 3 6 1 2 0 1 3 0 0 0 0 0 0 0 0 0 0 0 0 1 0 1 0 0 0 0 0 0 0 0 0 1 1 0 6 0 0 0 0 0 0 1 5 0 0 0 0 2 0 0 0 0 0 0 0 0 0 0 0 0 0 0 0 0 0 0 0 0 0 0 0 4 0 0 0 6 4 0 0 1 2 0 0 0 0 0 0 4 1 2 0 1 0 0 0 0 1 0 0 0 0
527 4 8 7 0 5 2 5 1 2 5 5 7 9 5 3 11 1 0 4 4 3 8 0 14 3 11 8 7 10 0 0 4 6 6 0 6 7 0 5 0 0 0 0 0 0 0 0 0 0 0 0 0 0 0 0 0 0 0 0 2 0 8 8 3 0 0 2 0 0 0 0 1 0 0 0 0 0 0 0 0 0 0 6 0 0 2 0 5 0 0 0 0 0 0 0 0 0 1 0 0 0 0 0 5 0 0 0 0 0 0 0 0 0 1 0 0 0 0 0 0 0 0 0 0 0 0 0 0 1 1 0 4 0 8 0 0 0 0 4 3 0 1 0 0 2 0 0 0 0 0 0 0 1 3 4 0 0 0 0 0 1 0 0 0 0 0 0 1 0 1 1 0 4 0 1 0 0 0 0 2 7 0 0 1 0 2 0 0 0 0 0 1 0 0 0 0 0 0 0 0 0 0 0 0 0 0 0 0 0 8 0 0 0 7 1 0 0 0 0 1 0 0 0 0 0 5 1 1 0 0 0 0 0 1 1 1 0 1 1
1745 4 26 19 7 8 11 9 2 3 10 2 1 11 8 8 26 2 0 4 3 14 13 3 37 1 26 25 15 11 0 1 4 7 13 2 21 2 0 4 3 0 0 0 0 0 0 0 0 0 0 0 0 0 1 0 0 0 0 0 5 0 12 22 7 0 0 3 0 0 0 0 0 0 0 0 0 2 2 0 0 0 0 20 0 0 2 0 8 0 0 0 0 0 1 0 0 0 0 0 0 0 0 1 9 0 0 0 0 0 1 2 0 0 0 0 0 0 0 0 0 0 0 0 0 0 0 0 1 0 0 0 8 0 7 0 0 0 0 11 4 1 8 0 1 0 0 0 0 0 1 0 0 3 3 2 0 1 2 1 0 0 0 0 0 0 0 0 3 0 1 0 0 1 0 1 0 2 0 2 0 12 0 0 3 0 5 0 0 0 1 0 0 0 0 0 1 0 0 0 2 1 0 0 0 0 1 1 0 0 14 0 0 0 9 7 0 0 0 1 0 0 0 0 0 0 9 1 2 0 0 0 2 0 2 1 3 0 0 1
215 4 11 9 0 7 4 4 1 0 6 2 1 6 4 6 13 0 0 3 7 7 6 0 9 0 9 3 8 3 0 0 4 3 7 0 5 3 0 2 0 0 0 0 0 0 0 0 0 0 0 0 0 0 0 0 0 0 0 0 3 0 4 10 4 0 0 3 0 0 0 0 0 0 0 0 0 1 0 0 0 0 0 11 0 0 1 0 3 0 0 0 0 0 1 0 0 0 1 0 0 0 0 0 4 0 0 0 0 1 0 0 0 0 0 0 0 0 0 0 0 0 0 0 1 0 0 0 1 0 0 0 3 0 5 0 0 0 0 4 3 1 1 0 1 0 0 0 0 0 0 0 0 0 2 1 0 0 0 1 0 0 0 0 1 1 0 1 1 0 0 0 0 0 0 1 0 1 0 0 0 11 0 0 2 0 2 0 0 0 1 0 0 0 0 0 0 0 0 1 0 0 0 0 0 0 0 0 0 0 6 0 0 0 4 3 0 0 0 1 0 0 0 0 0 0 3 1 0 0 0 0 0 0 1 1 0 0 0 0
362 3 10 4 1 6 6 2 1 1 8 0 0 4 4 6 9 0 0 1 2 4 4 0 10 0 7 3 6 3 0 0 3 1 7 0 6 1 0 2 0 0 0 0 0 0 0 0 0 0 0 0 0 0 0 0 0 0 0 0 2 0 4 7 2 0 0 1 0 0 0 0 0 0 0 0 0 1 0 0 0 0 0 9 0 0 0 0 3 0 0 0 0 0 0 0 0 0 0 0 0 0 0 0 3 0 0 0 0 0 0 0 0 0 0 0 0 0 0 0 0 0 0 0 0 0 0 0 0 0 0 0 3 0 4 0 0 0 0 3 3 0 3 0 1 0 0 0 0 0 0 0 0 0 2 1 0 0 1 1 0 0 0 0 0 0 0 0 1 0 0 0 0 1 0 1 0 1 0 0 0 5 0 0 2 1 1 0 0 0 1 0 0 0 0 0 0 0 0 0 0 0 0 0 0 0 0 0 0 0 3 0 0 0 3 2 0 0 0 1 0 0 0 0 0 0 6 0 0 0 0 0 0 0 1 1 0 0 0 0
1848 5 14 12 6 16 3 9 1 9 5 17 11 5 17 3 10 0 1 4 4 3 6 3 28 5 12 21 6 4 0 0 12 19 10 2 12 7 0 2 0 0 0 0 0 0 2 0 1 2 1 0 0 0 0 0 0 0 0 1 2 0 5 16 3 0 0 3 0 0 1 0 1 0 0 0 0 0 0 0 0 0 0 3 0 0 1 1 2 0 0 2 0 0 0 0 0 0 0 0 0 1 0 1 15 0 0 0 0 0 0 0 0 2 0 0 0 0 0 0 0 0 0 0 0 1 0 1 0 0 1 0 4 0 10 0 3 0 0 8 0 0 9 1 0 2 1 0 0 1 1 1 0 0 3 1 0 0 2 1 1 1 0 0 0 1 1 0 0 2 3 0 0 3 0 0 0 0 0 0 2 9 0 1 0 1 5 0 2 0 0 1 0 0 0 2 0 0 0 0 0 0 1 0 0 0 0 1 1 3 3 0 0 0 13 3 0 0 1 0 1 0 0 0 0 0 5 0 3 1 3 1 0 3 2 2 1 0 0 0
1916 25 11 13 6 13 5 6 6 9 8 10 6 4 9 0 11 2 0 3 7 3 11 3 24 2 16 18 5 6 0 0 7 5 4 1 8 5 0 8 0 0 0 0 0 0 0 0 0 0 0 0 0 0 0 0 0 0 0 0 1 1 2 7 4 0 0 9 0 0 0 0 0 0 0 0 0 0 0 0 0 1 0 8 0 0 0 0 2 0 0 0 0 0 0 0 0 0 0 0 0 0 0 0 5 0 0 0 0 0 0 0 1 0 0 0 0 0 0 0 0 0 0 0 0 0 0 0 0 0 0 0 9 0 13 0 0 0 0 8 4 3 6 0 0 2 1 1 0 0 0 0 0 0 4 0 1 0 3 0 0 0 0 0 0 0 0 0 0 0 2 0 0 2 0 0 0 0 0 0 4 13 0 0 1 0 4 0 0 0 0 0 0 0 0 0 0 0 0 0 0 0 0 0 0 0 0 0 0 1 5 0 1 0 9 4 0 0 0 1 0 0 0 0 0 0 6 0 3 0 0 0 0 0 0 0 2 0 2 0
247 13 7 11 0 9 5 5 3 10 4 5 5 4 5 2 8 1 0 2 5 4 9 0 10 6 13 8 9 7 0 0 5 2 4 0 3 5 0 6 0 0 0 0 0 0 0 0 0 0 0 0 0 0 1 0 0 0 0 0 1 1 2 6 2 0 0 7 0 0 0 0 0 1 0 0 0 0 0 0 0 1 0 6 0 0 0 0 0 0 0 0 0 0 0 0 0 0 0 0 0 0 0 0 5 0 0 0 0 0 0 1 0 0 0 0 0 0 0 0 0 0 0 0 0 0 0 0 0 0 3 0 9 0 10 0 0 0 0 7 3 2 3 0 0 1 1 1 0 0 0 0 0 0 2 0 1 0 1 0 0 0 0 0 0 0 0 0 0 0 0 0 0 0 0 0 0 0 0 0 3 11 0 0 1 0 2 0 0 0 1 0 0 0 0 0 0 0 0 0 0 0 0 0 0 0 0 0 0 1 6 0 0 0 4 6 0 0 0 1 0 0 0 0 0 0 2 0 0 0 0 0 1 0 0 0 1 0 1 0
475 14 9 10 0 6 5 4 3 7 3 6 7 6 8 2 7 1 0 3 4 4 9 0 16 1 11 12 7 5 0 0 5 7 4 0 5 2 0 6 0 0 0 0 0 0 0 0 0 1 0 0 0 0 0 0 0 0 0 0 1 2 2 10 5 0 0 7 0 0 0 1 0 0 0 0 0 1 0 0 0 1 0 8 0 0 0 0 1 0 0 0 0 0 1 0 0 0 1 0 0 0 0 0 6 0 0 0 0 0 0 2 0 0 0 0 0 0 0 0 0 0 0 0 0 0 0 0 0 0 0 0 10 0 10 0 0 0 0 7 3 2 5 0 0 1 1 1 0 0 0 0 0 0 2 0 1 0 3 0 0 0 0 0 0 0 0 0 0 0 1 0 0 1 0 0 0 0 0 0 3 11 0 0 2 0 3 0 0 0 0 0 1 0 1 1 1 0 0 0 0 0 0 0 0 0 0 0 0 1 6 0 0 0 9 5 0 0 0 1 0 0 0 1 0 0 8 1 3 0 0 0 0 0 0 0 1 0 1 0
75 13 9 7 0 6 5 3 1 7 1 5 7 6 9 3 4 0 0 2 3 5 6 0 3 1 7 7 6 3 0 0 5 5 3 0 2 3 0 2 0 0 0 0 0 0 0 0 0 1 0 0 0 0 0 0 0 0 0 0 2 2 1 5 2 0 0 4 0 0 0 0 0 0 0 0 0 0 0 0 0 0 0 3 0 0 0 0 0 0 0 0 0 0 0 0 0 0 0 0 0 0 0 0 5 0 0 0 0 0 0 0 0 0 0 0 0 0 0 0 0 0 0 0 0 0 0 0 0 1 0 0 6 0 7 1 0 0 0 4 1 1 4 0 0 0 1 1 0 0 0 0 0 1 2 1 1 0 0 0 0 0 0 0 0 0 1 0 0 0 0 0 0 1 0 0 0 0 0 1 2 11 0 0 2 0 3 0 0 0 0 0 0 0 2 0 0 0 0 0 0 0 0 0 0 0 0 0 0 1 7 0 0 0 5 3 0 0 0 1 0 0 0 0 0 0 1 0 1 0 0 0 0 0 0 0 0 0 1 0
58 4 8 5 0 5 6 3 1 4 0 2 2 5 6 6 3 0 0 0 1 2 2 0 4 0 4 7 3 1 0 0 4 3 3 0 2 1 0 2 0 0 0 0 0 0 0 0 0 1 0 0 0 0 0 0 0 0 0 0 2 1 1 1 2 0 0 0 0 0 0 0 0 0 0 0 0 0 0 0 0 0 0 3 0 0 0 0 0 0 0 0 0 0 0 0 0 0 0 0 0 0 0 0 4 0 0 0 0 0 0 0 0 0 0 0 0 0 0 0 0 0 0 0 0 0 0 0 0 0 0 0 4 0 4 0 0 0 0 2 1 1 7 0 0 0 1 0 0 0 0 0 0 0 2 0 0 0 0 0 0 0 0 0 0 0 0 0 0 0 0 0 0 0 0 0 0 0 0 1 2 5 0 0 2 0 2 0 0 0 0 0 0 0 1 0 0 0 0 0 0 0 0 0 0 0 0 0 0 0 4 0 0 0 5 0 0 0 0 0 0 0 0 0 0 0 1 0 1 0 0 0 0 0 1 0 0 0 1 0
267 9 7 11 0 7 4 4 4 3 4 4 5 3 5 2 3 1 0 3 4 3 5 0 12 2 6 8 6 5 0 0 1 3 4 0 4 3 0 6 0 0 0 0 0 0 0 0 0 1 0 0 0 0 0 0 0 0 0 0 2 2 1 9 2 0 0 6 0 0 0 0 0 0 0 0 0 0 1 0 0 1 0 4 0 0 0 0 4 0 0 0 0 0 0 0 0 0 1 0 0 0 1 0 6 0 0 0 0 0 0 0 0 0 0 0 0 0 0 0 0 0 0 0 0 0 0 0 0 0 0 0 9 0 10 0 0 0 0 6 2 2 3 0 1 0 1 1 0 0 0 0 0 0 3 1 1 3 0 0 0 0 0 0 0 0 0 0 0 0 0 0 0 0 1 0 0 0 0 0 7 9 0 0 1 0 2 0 0 0 0 0 0 0 0 0 0 0 0 0 0 0 0 0 0 0 0 0 0 1 4 0 1 0 2 3 0 0 0 1 0 0 0 0 0 0 0 0 1 0 0 0 2 0 2 0 0 0 1 0
323 9 7 8 2 9 3 5 3 4 4 4 6 4 5 5 2 1 0 0 5 3 3 0 9 1 5 8 4 3 2 0 1 10 4 0 2 2 0 6 0 0 1 0 0 0 0 0 0 1 0 0 0 0 0 0 0 0 0 0 1 1 1 6 3 0 0 6 0 0 0 0 0 0 0 0 0 0 0 0 0 1 0 2 0 1 0 0 0 0 0 0 0 0 0 0 0 0 0 0 0 0 0 0 11 0 1 0 0 0 0 0 0 0 0 0 0 0 0 0 0 0 0 0 0 0 0 1 0 0 0 0 8 0 6 1 0 0 0 6 3 2 2 0 0 0 1 1 0 1 0 0 0 0 3 0 2 0 1 0 0 0 1 0 1 0 0 0 0 0 0 0 0 2 0 0 0 0 0 0 2 7 0 0 1 0 2 0 0 0 0 0 0 0 0 0 0 0 0 0 0 0 0 0 0 0 0 0 0 1 4 0 1 0 1 4 0 0 0 0 0 0 0 0 0 0 1 0 0 0 0 0 0 0 0 0 0 0 1 0
351 12 7 8 0 10 4 4 4 5 4 3 6 2 3 0 5 1 0 3 3 4 7 0 10 2 6 6 4 6 0 0 4 5 3 0 2 5 0 9 0 0 0 0 0 0 0 0 0 0 0 0 0 0 0 0 0 0 0 0 1 1 1 6 3 0 0 8 0 0 0 0 0 0 0 0 1 0 0 0 0 2 0 2 0 0 1 0 0 0 0 0 0 0 0 0 0 0 1 0 0 0 0 0 4 0 0 0 0 0 0 0 0 1 1 0 0 0 0 1 0 0 0 0 0 0 0 0 0 0 0 0 8 0 9 0 0 1 0 6 2 2 6 0 0 0 1 1 1 0 1 0 0 1 2 0 1 0 0 0 0 0 0 0 0 1 0 0 0 0 0 0 1 0 0 0 0 0 0 1 2 11 0 0 1 0 2 0 0 0 0 0 0 0 0 0 0 0 0 0 0 0 0 0 1 0 0 0 0 1 3 0 0 0 2 4 0 0 0 1 0 0 0 0 0 0 2 1 0 0 0 0 1 0 0 0 0 0 1 1
449 11 7 11 0 9 8 8 4 5 4 4 7 9 6 1 9 2 0 3 5 5 11 0 16 3 13 11 8 9 0 0 3 11 7 0 4 3 0 7 0 0 0 0 0 0 0 0 0 0 0 0 0 0 0 0 0 0 0 0 1 1 4 6 3 0 0 11 0 0 0 0 0 0 0 0 0 0 0 0 0 1 0 4 0 0 0 0 0 0 0 0 0 0 0 0 0 0 0 0 0 0 0 1 7 0 0 0 0 0 0 0 0 0 0 0 0 0 0 0 0 0 0 0 0 0 0 0 0 0 0 0 8 0 10 0 0 0 0 6 3 2 2 0 0 1 1 1 0 0 0 0 0 0 3 0 1 0 1 0 0 0 0 1 0 0 0 1 0 0 1 0 0 2 0 0 0 0 0 3 3 8 0 0 2 0 4 0 0 0 1 0 1 0 0 0 0 0 0 0 1 1 0 1 0 0 0 0 0 1 7 0 0 0 3 4 0 0 0 1 0 0 0 0 0 0 2 1 1 2 0 0 0 0 0 0 1 0 1 0
75 5 6 12 0 4 5 3 2 6 3 5 9 4 8 3 8 0 0 2 3 5 8 0 8 3 11 8 5 6 0 0 1 6 8 0 4 2 0 4 3 0 0 0 0 0 0 0 0 0 0 0 0 0 0 0 0 0 0 0 1 1 3 4 2 0 0 5 0 0 0 0 0 0 0 0 0 0 0 0 0 1 0 5 0 0 0 0 0 0 0 0 0 0 0 0 0 0 0 0 0 0 0 0 7 1 0 0 0 0 0 0 0 0 0 0 0 0 0 0 0 0 0 0 0 0 0 0 0 0 0 0 5 0 5 0 0 0 0 6 2 1 1 0 0 0 1 1 0 0 0 0 0 1 2 0 1 0 0 0 0 0 0 0 0 0 0 0 0 0 0 0 0 1 0 1 0 0 0 1 2 8 0 0 4 0 6 0 0 0 1 0 1 0 0 2 0 0 0 0 1 0 0 1 0 0 0 0 0 2 4 0 0 0 3 4 0 0 0 1 1 0 0 0 0 0 1 1 0 1 0 1 0 0 0 0 0 0 1 1
411 13 11 13 0 8 4 6 6 5 7 5 5 4 4 0 10 1 1 6 4 3 10 0 15 2 15 11 8 4 0 0 4 7 4 0 5 7 0 11 1 0 0 0 0 0 0 0 0 0 0 0 1 0 1 0 0 0 0 0 1 1 2 5 5 0 0 8 0 0 0 1 0 0 0 0 0 1 0 0 0 1 0 4 1 0 0 0 2 0 0 0 0 0 0 0 0 0 0 0 0 0 0 0 6 0 0 0 0 0 0 0 0 0 0 0 0 0 0 0 0 0 0 0 0 0 0 0 0 0 0 0 8 0 13 0 0 0 0 7 5 2 3 0 0 1 1 1 0 0 0 0 0 1 3 1 1 2 1 0 0 1 1 0 0 0 0 1 0 0 1 0 0 0 0 0 0 0 0 0 3 9 0 0 1 0 2 1 0 0 0 0 0 0 0 0 0 0 0 0 0 0 0 0 0 0 0 0 0 1 3 0 0 0 2 4 0 0 0 2 0 0 0 0 0 0 3 0 1 0 0 0 0 0 0 0 1 0 1 0
241 10 6 8 0 5 5 5 2 10 3 3 6 2 3 2 6 2 0 2 3 4 6 0 5 2 9 7 5 5 0 0 7 2 2 0 1 3 0 7 0 0 0 0 0 0 0 0 0 0 0 0 1 0 1 0 0 0 0 0 1 1 1 6 2 0 0 6 0 0 0 0 0 0 0 0 0 0 0 0 0 1 0 3 0 0 0 0 2 0 0 0 0 0 0 0 0 0 0 0 0 0 0 0 4 0 0 0 0 0 0 0 0 0 0 0 0 0 0 0 0 0 0 0 0 0 0 0 0 0 0 0 9 0 9 0 0 0 0 5 2 2 5 0 0 0 1 1 0 0 0 0 0 0 2 0 1 1 0 0 0 0 0 0 0 0 0 0 0 0 0 0 0 1 0 0 0 0 0 0 3 6 0 0 1 0 1 0 0 0 0 0 0 0 0 0 0 0 0 0 0 0 0 0 0 0 0 0 0 1 4 0 0 0 4 3 0 0 0 1 0 0 0 0 0 0 2 0 1 0 0 0 0 0 0 1 0 0 1 0
285 9 6 9 0 9 3 8 3 5 3 4 6 2 7 2 4 1 0 3 5 2 7 0 8 1 6 6 6 3 0 0 2 6 7 0 2 4 0 6 0 0 0 0 0 0 0 0 0 1 0 0 1 0 0 0 1 0 0 0 1 1 1 4 2 1 0 5 0 0 0 0 0 0 0 0 0 0 0 0 0 1 0 2 1 0 0 0 3 0 0 0 0 0 0 0 0 0 0 0 0 0 1 0 7 0 0 0 0 0 0 0 0 0 0 0 0 0 0 0 0 0 0 0 0 0 0 0 0 0 0 0 9 0 11 0 0 0 0 5 3 2 7 0 0 0 1 1 1 0 0 0 0 0 2 0 1 1 0 0 0 0 0 0 0 0 1 0 0 0 0 0 0 0 0 0 0 0 0 0 3 12 0 0 1 0 5 0 0 0 0 0 0 0 0 0 0 0 0 0 0 0 0 0 0 0 0 0 0 2 5 0 0 0 6 3 0 0 0 1 0 0 1 0 0 0 0 0 0 0 1 0 0 0 0 1 0 0 1 0
1838 6 22 18 7 6 17 1 2 2 4 1 7 13 7 2 8 0 1 0 6 12 19 4 33 1 26 27 19 17 0 0 2 6 2 1 10 7 0 3 0 0 0 0 0 0 0 0 0 0 0 0 1 0 0 0 0 1 0 1 5 0 19 17 4 2 0 5 0 3 0 1 0 0 0 0 0 0 0 0 0 0 0 15 0 0 0 0 5 0 0 0 0 2 0 0 0 0 2 0 0 0 0 0 4 0 0 2 0 0 0 0 1 0 0 0 0 0 0 0 0 0 0 0 0 0 0 0 0 2 2 0 1 0 4 0 0 0 0 15 5 0 4 0 0 0 3 0 0 0 0 0 0 1 2 0 0 0 2 0 0 0 0 0 0 0 0 2 1 0 1 1 0 4 0 1 0 0 0 0 4 6 0 0 3 0 1 0 0 0 1 0 1 0 0 0 1 0 0 0 0 0 0 2 0 0 0 0 0 0 11 0 0 0 2 5 0 0 0 1 0 0 1 0 0 0 9 0 4 0 0 0 0 0 0 1 0 0 1 0
524 9 8 4 0 12 7 5 3 2 2 6 8 6 7 5 4 0 0 0 7 5 8 0 8 2 8 2 8 3 0 0 6 12 4 0 4 11 0 2 0 0 0 0 0 0 0 1 0 0 0 0 0 0 0 0 0 0 0 0 2 0 6 8 1 1 0 2 0 1 0 0 0 0 0 0 0 0 0 0 0 0 0 5 0 0 0 0 1 0 0 0 0 1 0 0 0 0 0 0 0 0 0 0 8 0 0 1 0 0 0 0 0 0 0 0 0 0 0 0 0 0 0 0 0 0 0 0 0 1 2 0 6 0 9 0 0 0 0 7 3 0 10 0 0 0 0 0 0 0 0 0 0 0 0 0 0 0 0 0 0 0 0 0 0 0 0 0 1 0 1 0 0 1 0 0 0 0 0 0 1 5 0 0 1 0 5 0 0 0 0 0 0 0 0 0 0 0 0 0 0 0 0 0 0 0 0 0 1 0 5 0 0 0 0 1 0 0 0 0 0 0 0 0 1 0 2 0 2 0 0 0 0 0 0 0 0 0 0 0
531 5 9 5 0 6 6 1 2 1 1 4 6 8 2 3 4 0 0 0 4 7 10 0 9 1 6 3 8 4 0 0 2 8 2 0 5 7 0 2 0 0 0 0 0 0 0 0 0 0 0 0 0 0 0 0 1 0 0 0 2 0 5 9 2 1 0 1 0 1 0 0 0 0 1 0 0 0 0 0 0 0 0 5 0 0 0 0 0 0 0 0 0 1 0 0 0 0 0 0 0 0 0 1 7 0 0 1 0 0 0 0 0 0 0 0 0 0 0 0 0 0 0 0 0 0 0 0 0 1 1 0 4 0 5 0 0 0 0 8 2 0 1 0 0 0 0 0 0 0 0 0 0 0 1 0 0 0 0 0 0 0 0 0 0 0 0 0 1 0 1 0 0 1 0 0 0 0 0 2 1 5 0 0 1 0 2 0 0 0 0 0 0 0 0 0 0 0 0 0 0 0 0 0 0 0 0 0 0 0 6 0 0 0 1 1 0 0 0 0 0 0 0 0 0 0 2 0 2 0 0 0 0 0 0 0 0 0 0 0
277 2 6 3 0 3 3 1 1 0 1 1 4 4 2 4 3 0 0 0 1 4 6 0 6 0 3 3 5 2 0 0 0 2 0 0 5 5 0 2 0 0 0 0 0 0 0 0 0 0 0 0 0 0 0 0 0 0 0 0 2 0 4 6 0 1 0 1 0 0 0 0 0 0 0 0 0 0 0 0 0 0 0 4 0 0 0 0 1 0 0 0 0 1 0 0 0 0 1 0 0 0 0 0 6 0 0 1 0 0 0 0 0 0 0 0 0 0 0 0 0 0 0 0 0 0 0 0 0 1 1 0 4 0 3 0 0 0 0 4 1 0 1 0 0 1 0 0 0 0 0 0 0 0 0 0 0 0 0 0 1 0 0 0 0 0 0 0 0 0 0 0 0 1 0 0 0 0 0 0 1 2 0 0 1 0 2 0 0 0 0 0 0 0 0 0 0 0 0 0 0 0 0 0 0 0 0 0 0 0 5 0 0 0 1 1 0 0 0 0 0 0 0 0 0 0 0 0 0 0 0 0 0 0 0 0 0 0 0 0
2033 16 8 5 6 6 2 11 2 6 0 7 1 2 12 2 4 3 0 0 5 7 6 3 18 2 4 12 5 3 0 0 16 10 6 3 10 16 0 1 0 0 0 0 0 0 0 0 0 2 0 0 0 0 0 0 0 0 0 0 0 0 1 3 0 0 0 3 0 0 0 1 0 0 1 0 0 0 0 0 0 0 0 6 0 0 0 0 0 0 0 0 0 0 0 0 0 0 0 0 0 0 0 0 7 0 0 0 0 0 0 0 0 0 0 0 0 0 0 0 0 0 0 0 0 0 0 0 0 0 1 0 4 0 9 0 0 0 0 4 1 1 17 0 0 0 0 0 1 0 0 0 0 0 1 0 0 0 2 0 0 0 0 0 0 0 0 0 0 0 1 0 0 2 0 0 0 0 0 0 0 4 0 0 2 2 4 0 0 0 0 0 0 0 0 0 0 0 0 0 0 0 0 0 0 0 0 0 0 2 0 0 0 0 9 1 0 0 0 0 0 0 0 0 0 0 5 0 1 0 0 1 0 0 0 0 0 0 0 0
2033 12 10 9 6 4 4 3 1 6 1 1 1 9 11 7 12 2 0 0 2 11 9 3 22 2 8 11 5 5 0 0 6 4 6 1 7 10 0 2 0 0 0 0 0 0 0 0 0 0 0 0 0 0 0 0 0 0 0 0 2 1 4 9 1 0 0 2 0 0 0 1 0 0 0 0 0 0 0 0 0 0 0 2 0 0 0 0 0 0 0 0 0 0 0 0 0 0 0 0 0 0 0 0 9 0 0 0 0 0 0 1 0 0 0 0 0 0 0 0 0 0 0 0 0 0 0 0 0 1 0 0 4 0 2 0 0 0 0 5 0 0 10 0 0 0 0 0 0 0 0 0 0 0 0 1 0 0 2 0 1 0 0 0 1 0 0 0 2 0 2 0 0 2 0 0 0 0 0 0 0 6 0 0 3 0 6 0 0 0 1 0 0 0 1 0 0 0 0 0 0 0 0 0 0 0 0 0 0 0 5 0 0 0 7 1 0 0 0 0 0 0 0 0 0 0 6 0 1 1 0 0 1 0 1 0 0 0 0 1
1559 11 11 7 6 12 5 1 6 3 3 0 2 4 3 10 8 3 0 2 1 8 5 3 24 1 10 14 6 4 0 0 0 4 1 1 9 7 0 2 0 0 0 0 0 0 0 0 0 1 0 0 0 0 0 0 0 0 0 0 2 1 2 12 3 0 0 7 0 0 1 1 0 0 0 0 0 0 0 0 0 0 0 2 0 0 2 0 4 0 0 0 0 0 0 0 0 0 0 0 0 0 0 0 5 0 0 0 0 0 0 1 0 0 0 0 0 0 0 0 0 0 0 0 0 0 0 2 0 0 0 0 2 0 0 0 0 0 0 1 3 0 1 0 1 1 0 0 0 0 1 0 1 0 0 1 0 0 2 0 0 0 0 0 0 0 0 0 2 0 1 3 0 2 0 0 0 0 1 0 0 5 0 0 2 0 3 0 0 0 0 0 0 0 1 0 0 0 0 0 0 0 0 0 0 0 0 0 0 2 1 0 1 0 0 3 0 0 0 0 0 0 0 0 0 0 4 0 5 1 0 0 1 0 1 0 0 0 0 0
1283 9 3 4 5 9 4 9 2 8 1 11 7 6 8 5 6 0 0 1 6 9 7 1 15 1 9 9 8 5 0 0 12 10 9 0 8 7 0 0 0 0 0 0 0 0 0 0 0 0 0 0 0 0 0 0 0 0 0 0 1 1 2 8 3 0 0 4 0 0 0 0 0 0 0 0 0 0 0 0 0 0 0 2 0 1 0 0 2 0 0 0 0 0 0 0 0 0 0 0 0 0 0 0 6 0 0 0 0 0 0 1 0 1 0 0 0 0 0 0 0 0 0 0 0 0 0 0 0 2 1 0 10 0 7 0 0 0 0 3 0 0 10 0 0 0 0 0 0 0 0 0 0 0 2 1 0 0 2 0 0 0 0 0 0 0 0 0 2 0 1 0 0 2 0 0 0 0 0 0 0 13 0 0 2 0 4 0 0 0 1 0 0 0 1 0 0 0 0 0 0 0 0 0 0 0 0 0 0 0 1 0 0 0 5 2 0 0 0 0 0 0 0 0 0 0 4 0 2 1 0 0 1 0 1 0 0 0 0 0
263 4 2 4 0 7 2 8 2 5 2 6 3 4 3 0 4 0 0 0 3 4 6 0 3 1 4 1 2 2 0 0 9 8 6 0 2 6 0 0 0 0 0 0 0 0 0 0 0 0 0 0 0 0 0 0 0 0 0 0 0 1 1 2 3 1 0 6 0 0 0 0 0 0 0 0 0 0 0 0 0 0 0 3 0 1 0 0 0 0 0 0 0 0 0 0 0 0 0 0 0 0 0 0 3 0 0 0 0 0 0 0 0 1 0 1 0 0 0 0 0 0 0 0 0 0 0 0 0 0 0 0 7 0 2 0 0 0 0 2 0 0 6 0 0 0 0 0 0 0 0 0 0 0 1 1 0 0 1 0 0 0 0 0 1 0 0 0 1 0 0 0 0 1 0 0 0 1 0 0 1 5 0 0 1 0 3 0 0 0 0 0 0 0 1 0 0 0 0 0 0 0 0 0 0 0 0 0 0 0 0 0 0 0 3 2 0 0 0 0 0 0 0 0 0 0 0 0 0 1 0 0 0 0 0 0 0 0 0 0
2132 8 3 5 6 13 2 5 0 1 0 1 3 4 17 2 2 1 0 0 4 2 3 3 14 2 3 9 3 2 0 0 6 3 8 1 7 6 0 0 0 0 0 0 0 0 0 1 0 0 0 0 0 0 0 0 0 0 0 0 1 0 2 2 1 0 0 0 0 0 0 0 1 0 0 0 0 0 0 0 0 0 0 1 0 0 0 0 0 0 0 0 0 0 0 0 0 0 0 0 0 0 0 0 3 0 0 0 0 0 0 0 0 0 0 0 0 0 0 0 0 0 0 0 0 0 0 0 0 0 0 0 6 0 7 0 0 0 0 3 0 0 15 0 0 0 0 0 0 0 0 0 0 0 0 2 0 0 2 1 0 0 0 0 0 0 0 0 0 0 1 0 0 2 0 0 0 0 0 1 0 4 0 0 0 0 1 0 0 0 0 0 0 0 0 0 0 0 0 0 0 0 0 0 0 0 0 0 0 0 1 0 0 0 5 0 0 0 0 0 0 0 0 0 0 0 7 0 1 0 0 0 0 0 0 0 0 0 0 0
2048 5 8 4 6 9 9 7 1 3 1 3 4 8 10 2 9 0 0 2 2 4 7 3 22 2 7 16 7 7 0 0 4 7 7 1 9 9 0 3 0 0 0 0 0 0 0 0 0 0 0 0 0 0 0 0 0 0 0 0 0 0 6 7 2 0 0 2 0 0 0 1 0 0 0 0 0 0 0 0 0 0 0 4 0 0 0 0 2 0 0 0 0 0 0 0 0 0 0 0 0 0 0 0 4 0 0 0 0 0 0 0 1 0 0 0 0 0 0 0 0 0 0 1 0 0 0 0 0 0 1 0 1 0 4 0 0 0 0 8 5 0 9 1 0 0 0 0 0 0 0 0 0 2 0 0 0 0 2 0 0 0 0 0 0 0 0 0 0 0 1 0 0 3 0 0 0 0 0 1 0 1 0 0 1 0 1 0 0 0 0 0 0 0 0 0 0 0 0 0 0 1 0 0 0 0 0 0 0 0 6 0 0 0 5 3 0 0 0 0 0 0 2 0 0 0 5 0 1 0 0 1 0 0 1 0 0 0 0 0
1936 16 9 8 6 11 5 8 6 8 1 17 1 5 16 9 5 0 0 6 12 4 2 3 18 1 6 16 6 5 0 0 16 13 12 1 9 9 0 7 0 0 0 0 0 0 0 0 0 2 0 0 0 0 0 0 0 0 0 0 1 0 3 8 3 0 0 8 0 0 0 0 0 0 0 0 1 0 0 0 0 0 0 4 0 0 1 0 1 0 0 0 1 0 0 0 0 0 0 0 0 0 0 0 9 0 0 0 0 0 0 0 0 0 0 0 0 0 0 0 0 0 0 0 0 0 0 0 0 0 2 0 17 0 8 2 0 0 1 1 5 1 12 0 0 0 0 0 0 1 0 0 0 0 0 0 0 0 2 0 0 0 0 0 1 0 0 1 0 0 1 0 0 1 1 0 0 0 0 0 1 4 0 0 0 0 2 0 0 0 0 0 0 0 0 0 0 0 0 0 0 1 0 0 0 0 0 0 0 2 2 0 1 0 9 5 0 0 0 1 0 0 1 0 0 0 8 0 2 0 0 0 0 1 0 0 0 0 0 0
543 10 2 7 0 9 4 9 6 4 3 5 1 4 3 3 6 0 0 8 8 3 4 0 14 2 11 9 6 6 0 0 5 6 4 0 7 8 1 8 0 0 0 0 0 0 0 0 0 1 0 0 0 0 0 1 0 0 0 0 1 0 4 15 6 0 0 8 0 1 0 0 0 0 0 0 0 0 3 0 0 0 0 4 0 0 0 0 2 0 0 0 0 0 0 0 0 0 3 0 0 0 0 0 5 0 0 1 0 1 0 0 0 1 0 0 0 0 0 0 0 0 0 0 0 0 0 0 0 1 2 0 10 0 6 1 0 0 0 3 10 0 2 0 0 0 0 0 0 1 0 0 0 0 2 1 0 0 3 0 0 1 2 0 0 0 0 1 0 0 1 0 0 1 0 1 0 0 0 0 1 5 0 0 0 1 1 0 0 0 0 0 0 0 0 0 0 0 0 0 0 1 0 0 0 0 1 0 0 1 3 0 1 0 4 8 0 0 0 0 0 0 0 0 0 1 3 3 2 1 0 0 0 0 1 0 0 0 0 2
193 9 0 2 0 7 3 8 6 6 2 3 2 5 3 3 2 0 0 4 9 2 2 0 5 3 5 2 3 2 0 0 6 6 2 0 3 8 1 3 0 0 0 0 0 0 0 0 0 1 0 0 0 0 0 1 0 0 0 0 0 0 1 5 3 0 0 3 0 0 0 0 0 0 0 0 0 0 0 0 0 0 0 4 0 0 0 0 0 0 0 0 0 0 0 0 0 0 0 0 0 0 0 0 4 0 0 0 0 1 1 0 0 0 0 0 0 0 0 0 0 0 0 0 0 0 0 0 0 0 2 0 6 0 5 0 0 0 0 1 5 0 5 0 0 0 0 0 0 1 0 0 0 0 2 1 0 0 1 0 0 0 1 0 0 0 0 0 0 0 0 0 0 0 0 1 0 0 0 0 0 4 0 0 0 0 1 0 0 0 0 0 0 0 0 0 0 0 0 0 0 1 0 0 0 0 1 0 0 2 2 0 0 0 4 6 0 0 0 0 0 0 0 0 0 0 0 2 1 0 0 0 0 0 0 0 0 1 0 0
623 10 9 10 0 8 2 5 5 7 1 3 1 5 7 0 6 0 0 4 6 5 8 0 11 1 5 4 11 6 0 0 5 7 4 0 6 6 0 6 0 0 0 0 0 0 0 0 0 1 0 0 0 0 0 0 1 0 0 0 0 0 4 3 3 0 0 2 0 1 0 0 0 0 0 0 0 0 2 0 0 0 0 3 0 0 0 0 1 0 0 0 0 1 0 0 0 0 0 0 0 0 0 0 8 0 0 0 0 0 0 0 0 0 0 0 0 0 0 0 0 0 0 0 0 0 0 0 0 0 1 0 9 0 5 1 0 0 0 5 7 0 6 0 0 0 0 0 0 1 1 0 0 1 0 1 0 0 2 0 0 0 0 0 0 2 0 0 0 0 1 0 0 3 0 0 1 0 0 0 3 1 0 0 1 1 3 0 0 0 0 1 0 0 0 0 0 0 0 0 1 1 0 0 0 0 0 0 0 1 4 0 0 0 3 6 0 0 0 0 0 0 0 0 0 0 6 0 2 1 0 0 1 0 0 0 0 0 0 0
104 7 5 5 0 5 1 6 2 3 0 3 1 2 5 0 4 0 0 3 6 3 4 0 3 1 3 2 4 3 0 0 5 4 6 0 1 3 0 3 0 0 0 0 0 0 0 0 0 2 0 0 0 0 0 0 1 0 0 0 0 0 2 3 2 0 0 1 0 0 0 0 0 0 0 0 0 0 0 0 0 0 0 0 0 0 0 0 1 0 0 0 0 0 0 0 0 0 0 0 0 0 0 0 8 0 0 0 0 0 0 0 0 0 0 0 0 0 0 0 0 0 0 0 0 0 0 0 0 0 1 0 5 0 6 0 0 0 0 1 5 0 4 0 0 0 0 0 0 0 0 0 0 0 0 2 0 0 1 0 0 0 0 0 0 2 0 0 0 0 0 0 0 0 0 1 1 0 0 1 1 1 0 0 1 2 2 0 0 0 0 1 0 0 0 0 0 0 0 0 0 1 0 0 0 0 0 0 0 1 4 0 0 0 7 5 0 0 0 0 0 0 0 0 0 0 1 0 1 0 0 0 1 0 0 0 0 0 0 0
1276 11 13 10 5 4 4 4 3 2 2 2 3 5 6 0 5 0 0 6 5 9 9 1 17 2 12 11 4 5 0 0 4 4 3 0 11 3 0 3 0 0 0 0 0 0 0 0 0 0 0 0 1 0 0 0 0 0 0 0 1 0 6 11 4 0 0 6 0 0 0 0 0 0 0 0 0 0 1 0 0 0 0 2 0 0 0 0 5 0 0 0 0 0 0 0 0 0 0 0 0 0 0 0 3 1 0 0 0 0 0 1 1 0 0 0 0 0 0 0 0 0 0 0 0 0 0 0 0 0 0 0 5 0 7 0 0 0 0 9 4 1 2 0 1 0 1 0 0 0 0 0 0 2 0 0 0 0 2 0 0 0 0 0 0 1 0 0 1 0 1 0 0 2 0 0 0 0 0 1 2 2 0 0 1 0 1 0 0 0 1 0 0 0 0 0 0 0 0 1 0 0 0 0 0 0 1 0 0 0 5 0 0 0 3 6 0 0 0 1 0 0 0 0 0 0 5 2 4 0 0 0 0 0 0 2 0 0 0 0
381 9 3 5 0 5 1 6 2 1 3 7 3 2 1 1 2 0 0 3 4 4 4 0 1 1 3 3 3 2 0 1 6 3 2 0 1 5 0 1 0 0 0 0 0 0 0 0 0 0 0 0 0 0 0 0 0 0 0 0 0 0 3 2 1 0 0 6 0 0 0 0 0 0 0 0 0 0 1 0 0 0 0 1 0 0 0 0 1 0 0 1 0 0 0 0 0 0 0 0 0 0 0 0 2 0 0 0 0 0 0 1 1 0 0 0 0 0 0 0 0 0 0 0 0 0 0 0 0 0 0 0 7 0 4 0 0 0 0 3 3 0 6 0 1 0 0 0 0 0 0 0 0 0 0 0 0 0 0 0 0 0 0 0 0 0 0 0 1 0 0 0 0 1 0 0 0 0 0 0 0 2 0 0 0 1 1 0 0 0 0 0 0 0 0 0 0 0 0 0 0 0 0 0 0 0 1 0 0 0 3 0 0 0 3 1 0 0 0 0 0 0 0 0 0 0 0 0 3 0 0 0 0 0 0 0 0 0 0 0
585 9 6 8 2 6 2 4 3 1 4 4 1 4 2 0 7 0 0 4 5 7 6 1 17 2 8 7 1 2 0 0 1 0 2 0 8 3 0 4 1 0 0 0 0 0 0 0 0 0 0 0 0 0 1 0 0 0 0 0 0 0 4 6 3 0 0 9 0 0 0 0 0 0 0 0 0 0 0 0 0 0 0 2 0 0 0 0 2 0 0 0 0 0 0 0 0 0 0 0 0 0 0 0 0 0 0 0 0 0 0 0 0 0 1 0 0 0 0 0 0 0 0 0 0 0 0 0 0 0 0 0 3 0 3 0 0 0 0 2 4 1 1 0 0 1 0 0 0 0 0 0 0 0 0 1 0 0 2 0 1 0 0 0 0 0 0 0 2 0 0 0 0 2 0 0 0 0 0 1 1 2 0 0 0 0 0 2 0 0 2 0 0 0 0 0 0 0 0 0 0 0 0 0 0 0 1 0 0 0 2 0 0 0 0 1 0 0 0 1 0 0 0 0 0 0 4 0 4 0 1 0 0 0 0 0 0 0 0 0
958 6 4 4 1 9 3 5 2 4 0 3 5 1 6 1 3 0 0 2 4 3 1 0 12 0 6 5 6 3 0 0 7 5 4 0 4 10 0 2 0 0 0 0 0 0 0 0 0 0 0 0 0 0 0 0 0 0 0 0 0 0 1 3 2 0 0 4 0 0 0 0 1 0 0 0 0 0 0 0 0 0 1 1 0 0 0 0 2 0 0 0 0 0 0 1 0 0 0 0 0 0 0 0 6 0 0 1 0 0 0 0 2 0 0 0 0 0 0 0 0 0 0 0 0 0 0 0 0 1 0 0 2 0 8 0 0 0 0 2 2 0 6 0 0 0 1 0 0 0 4 0 0 0 0 0 0 0 1 0 0 0 0 0 0 0 0 0 0 0 1 0 1 1 0 0 0 0 0 0 1 6 0 0 0 0 1 1 0 1 0 0 0 1 0 0 0 0 0 1 0 0 0 0 0 0 1 0 0 0 2 0 0 0 4 2 0 0 0 0 0 0 0 0 1 0 4 0 2 1 1 2 0 0 0 0 0 0 0 0
1029 6 1 2 1 8 0 9 0 3 0 0 2 0 4 2 0 0 0 0 6 4 2 0 8 0 2 1 1 0 0 0 11 6 2 0 1 6 0 0 0 0 0 0 0 0 0 0 0 1 0 0 0 0 0 0 0 0 0 0 1 0 0 1 0 0 0 1 0 0 0 0 1 0 0 0 1 0 0 0 0 0 0 2 0 0 0 0 0 0 0 0 0 0 0 0 0 0 0 0 0 0 0 0 5 0 0 0 0 0 0 0 0 1 0 0 0 0 0 0 0 0 0 0 0 0 0 0 0 0 1 0 5 0 5 0 0 0 0 1 1 0 12 0 0 0 0 0 0 0 0 0 0 0 0 0 0 0 1 0 0 0 0 0 0 0 0 0 0 0 2 0 0 1 0 0 0 0 0 0 0 2 0 0 2 1 0 0 0 0 0 0 0 0 0 0 0 0 0 0 0 0 1 0 0 0 0 0 0 0 1 0 0 0 2 0 0 0 0 0 0 0 0 0 0 0 4 0 2 0 0 0 0 0 1 0 0 0 0 0
1101 12 11 11 3 8 0 5 4 5 4 2 4 5 6 7 7 0 0 0 9 3 7 2 27 2 8 13 6 4 0 0 11 10 4 0 6 8 0 2 2 0 0 0 0 0 0 0 0 0 0 0 0 0 0 0 0 0 0 0 1 1 4 9 3 0 0 7 0 0 0 0 0 0 0 0 0 0 0 0 0 0 0 0 0 0 0 0 3 0 1 0 0 0 0 0 0 0 1 0 0 0 0 0 9 0 0 0 0 0 0 0 0 0 0 0 0 0 0 0 1 0 0 0 0 0 0 0 1 1 0 0 9 0 6 1 0 0 0 3 3 1 15 0 0 0 0 0 1 0 0 0 0 1 2 1 0 1 2 0 0 0 0 0 0 0 0 0 1 0 2 1 0 1 0 0 0 1 0 0 1 7 0 1 0 0 1 0 0 0 0 1 0 1 0 1 0 0 0 0 0 0 0 0 0 0 0 0 0 0 1 0 0 0 3 11 0 0 0 0 0 0 0 0 0 0 8 2 1 0 0 0 0 0 0 0 0 0 0 0
380 6 5 9 0 2 2 4 0 2 3 1 4 3 6 3 5 0 0 1 5 3 7 0 11 2 5 4 3 1 0 0 4 4 3 0 1 6 0 2 0 0 0 0 0 0 0 0 0 0 0 0 0 0 0 0 0 0 0 0 0 1 2 5 5 0 0 2 0 1 0 0 0 0 0 0 0 0 0 0 0 0 0 0 0 0 0 0 2 0 0 0 0 0 0 1 0 0 0 0 0 0 0 0 3 0 0 0 0 0 0 0 0 0 0 0 0 1 0 0 0 0 0 0 0 0 0 0 1 0 0 0 7 0 3 0 0 0 0 0 3 0 3 0 0 1 0 0 0 1 0 0 0 1 0 1 0 0 2 0 0 0 1 0 0 0 0 0 0 0 1 0 1 1 0 0 0 0 0 2 0 3 0 1 0 0 2 0 0 0 1 1 0 0 0 0 0 0 0 0 0 0 0 0 0 0 0 0 0 0 3 0 0 0 2 3 0 0 0 1 0 0 1 0 0 0 2 1 0 0 1 0 0 0 0 0 0 0 1 0
653 5 2 2 5 3 0 2 0 4 1 1 3 3 4 2 2 0 0 1 7 5 2 1 15 3 4 9 3 1 0 0 4 6 1 0 3 3 0 1 0 0 0 1 0 0 0 0 0 1 0 0 0 0 0 1 0 0 0 0 0 1 1 2 1 0 0 1 0 0 0 0 0 0 0 0 0 0 0 0 0 0 0 1 0 0 0 0 1 0 0 0 0 0 0 0 0 0 0 0 0 0 0 0 1 0 0 0 0 0 0 0 0 0 0 0 0 0 0 0 0 0 0 0 0 0 0 0 1 0 0 0 2 0 4 0 0 0 0 1 0 0 6 0 0 0 0 0 0 0 0 0 0 0 0 0 0 0 1 0 0 0 0 0 0 0 0 0 0 0 0 0 0 1 0 0 0 0 0 0 0 4 0 1 0 0 0 0 0 0 0 0 0 0 0 0 0 0 0 0 0 0 0 0 0 0 0 0 0 0 0 1 0 0 4 2 0 0 0 0 0 0 0 0 0 0 2 1 0 0 0 0 0 1 0 0 0 0 0 0
615 7 3 3 0 13 0 10 4 5 1 0 5 2 3 4 2 1 0 3 11 4 3 0 16 2 5 3 3 2 0 0 4 9 4 0 2 8 0 2 1 0 0 0 0 0 0 0 0 0 0 0 0 0 0 0 0 0 0 0 1 0 1 5 4 0 0 2 0 0 0 0 0 0 0 0 0 0 0 0 0 1 0 0 0 0 0 0 3 0 0 0 0 0 0 0 0 0 0 0 0 0 0 0 8 0 0 0 0 0 0 0 0 0 0 0 0 0 0 0 0 0 0 0 0 0 0 0 1 0 0 0 7 0 7 0 0 0 0 3 4 0 7 0 0 0 0 0 0 0 0 0 0 0 0 0 0 0 0 0 0 0 0 0 0 0 0 0 0 0 1 1 0 1 0 0 0 0 0 0 0 4 0 1 0 0 1 0 0 0 0 0 0 0 0 0 0 0 0 0 0 0 0 0 0 0 0 0 0 0 0 0 0 0 3 4 0 0 0 0 0 0 0 0 0 0 5 1 2 1 0 0 0 1 0 0 0 0 0 0
1907 5 9 6 6 6 12 8 3 10 6 5 9 6 13 3 12 1 0 4 12 7 9 3 25 0 13 14 6 9 0 0 14 8 3 1 7 9 0 11 0 0 0 0 0 0 0 0 0 1 0 0 0 0 0 0 0 0 0 0 0 1 8 13 4 1 0 2 0 0 0 1 0 0 0 0 0 0 1 0 0 0 0 4 0 0 0 0 6 0 0 0 0 0 0 0 0 0 0 0 0 0 0 0 22 0 0 0 0 0 0 0 0 0 0 0 0 0 0 0 0 0 0 0 0 0 0 0 0 0 3 0 3 0 14 0 0 0 0 12 2 0 4 0 0 0 0 0 0 0 0 0 0 2 1 0 0 0 2 0 0 2 0 0 0 0 0 2 1 0 1 0 0 2 0 0 0 0 0 0 0 6 0 0 1 1 2 0 0 0 0 0 0 0 0 0 0 0 0 1 2 4 0 0 0 0 0 0 0 1 5 0 0 0 10 7 0 1 0 0 0 0 0 0 0 0 5 2 1 2 0 0 0 0 1 0 0 0 2 1
678 5 6 6 0 3 3 4 0 8 2 5 1 5 7 2 8 0 1 1 4 2 6 0 11 1 3 4 2 4 0 0 5 9 2 0 6 3 0 2 0 0 0 0 0 0 0 0 0 1 0 0 0 0 0 0 0 0 0 0 0 1 4 6 0 0 0 1 0 0 0 0 0 0 0 0 0 0 0 0 0 0 0 2 0 0 0 0 0 0 0 0 0 0 0 1 0 0 0 0 0 0 0 1 12 0 0 0 0 0 0 0 0 0 0 0 0 0 0 0 0 0 0 0 0 0 0 0 0 0 1 0 2 0 10 0 0 0 1 8 0 0 6 0 0 0 0 0 1 0 0 0 0 0 1 0 0 0 1 0 0 0 0 0 0 0 0 0 1 0 1 0 0 1 0 0 0 0 0 0 2 7 0 0 1 0 3 1 0 0 0 1 0 2 0 0 0 0 0 1 1 0 0 0 0 1 0 0 0 1 3 0 0 0 2 3 0 0 0 0 0 0 0 0 0 0 5 1 1 0 0 0 0 0 0 0 0 0 0 2
636 7 6 2 0 12 3 10 0 10 4 8 3 3 9 3 6 1 0 0 7 1 9 1 10 0 5 1 8 8 0 0 11 14 9 0 1 4 0 3 0 0 0 0 0 0 0 0 0 2 0 0 0 0 0 0 0 0 0 1 1 1 1 3 1 0 0 0 0 0 0 0 0 0 0 0 0 0 0 0 0 0 0 4 0 0 0 0 0 0 0 0 0 0 0 0 0 0 1 0 0 0 0 0 15 0 1 0 0 0 0 1 0 0 0 0 0 0 0 0 0 0 0 0 0 1 0 0 0 0 2 0 5 0 12 0 0 0 0 15 1 0 5 0 0 0 0 0 1 1 0 0 0 0 3 0 0 0 1 0 0 0 0 0 0 0 0 0 0 0 1 0 0 1 0 0 0 0 0 0 0 9 0 0 1 0 4 0 0 0 0 0 0 0 0 0 0 0 0 1 0 0 0 0 0 0 0 0 0 1 6 0 0 0 5 3 0 0 0 0 0 0 1 0 0 0 6 0 1 0 0 0 0 0 0 0 0 0 0 2
1021 3 2 2 2 5 9 4 0 1 2 5 0 4 3 3 7 0 1 0 1 5 8 1 12 0 4 5 8 4 0 0 7 8 3 0 2 1 0 3 0 0 0 0 0 0 0 0 0 0 0 0 0 0 0 0 0 0 0 0 3 0 3 5 1 0 0 0 0 0 0 0 0 0 0 0 0 0 0 0 0 0 0 3 0 0 0 0 0 0 0 0 0 0 0 0 0 0 0 0 0 0 0 2 9 0 2 0 0 0 0 3 0 0 0 0 0 0 0 0 0 0 0 0 0 0 0 0 0 0 2 0 5 0 5 0 0 0 1 6 0 0 4 0 0 0 0 0 0 0 0 0 0 0 0 0 0 0 2 0 0 0 0 0 2 0 0 0 0 0 2 0 0 1 0 0 0 0 0 0 1 4 0 0 1 0 4 0 0 0 0 0 0 0 0 0 0 0 0 0 0 0 0 0 0 0 0 0 0 0 4 0 0 0 0 3 0 0 0 0 0 0 0 0 0 0 5 0 1 0 0 0 0 0 0 0 0 0 0 0
4776 0 10 0 5 2 13 2 2 1 3 11 0 3 3 3 1 4 7 1 0 3 3 11 9 2 2 10 11 11 0 6 4 2 9 5 1 9 1 0 0 0 0 0 0 0 0 0 0 5 0 0 0 0 0 0 0 0 0 0 0 0 0 4 2 1 0 1 0 0 0 0 0 0 0 0 0 0 0 0 0 1 0 1 0 0 0 0 0 0 0 0 0 0 0 0 0 0 0 0 0 0 0 0 2 0 3 0 0 0 2 1 0 0 0 0 0 0 0 0 0 0 0 0 0 0 0 0 0 0 0 0 2 0 1 0 0 0 1 2 0 0 9 0 0 0 0 0 0 0 0 0 0 0 0 0 0 0 2 0 0 0 0 0 1 0 0 0 0 0 0 0 0 0 0 0 0 0 0 0 0 0 0 0 0 0 1 0 0 0 0 0 0 0 0 0 0 0 0 1 0 0 0 0 0 0 0 0 0 2 0 0 0 0 7 0 0 0 0 0 0 0 0 0 0 0 3 0 1 1 0 0 0 0 1 0 1 0 0 0
1061 10 9 4 8 9 2 9 10 3 0 7 5 2 9 2 4 1 0 1 5 1 2 2 8 0 5 11 3 0 0 0 7 8 5 1 8 13 0 3 0 0 0 0 0 0 0 0 0 2 0 0 0 2 0 0 0 2 0 0 0 0 0 2 8 1 0 2 0 0 0 0 0 0 0 0 0 0 0 0 0 0 0 5 0 0 0 0 2 0 0 0 1 0 2 0 0 0 0 1 0 0 1 0 9 0 0 0 0 0 0 1 0 0 0 0 0 0 0 0 0 0 0 0 0 0 0 0 0 1 0 0 14 0 11 0 0 0 0 1 0 1 6 0 0 2 0 9 0 0 0 1 0 0 1 0 0 0 1 0 0 0 0 0 0 0 0 0 0 1 0 0 0 1 0 0 0 0 0 0 0 7 0 0 0 0 1 0 0 0 0 0 0 0 0 0 0 0 0 0 0 0 0 0 0 0 0 0 0 2 0 0 1 0 11 2 0 0 0 0 0 0 0 0 0 0 3 0 5 1 0 1 0 0 0 0 0 0 1 0
1028 3 6 1 0 3 2 2 0 0 1 3 7 0 2 2 1 0 0 1 3 1 0 2 9 0 1 4 1 0 0 0 1 5 5 3 2 5 0 2 1 0 1 0 0 0 0 0 1 0 0 0 1 0 0 0 0 0 0 0 1 0 1 1 3 0 0 2 0 0 0 0 3 0 0 0 0 0 1 0 0 0 1 1 0 0 0 0 0 0 0 1 0 0 0 0 0 0 1 0 0 0 0 0 7 0 0 0 0 0 0 0 0 0 0 0 0 0 0 0 0 0 0 0 0 0 0 0 0 1 2 0 1 0 1 0 0 0 0 0 2 0 3 0 1 0 0 0 0 3 0 0 0 1 0 0 1 0 0 0 0 0 0 0 0 0 1 0 0 0 0 0 0 0 0 0 0 1 0 0 0 7 0 0 0 0 0 0 0 0 0 0 0 0 0 0 0 0 0 1 0 0 0 0 0 0 0 0 0 0 0 0 0 0 3 4 0 0 1 0 0 0 1 0 0 0 2 2 0 0 1 0 0 0 2 0 0 0 0 1
950 6 8 3 1 4 1 5 2 3 0 6 6 4 1 2 8 0 0 4 3 9 2 2 5 0 9 5 9 7 0 0 1 3 2 1 4 10 0 0 0 0 0 0 0 0 0 0 0 1 0 0 0 0 0 0 0 0 0 0 2 1 3 5 4 0 0 2 0 0 0 0 0 0 0 0 0 0 0 0 0 1 0 4 0 0 0 0 1 0 0 1 0 0 0 1 0 0 0 0 0 0 0 0 5 0 0 0 0 0 0 0 0 0 0 0 0 0 0 0 0 0 0 0 0 0 0 0 0 0 1 0 4 0 9 0 0 0 0 4 1 1 4 0 0 0 0 0 0 1 0 0 0 0 1 0 0 0 1 0 0 1 0 0 0 0 0 0 1 0 0 0 0 1 0 1 0 0 0 0 3 4 0 0 1 0 2 0 0 0 0 0 0 0 1 0 0 0 0 2 0 0 0 0 0 0 0 0 0 0 5 0 0 0 4 0 0 0 0 0 0 0 0 0 0 0 0 1 0 0 1 0 1 0 0 0 3 0 0 0
769 6 1 0 0 2 2 1 0 4 1 5 0 4 1 0 3 0 0 0 3 4 2 1 8 2 1 2 1 1 0 0 6 4 2 0 3 7 0 0 0 0 0 0 0 0 0 0 0 1 1 0 0 0 0 0 0 0 0 0 0 0 0 4 1 0 0 2 0 0 0 0 0 0 1 1 0 0 0 0 0 0 0 2 1 0 0 0 0 0 0 0 0 0 0 0 0 0 0 0 0 0 0 0 1 0 0 0 0 0 0 0 0 1 0 0 0 0 0 0 0 0 0 0 0 0 0 0 0 0 0 0 1 0 6 0 1 0 0 8 1 0 7 0 0 0 0 0 1 0 0 0 0 0 0 0 0 0 2 0 0 0 0 0 0 0 0 0 1 0 0 0 0 1 0 0 0 0 0 2 0 0 0 0 2 1 1 0 0 0 0 0 0 0 0 0 0 0 0 1 0 0 0 0 0 0 0 0 0 1 1 0 0 0 1 0 0 0 0 0 0 0 0 0 0 0 6 0 2 0 0 0 0 0 0 0 1 0 0 0
1193 5 3 3 3 12 3 9 2 5 1 12 2 0 13 4 1 2 1 1 3 1 5 2 6 1 4 4 6 0 0 0 9 8 10 1 1 11 0 2 0 0 0 0 0 0 0 0 0 2 0 0 0 0 0 0 0 0 0 0 0 1 0 3 6 1 0 1 0 0 0 0 0 0 0 0 0 0 0 0 0 0 0 1 0 0 0 0 0 0 0 0 0 0 0 0 0 0 0 3 0 0 0 0 6 0 0 0 0 0 0 0 0 0 0 0 0 0 0 1 0 0 0 0 0 0 0 0 0 0 1 0 7 0 16 0 0 0 0 1 1 1 12 1 0 0 0 3 0 0 0 0 0 0 0 1 0 0 1 0 2 0 0 0 0 0 0 0 0 0 0 0 0 0 0 1 0 0 0 0 0 7 0 0 0 0 1 0 0 0 0 0 0 0 0 0 0 0 0 0 0 0 0 0 0 0 0 0 0 5 3 0 0 1 6 1 0 0 0 0 0 0 0 0 0 0 4 0 0 0 0 1 0 0 0 0 0 0 1 0
611 12 4 5 1 14 1 17 6 5 7 12 12 0 4 5 7 0 0 6 12 1 2 1 9 0 7 5 1 1 0 0 7 6 4 0 0 12 0 9 1 0 0 0 0 0 0 0 0 0 0 0 1 0 1 0 0 0 0 0 0 1 5 1 11 0 0 10 0 0 0 0 0 0 0 0 0 0 0 0 0 0 0 2 0 0 0 0 4 0 0 1 0 0 0 2 0 0 0 0 0 0 0 0 13 0 0 0 0 0 0 0 0 2 0 0 0 0 0 0 0 0 0 0 0 0 0 1 0 0 1 0 16 0 13 0 0 1 0 1 12 1 9 0 0 0 1 0 0 0 0 0 0 0 1 0 0 0 1 0 0 0 0 0 0 0 0 0 0 0 0 1 0 0 0 0 0 0 0 0 0 7 0 0 0 0 3 0 0 0 0 0 0 0 0 0 0 0 0 0 0 0 0 0 0 0 0 0 0 0 1 0 0 0 3 6 0 0 0 0 0 0 0 0 0 0 1 2 0 0 0 0 0 0 1 0 1 0 0 0
1209 10 5 3 3 8 4 5 2 4 0 6 1 5 9 2 6 2 1 0 0 0 1 2 8 4 6 10 3 4 0 0 5 7 12 1 6 12 0 2 0 0 1 1 0 0 0 0 0 1 0 0 0 0 0 0 0 0 0 0 0 1 0 3 2 1 0 1 0 0 0 1 1 0 0 0 0 0 0 0 0 0 0 0 0 0 0 0 0 0 0 0 0 0 0 0 0 0 0 0 0 0 0 0 4 0 1 0 0 0 0 0 0 0 0 0 0 0 0 0 1 0 0 0 0 0 0 0 0 0 0 0 4 0 6 0 0 0 0 2 0 0 14 0 0 0 0 0 0 0 0 0 0 0 2 0 0 0 1 1 0 0 0 0 0 0 0 0 0 0 1 0 0 1 0 0 0 0 0 0 2 7 0 0 0 0 2 0 0 0 0 0 0 0 0 0 0 0 0 0 0 0 0 1 0 0 0 0 0 1 1 0 0 0 11 0 0 0 0 0 0 0 0 0 0 0 6 0 1 0 0 1 0 0 0 0 0 0 0 0
409 12 3 3 0 25 1 19 0 7 0 12 5 2 11 5 1 2 0 2 5 6 3 1 1 4 2 2 4 6 0 0 9 14 14 0 2 16 0 3 0 0 0 1 0 0 0 1 0 0 0 0 0 0 0 0 0 0 0 0 0 0 1 1 1 0 0 1 0 1 0 0 1 0 0 0 0 0 0 0 0 1 0 7 0 1 0 0 1 0 0 1 0 0 0 0 0 0 0 0 0 0 0 0 11 0 1 1 0 0 0 0 0 0 0 0 0 0 0 0 0 0 0 0 0 0 0 0 1 1 2 0 10 0 12 0 0 0 0 2 2 0 12 0 1 0 0 0 0 0 0 0 0 1 0 1 0 3 0 3 0 2 0 0 1 1 1 0 0 0 1 0 0 0 0 0 0 0 0 0 1 9 0 0 1 1 8 0 0 0 0 0 1 0 1 1 0 0 0 0 1 1 0 1 0 0 0 1 0 1 4 0 1 0 16 3 0 0 0 0 2 0 2 0 0 0 3 1 3 1 0 0 1 2 0 1 1 0 0 1
816 8 5 6 2 8 1 10 2 0 2 4 3 0 8 9 2 0 0 2 3 3 3 1 9 0 5 7 2 1 0 0 10 6 1 0 4 9 0 3 1 0 0 0 0 0 0 0 0 1 0 0 0 0 0 0 1 0 0 0 0 0 3 3 1 0 0 1 0 0 0 0 0 0 1 0 0 0 0 0 0 0 0 0 0 0 2 0 5 0 0 0 0 0 0 0 0 0 0 0 0 0 0 0 8 0 0 0 0 0 0 0 1 0 0 0 0 0 0 0 0 0 0 0 0 0 0 0 0 1 0 0 8 0 3 0 0 0 0 2 4 1 12 0 0 0 1 0 0 0 0 1 0 0 0 0 1 0 1 0 0 1 0 0 0 0 0 0 0 0 0 2 0 1 0 0 0 0 0 0 0 7 0 0 0 0 3 1 0 0 0 0 0 0 0 0 0 0 0 0 1 0 0 0 0 0 0 0 0 0 1 0 0 0 6 4 0 0 0 0 0 0 0 0 0 0 1 1 1 0 0 0 0 1 0 0 1 0 0 0
869 5 1 0 1 9 0 4 0 0 0 7 0 2 7 0 2 0 0 0 2 0 0 1 3 0 1 2 0 0 0 0 0 1 3 0 0 3 0 0 0 0 0 0 0 0 0 1 0 0 0 0 0 0 0 0 0 0 0 0 0 0 0 0 0 0 0 1 0 0 0 0 0 0 0 0 0 0 0 0 0 0 0 2 0 1 0 0 0 0 0 0 0 0 0 0 0 0 0 0 0 0 0 0 0 0 0 0 0 0 0 0 0 0 0 0 0 0 0 0 0 0 0 0 0 0 0 0 0 0 1 0 0 0 4 0 0 0 0 1 1 0 1 0 0 0 0 0 0 0 0 0 0 0 0 0 0 0 1 0 1 0 0 0 0 0 0 0 0 0 0 0 0 0 0 1 0 0 0 0 0 1 0 0 0 0 1 0 0 0 0 0 0 0 0 0 0 0 0 1 0 0 0 0 0 0 0 0 0 0 0 0 0 0 1 1 0 0 0 0 0 0 0 0 0 0 1 0 0 0 0 0 0 0 0 0 0 0 0 0
1237 5 8 5 3 5 2 7 2 3 3 7 5 3 3 1 5 0 1 3 0 0 3 4 13 2 6 10 4 3 0 0 9 3 3 3 6 7 0 6 1 0 0 0 0 0 0 0 0 1 0 0 0 0 0 0 0 0 0 0 0 0 1 7 3 0 0 5 0 0 0 0 1 0 0 0 0 0 0 0 0 0 0 0 0 0 0 0 3 0 0 0 1 0 0 0 0 0 0 0 0 0 0 0 6 0 0 0 0 0 0 0 0 0 0 1 0 0 0 0 0 0 0 0 1 0 0 0 0 0 1 0 7 0 5 1 0 0 0 2 3 0 10 0 1 0 1 0 0 1 2 0 0 0 0 0 0 0 1 0 0 0 0 1 0 0 0 0 0 0 0 0 0 0 0 0 0 0 0 0 0 4 0 0 1 0 2 0 0 0 0 0 0 0 0 0 0 0 0 0 0 0 0 0 0 0 0 0 0 0 3 0 3 0 4 2 0 0 0 0 0 0 0 0 0 0 2 0 1 1 0 0 0 0 0 0 0 0 0 0
219 8 5 4 1 5 3 6 6 3 6 4 7 5 5 3 7 0 0 4 1 0 5 0 11 1 9 5 5 3 0 0 12 3 3 0 7 6 0 6 0 0 0 0 0 0 0 0 0 0 0 0 1 0 0 0 0 0 0 0 2 0 5 10 5 0 0 8 0 0 1 0 1 0 0 0 0 0 1 0 0 0 0 5 0 0 0 0 2 0 0 0 1 0 1 0 0 0 0 0 0 0 0 0 5 0 0 0 0 0 0 0 0 0 0 1 0 0 0 0 1 0 0 0 1 0 0 0 0 0 1 0 5 0 10 1 0 0 0 5 4 0 19 0 0 0 0 1 0 1 2 0 0 0 2 1 0 0 0 0 0 0 0 2 0 0 0 0 0 0 0 0 0 0 0 0 0 0 0 0 0 4 0 0 1 0 2 1 0 0 1 0 0 0 0 0 0 0 0 0 0 0 0 0 0 0 0 0 0 1 5 0 0 0 5 2 0 0 1 0 0 0 0 0 0 0 2 1 1 2 0 0 0 0 0 0 1 0 0 0
570 1 11 11 0 6 12 7 1 0 2 1 4 9 1 0 14 0 0 4 3 2 12 0 15 1 11 15 13 10 0 0 3 1 3 0 7 2 0 4 0 0 0 0 0 0 0 0 0 1 0 0 0 0 1 0 0 0 0 0 1 0 2 10 4 0 0 8 0 3 0 2 0 0 0 0 1 0 0 0 0 0 0 3 0 0 0 0 1 0 0 0 0 0 0 0 0 0 0 0 0 0 0 3 4 1 0 0 0 0 0 0 0 0 0 1 0 0 0 0 0 0 0 0 1 0 0 0 0 0 2 0 4 0 1 1 0 0 0 8 0 0 2 0 0 0 0 0 0 1 1 0 0 1 0 2 0 0 1 0 0 0 0 0 0 2 0 0 0 0 0 0 0 1 0 1 0 0 0 0 2 3 0 0 1 0 0 0 0 0 0 0 0 0 0 0 1 0 0 2 1 0 0 0 0 0 0 0 0 1 10 0 0 0 4 1 0 0 0 0 1 0 0 0 0 0 1 0 3 0 0 1 0 0 0 1 0 0 0 0
660 2 6 2 2 4 3 6 3 0 1 0 1 4 0 3 10 0 0 5 2 3 2 2 16 0 9 10 3 3 0 0 2 0 2 1 12 1 0 2 0 0 0 0 0 0 0 0 0 0 1 0 0 0 0 0 0 0 0 0 3 0 2 12 10 0 0 3 0 0 0 0 0 0 0 0 0 0 1 0 0 0 0 5 0 0 0 0 2 0 0 0 0 0 0 0 0 0 0 5 0 0 2 0 3 0 0 0 0 0 0 0 0 1 0 1 0 0 0 0 0 0 0 0 1 0 0 1 0 0 1 0 1 0 1 0 0 0 0 2 0 4 1 0 0 1 0 2 0 1 0 0 0 0 1 0 1 0 0 0 0 0 0 0 1 1 0 0 0 0 1 0 0 0 0 0 0 0 0 0 5 2 0 0 1 0 0 0 0 1 0 0 0 0 0 1 1 0 0 0 0 0 0 0 0 0 0 0 0 1 5 0 0 1 2 2 0 0 0 0 0 0 0 0 0 0 0 0 4 0 0 0 0 0 0 0 0 0 0 0
