1314 17 31 16 0 34 22 19 10 17 16 26 15 25 16 11 26 3 3 1 23 27 19 2 26 5 26 27 28 22 0 1 18 20 23 3 13 22 0 29 1 0 0 0 0 0 0 0 0 3 0 0 0 0 0 0 0 0 0 0 6 1 12 21 11 0 0 26 0 0 0 0 0 0 0 0 0 0 2 0 0 0 0 15 0 0 0 0 19 0 0 0 0 0 1 0 0 0 0 0 0 0 0 0 29 0 1 0 0 0 1 0 5 0 0 1 0 0 0 0 0 0 0 0 0 0 0 0 0 1 1 0 38 0 31 0 0 0 0 21 4 3 16 1 2 3 0 0 0 4 0 0 0 0 4 0 4 0 0 0 0 0 1 1 0 0 0 0 0 1 1 4 0 2 0 0 0 0 1 0 2 22 0 0 2 0 7 0 0 0 0 0 0 0 1 0 0 0 0 1 5 0 1 0 0 0 0 0 0 1 14 0 2 0 7 16 0 0 0 0 0 0 0 0 0 0 5 0 6 1 2 0 0 0 1 1 0 0 0 0
365 12 16 13 0 21 5 13 9 6 5 10 7 14 7 8 7 0 0 4 19 12 9 0 13 2 9 8 15 10 0 0 5 7 13 0 5 13 0 11 0 0 0 0 0 0 0 0 0 0 0 0 0 0 0 0 0 0 0 0 6 0 7 13 3 0 0 10 0 0 0 0 0 0 0 0 0 0 0 0 0 0 0 11 0 0 0 0 18 0 0 0 0 0 0 0 0 0 0 0 0 0 0 0 21 0 0 0 0 0 0 0 3 0 1 0 0 0 0 0 0 0 0 0 0 0 0 0 0 0 0 0 31 0 22 1 0 0 0 9 4 0 11 1 0 3 0 0 0 0 0 0 0 0 0 0 0 0 1 1 1 1 0 0 0 1 0 0 0 0 0 0 0 3 0 0 0 0 0 0 0 11 0 0 1 1 6 0 0 0 0 0 0 0 0 0 0 0 0 0 1 0 1 0 0 0 0 0 0 0 6 0 0 0 8 12 0 0 0 0 0 0 0 0 0 0 2 0 4 0 0 0 0 0 0 0 0 0 0 1
310 7 18 22 0 17 14 10 9 0 13 1 7 18 0 5 19 0 0 3 17 19 15 0 27 2 28 10 15 15 0 0 1 2 0 0 8 7 0 17 0 0 0 0 0 0 0 0 0 0 0 0 0 0 0 0 0 0 0 0 4 0 15 18 16 0 0 9 0 2 0 1 0 0 0 0 0 0 0 0 0 0 0 11 0 0 2 0 19 0 0 0 0 0 0 1 0 0 1 0 0 0 0 2 17 0 0 0 0 0 0 0 3 0 0 0 0 0 0 0 0 0 0 0 0 0 0 0 0 0 0 0 24 0 22 0 0 0 0 18 7 0 2 1 0 4 0 0 0 0 0 0 0 0 0 0 0 0 0 0 0 0 1 0 0 0 0 0 0 1 1 2 0 1 0 0 0 0 0 0 2 0 0 0 1 0 3 0 0 0 0 1 0 1 0 0 0 0 0 0 1 1 1 0 0 0 1 0 0 0 12 0 1 0 1 14 0 0 0 0 0 0 0 0 0 0 2 1 4 0 0 0 0 0 0 0 2 0 0 0
1220 16 24 27 0 43 20 40 10 3 21 11 17 31 18 8 38 3 3 17 13 27 26 2 37 6 43 35 15 18 0 1 21 13 23 3 22 30 0 5 0 0 0 0 0 0 0 0 0 3 0 0 0 0 0 0 0 0 0 0 2 1 11 40 9 0 0 27 0 1 0 2 0 0 0 0 1 0 1 0 0 0 0 17 0 0 1 0 15 0 0 1 0 0 0 0 0 0 0 0 0 0 0 0 40 0 1 0 0 0 1 0 0 0 0 0 0 0 0 0 0 0 0 0 0 0 0 0 0 3 0 0 36 0 26 0 0 0 0 19 16 2 26 0 1 1 1 0 1 1 0 0 0 1 8 1 0 1 0 0 1 2 1 0 0 1 0 1 2 0 2 0 0 2 1 1 0 0 0 0 8 14 0 0 6 2 4 0 0 0 1 0 1 0 0 0 0 0 0 1 1 2 0 0 0 0 0 0 0 1 22 0 0 0 17 10 0 0 0 0 0 0 2 0 1 0 5 1 5 0 0 0 2 0 4 0 0 0 0 0
56 4 3 6 0 5 1 5 3 0 3 1 0 4 4 0 4 0 0 3 2 1 2 0 6 0 7 8 0 1 0 0 1 3 6 0 5 1 0 2 0 0 0 0 0 0 0 1 0 1 0 0 0 0 0 0 0 0 0 0 0 0 2 9 1 0 1 2 0 0 0 1 0 0 0 0 0 0 0 0 0 0 0 2 0 0 0 0 5 0 0 0 0 0 0 0 0 0 0 0 0 0 1 0 2 0 0 0 0 0 0 0 0 0 0 0 0 0 0 1 0 0 0 0 1 0 0 0 0 0 0 0 3 0 1 0 0 0 0 2 3 0 7 0 0 0 0 0 0 0 0 0 0 0 1 0 0 1 0 0 0 2 1 0 0 0 0 1 1 0 1 0 0 0 0 0 0 0 0 0 1 3 0 0 0 1 1 0 0 0 0 0 0 0 0 0 0 0 0 0 1 1 0 0 0 0 0 0 1 0 3 0 0 0 5 1 0 0 0 0 0 0 0 0 1 0 0 0 5 0 0 0 0 0 0 0 0 0 0 0
144 12 9 8 2 13 5 12 3 2 4 2 3 8 4 1 8 1 1 3 3 7 9 0 14 1 14 9 5 2 0 0 4 7 2 0 4 5 0 2 0 0 0 0 0 0 0 0 0 0 0 0 0 0 0 0 0 0 0 0 2 0 3 15 5 0 0 6 0 0 0 1 0 1 0 0 0 1 0 0 0 0 0 5 0 0 0 0 5 0 0 0 0 0 0 0 0 0 0 2 0 0 0 0 10 0 0 0 0 0 1 0 0 0 0 0 0 0 0 0 0 0 0 0 2 0 0 0 0 0 0 0 11 0 5 0 0 0 0 5 2 1 7 0 0 0 0 0 0 0 1 0 0 0 2 1 0 1 1 0 0 1 0 0 0 0 0 1 1 0 3 0 0 0 1 0 1 0 0 0 2 8 0 0 0 1 4 1 0 0 0 0 0 0 1 0 0 0 0 0 1 1 0 0 0 0 0 0 1 0 7 0 1 0 4 3 0 0 0 0 0 0 0 0 0 0 0 0 9 0 0 1 0 0 1 0 0 1 0 0
336 9 9 23 0 21 16 22 7 4 6 1 7 26 3 4 11 0 0 11 7 13 17 0 21 2 27 8 11 16 0 0 5 2 2 0 9 13 0 5 0 0 0 0 0 0 0 0 0 0 0 0 0 0 0 0 0 0 0 0 2 1 14 21 7 0 0 10 0 0 0 1 0 0 0 0 0 1 0 0 0 0 0 18 0 0 0 0 8 0 0 0 0 0 0 1 0 0 0 0 0 0 0 1 21 0 0 1 0 1 0 0 0 0 0 0 0 0 0 0 0 0 0 0 0 0 0 0 0 0 0 0 22 0 10 0 0 0 0 16 7 1 5 0 0 0 1 0 0 0 1 0 0 1 2 0 0 0 1 1 1 0 1 0 0 0 0 0 0 0 1 0 0 2 0 1 0 0 0 1 3 5 0 0 2 0 1 0 0 0 0 0 0 0 0 0 0 0 0 1 1 0 0 0 0 0 0 0 0 0 11 0 0 0 6 5 0 0 0 0 0 0 0 0 0 0 3 1 1 0 3 0 3 0 5 0 2 0 0 0
620 16 13 5 5 27 18 26 7 4 4 5 14 19 5 8 12 1 0 5 7 12 22 0 14 4 18 10 13 13 0 0 12 13 13 1 15 23 0 3 0 0 0 0 0 0 0 0 0 1 0 0 0 0 0 0 0 0 0 0 8 1 3 13 5 0 0 9 0 1 0 0 0 0 0 0 0 0 0 0 0 0 0 16 1 0 0 0 3 0 0 0 0 0 1 0 0 0 1 6 0 0 1 0 21 0 2 1 0 0 0 1 0 0 0 0 0 0 0 1 0 0 0 0 0 0 1 0 0 1 0 0 25 0 19 0 0 0 0 21 5 1 10 0 0 1 0 3 0 1 1 0 0 4 3 0 0 0 1 0 1 1 0 1 0 1 0 0 0 0 1 0 2 0 0 0 0 1 1 0 11 5 0 0 5 1 3 0 0 0 1 0 0 0 0 0 0 0 0 1 2 0 0 0 0 0 0 0 0 0 14 0 0 1 8 5 0 0 0 0 0 0 1 0 0 0 2 0 3 0 0 0 0 0 4 0 0 0 0 0
332 15 11 5 2 27 12 24 3 7 7 0 15 19 5 6 6 1 0 5 15 8 13 0 19 3 13 9 13 13 0 0 10 3 7 0 9 25 0 3 0 0 0 0 0 0 0 0 0 0 0 0 0 0 0 0 0 0 0 0 5 1 2 13 7 0 0 8 0 0 0 0 0 0 0 0 0 0 0 0 0 0 0 16 0 0 0 0 8 0 0 0 0 0 0 0 0 0 0 4 0 0 0 0 27 0 0 0 0 0 0 1 1 0 0 1 0 0 0 0 0 0 0 0 0 0 1 0 0 1 1 0 27 1 17 0 0 0 0 21 5 2 9 0 0 1 0 0 0 0 0 0 0 1 0 0 1 1 0 2 1 0 0 1 0 0 0 1 0 0 0 0 1 1 1 0 0 1 1 0 2 5 0 0 4 2 2 0 0 0 1 0 0 0 0 0 0 0 0 0 1 0 0 0 0 0 0 0 0 0 15 0 0 0 5 5 0 0 0 0 0 0 0 0 0 0 1 0 1 0 0 3 0 0 4 0 1 0 0 0
204 12 10 8 2 23 7 14 2 10 4 0 11 9 1 1 8 0 0 3 7 7 10 0 16 3 9 4 11 7 0 0 8 2 5 0 6 16 0 7 0 0 0 0 0 0 0 0 1 3 0 0 2 0 1 0 0 0 0 0 4 0 2 7 5 0 0 6 0 0 0 0 0 0 0 0 0 0 0 0 0 0 0 10 1 0 0 0 4 0 0 1 0 0 0 0 0 0 0 2 0 0 0 0 14 1 0 1 0 0 0 1 0 0 0 0 0 0 0 1 0 0 0 0 0 0 0 0 0 2 0 0 13 0 6 1 0 0 0 14 2 1 10 0 0 1 0 1 0 1 0 0 0 1 0 1 1 0 0 0 1 0 0 1 0 0 0 0 0 0 0 0 1 0 0 1 0 2 0 0 2 6 0 0 3 1 1 0 0 0 1 0 0 0 0 1 0 0 0 0 0 0 0 0 0 0 0 0 0 1 11 0 0 0 4 3 0 0 0 0 0 0 0 0 0 0 3 1 4 0 0 1 0 0 2 0 0 1 0 0
306 18 13 10 1 21 12 18 8 4 7 4 16 18 7 8 7 1 0 5 10 11 18 0 15 5 18 7 14 10 0 0 10 6 6 0 7 29 0 6 2 0 0 0 0 0 0 0 0 1 0 0 0 0 0 0 0 0 0 0 7 2 5 18 8 0 0 9 0 0 0 0 0 0 0 0 0 0 0 0 0 0 0 13 0 0 1 0 6 0 0 0 0 0 0 0 0 0 0 3 0 0 0 0 31 0 0 0 0 0 0 1 0 0 0 0 0 0 0 0 0 0 0 0 0 0 1 0 0 2 0 0 27 0 18 1 2 0 0 18 10 1 10 1 0 1 0 0 0 1 0 0 0 1 0 0 2 0 0 0 1 0 0 1 0 0 0 0 0 0 0 1 1 0 0 0 0 1 1 0 2 7 0 0 3 1 5 0 0 0 1 0 0 0 0 0 0 0 0 0 1 0 0 0 0 0 0 0 0 0 9 0 0 0 1 5 0 0 0 0 0 0 0 0 0 0 2 1 1 0 1 0 0 1 4 0 0 0 0 0
273 18 12 9 1 25 14 16 7 1 14 2 10 15 6 9 18 1 0 8 6 12 14 0 19 2 23 15 9 17 0 0 3 5 7 0 17 18 0 7 1 0 0 0 0 0 0 1 0 0 0 0 0 0 0 0 0 0 0 0 6 1 9 19 8 0 0 18 0 3 0 0 0 0 0 0 0 0 1 0 0 0 0 13 0 0 2 0 10 0 1 0 0 0 0 0 0 0 0 3 0 0 0 0 31 0 0 0 0 0 0 3 0 1 0 0 0 0 0 0 0 0 0 0 0 0 1 0 0 1 0 0 24 0 13 0 0 0 0 18 8 2 4 0 0 2 0 0 0 2 0 0 0 2 1 0 1 0 0 0 1 0 1 2 0 1 0 0 0 0 1 1 1 0 1 0 0 3 1 0 4 4 0 0 4 0 5 0 0 0 1 0 0 0 0 0 1 0 0 0 1 0 0 0 0 0 1 0 0 0 7 0 1 0 0 12 0 0 0 0 0 0 0 0 1 0 2 0 6 0 0 0 0 0 4 0 0 0 0 0
1201 16 18 17 0 31 17 26 7 8 2 23 17 10 18 4 25 4 1 12 26 22 26 1 18 3 28 15 24 14 0 1 27 14 16 1 8 32 0 10 0 0 0 0 0 0 0 0 0 0 0 0 0 0 0 0 0 0 0 1 2 0 3 10 12 0 1 10 0 0 0 0 0 0 0 0 1 0 0 0 0 8 0 17 0 0 3 0 10 0 0 0 0 0 0 0 0 0 0 0 0 0 0 0 16 1 0 0 0 0 0 0 0 0 0 2 0 0 0 0 0 0 0 0 0 0 0 0 1 1 1 0 42 0 27 0 0 0 0 15 19 2 28 0 1 0 1 1 0 0 0 0 0 2 2 0 2 0 1 0 0 1 0 0 2 0 1 0 1 0 0 0 0 0 0 0 0 0 0 1 7 16 0 0 2 1 4 1 0 0 0 0 0 1 1 1 0 0 0 1 0 0 0 0 0 0 0 0 0 1 9 0 0 0 20 3 0 0 0 0 0 0 1 0 2 0 3 1 2 0 0 0 2 0 1 0 0 0 0 0
130 7 5 6 3 5 8 3 5 2 2 2 3 1 3 1 6 2 0 3 4 7 8 0 4 0 7 5 9 6 0 0 1 2 1 0 5 4 0 3 0 0 0 0 0 0 0 0 0 0 0 0 0 0 0 0 0 0 0 1 2 0 3 3 8 0 0 0 0 0 0 0 0 0 0 0 0 0 0 0 0 0 0 8 0 1 0 0 3 0 0 0 0 0 0 0 0 0 0 0 0 0 1 0 8 0 0 0 0 0 0 0 0 0 0 1 0 0 0 0 0 0 0 0 0 0 0 0 0 0 0 0 14 0 6 0 0 0 0 6 5 0 1 0 0 2 0 1 0 0 0 0 0 0 1 0 0 0 0 0 0 0 0 0 0 0 0 0 0 0 1 0 0 0 0 1 0 0 0 0 3 2 0 0 1 0 3 0 0 0 0 0 0 0 1 0 0 0 0 0 0 0 0 0 0 0 0 0 0 0 4 0 0 0 6 1 0 0 0 0 0 0 0 0 1 0 0 1 0 0 2 0 1 0 1 0 0 1 0 0
230 10 9 4 1 6 13 8 3 7 0 1 10 10 3 0 7 3 0 7 12 10 18 1 4 2 10 7 14 5 0 1 5 3 6 0 3 19 0 3 0 0 0 0 0 0 0 0 0 0 0 0 0 0 1 0 0 0 0 1 1 0 0 3 9 0 1 6 0 0 0 0 0 0 1 0 0 0 0 0 1 4 0 18 0 0 1 1 5 0 0 0 0 0 0 1 0 0 0 0 0 0 0 0 9 0 0 0 0 0 0 0 0 1 0 0 0 0 0 0 0 0 0 0 0 0 0 0 0 0 1 0 18 0 12 0 0 0 0 7 5 1 7 0 1 1 0 0 0 0 0 0 0 1 1 1 0 0 0 1 0 0 0 0 0 0 0 0 2 0 0 0 0 0 0 0 0 0 0 0 3 0 0 0 3 1 5 0 0 0 0 0 1 0 3 0 0 0 0 2 0 0 0 0 0 0 0 0 0 0 7 0 0 0 8 0 0 0 0 0 0 0 0 0 2 0 3 0 1 0 0 1 2 0 1 0 0 0 0 0
413 17 11 5 0 12 16 9 4 6 0 5 13 20 2 1 11 1 0 5 14 12 23 0 12 0 14 11 15 10 0 1 5 9 4 0 3 21 0 4 0 0 1 0 0 0 0 0 0 0 0 0 0 0 0 0 0 0 0 1 1 0 7 6 2 0 1 14 0 0 1 0 0 0 0 0 0 0 0 0 0 4 0 25 0 0 2 0 9 0 0 0 0 0 0 0 0 0 0 0 0 0 0 0 7 0 0 0 0 0 0 1 0 1 0 0 0 0 0 0 0 0 0 0 0 1 0 0 1 0 2 0 12 0 17 1 0 0 0 10 4 0 4 0 1 2 0 1 0 0 0 0 0 1 0 2 0 0 0 0 0 1 0 0 0 1 1 1 1 0 0 0 0 2 0 0 0 0 0 0 4 4 0 0 2 0 4 0 1 0 0 0 0 1 0 0 0 0 0 0 0 0 0 0 0 0 0 0 0 0 8 0 0 0 5 7 0 0 0 1 0 0 1 0 0 0 8 0 1 0 2 0 1 0 1 0 1 0 0 0
20 8 4 4 0 4 5 2 2 4 0 4 4 9 2 1 2 0 0 2 3 2 3 0 5 0 6 2 5 2 0 0 0 6 2 0 2 4 0 0 0 0 0 0 0 0 0 0 0 0 0 0 0 0 0 0 0 0 0 0 0 1 2 3 0 0 0 3 0 0 1 1 0 0 0 0 0 1 0 0 0 0 0 7 0 0 0 0 2 0 0 1 0 0 0 0 0 0 0 0 0 0 0 1 2 0 0 0 0 0 0 0 0 1 0 0 0 0 0 0 0 0 0 0 0 0 0 0 0 0 0 1 3 0 3 0 0 0 0 3 0 0 0 1 0 0 0 0 0 0 0 0 0 0 0 1 0 0 0 0 0 0 0 0 0 1 1 0 0 0 0 0 0 1 0 0 0 0 0 1 0 3 0 0 1 1 1 0 1 0 0 0 0 0 0 0 0 0 0 0 0 0 0 0 0 0 0 0 0 0 5 0 0 0 2 5 0 0 0 0 0 0 0 0 0 0 1 0 1 1 2 0 1 0 1 0 0 0 0 0
133 14 6 2 0 10 11 7 5 5 3 3 11 15 6 3 8 1 0 2 9 7 16 0 9 0 9 4 17 5 0 1 3 8 5 0 3 21 0 2 1 0 0 0 1 0 0 1 0 0 0 0 2 0 0 0 0 0 0 1 1 1 2 5 1 0 1 4 0 0 1 0 0 0 0 0 0 0 0 0 0 2 0 16 0 0 1 0 3 0 0 0 0 0 0 0 0 0 0 0 0 0 0 0 8 0 0 0 0 0 0 1 0 0 0 0 0 0 0 0 1 0 0 0 0 0 0 0 0 0 2 0 10 1 17 0 1 0 0 14 3 0 4 0 1 0 0 0 2 1 0 0 0 2 0 2 0 0 0 0 0 0 0 0 2 1 2 2 1 0 0 0 0 1 1 0 0 0 0 0 1 6 0 0 2 1 5 0 1 0 0 0 0 0 0 0 0 0 0 0 0 0 0 0 0 1 1 0 0 0 6 0 0 0 4 1 0 0 0 0 0 0 1 0 0 0 1 0 1 0 0 0 1 1 1 0 2 0 0 0
18 6 2 1 0 4 3 1 3 2 2 0 1 5 3 2 1 1 0 0 2 3 4 0 4 0 1 1 7 1 0 1 1 3 1 0 0 6 0 0 1 0 0 0 0 0 0 0 0 0 0 0 1 0 0 0 0 0 0 0 0 0 1 3 0 0 0 0 0 0 1 0 0 0 0 0 0 0 0 0 0 0 0 3 0 0 0 0 0 0 0 0 0 0 0 0 0 0 0 0 0 0 0 0 6 0 0 0 0 0 0 0 0 0 0 0 0 0 0 0 1 0 0 0 0 0 1 0 0 0 0 0 5 0 3 0 0 0 0 5 1 0 1 0 0 0 0 0 0 0 0 0 0 0 0 0 0 0 1 0 0 0 0 0 0 1 1 0 1 0 0 0 0 0 1 0 0 0 0 0 0 1 0 0 1 0 4 0 1 0 0 0 0 0 0 0 0 0 0 0 0 1 0 0 0 1 0 0 0 0 1 0 0 0 2 1 0 0 0 0 0 0 1 0 0 0 0 0 0 0 0 0 0 0 0 1 0 0 0 0
967 5 15 12 0 19 12 9 5 1 3 6 7 11 6 3 17 2 2 7 4 15 18 5 29 5 19 24 15 7 1 2 13 10 8 3 14 10 2 4 1 0 1 0 0 0 0 0 0 1 0 0 1 0 0 0 0 0 0 1 0 1 8 18 7 0 2 8 0 0 0 2 0 0 0 0 1 1 0 0 0 1 0 8 0 0 2 0 11 0 2 1 0 0 0 0 0 0 1 1 0 0 0 1 7 0 0 0 0 0 0 0 2 0 0 1 0 0 0 0 1 0 0 0 0 0 0 2 0 2 0 0 8 1 6 1 1 0 0 17 11 0 12 0 1 2 2 3 1 0 2 1 0 0 3 2 2 1 0 1 1 1 3 1 4 3 0 1 0 0 0 2 0 2 0 1 0 0 1 0 4 6 0 0 3 0 1 0 0 0 0 0 0 0 0 0 0 0 0 1 2 1 0 0 0 0 5 0 0 4 11 0 2 0 5 11 0 0 0 0 0 0 0 0 1 0 1 1 3 4 1 1 0 0 2 2 0 0 1 0
1619 34 38 26 0 58 25 43 14 28 19 16 18 26 22 6 31 3 2 21 33 27 29 7 50 14 30 29 24 29 0 4 42 27 27 2 23 56 0 31 0 0 0 0 0 0 0 0 0 2 0 0 3 0 0 0 0 1 0 0 4 4 16 33 24 0 0 28 0 0 1 1 0 0 1 0 0 0 1 0 0 0 0 20 0 5 4 1 9 0 0 0 1 0 0 2 0 1 0 0 0 0 0 1 51 0 2 0 0 0 1 2 4 1 0 0 0 0 0 0 0 0 0 0 0 0 0 0 0 1 4 0 43 2 39 0 1 0 0 20 11 1 33 0 0 0 0 0 0 0 2 0 0 3 12 1 0 0 2 0 0 0 0 1 2 0 2 0 0 0 1 0 0 2 1 0 0 0 1 0 3 20 0 0 4 2 7 0 0 0 0 0 0 0 0 0 0 0 0 0 0 0 0 0 0 0 1 0 1 2 18 1 2 0 29 24 0 0 0 0 3 0 1 0 0 0 8 0 6 1 1 0 1 1 1 0 1 0 0 0
271 14 20 10 0 7 11 16 7 14 11 7 9 10 8 11 14 0 1 8 20 10 11 0 24 6 13 11 11 14 0 0 12 12 18 0 19 15 0 13 0 0 0 0 0 0 0 0 0 0 0 0 3 0 0 0 0 1 0 0 1 0 8 15 13 0 0 12 0 0 1 1 0 0 0 0 0 0 1 0 0 0 0 8 0 0 0 1 10 0 0 0 1 0 0 1 0 0 1 0 0 0 0 0 11 0 0 0 0 0 0 1 0 1 0 0 0 0 0 0 1 0 0 0 0 0 0 0 0 2 3 0 12 1 12 0 0 0 0 9 8 1 16 0 0 0 0 0 0 0 2 0 0 2 9 0 0 0 2 1 1 1 0 1 0 0 1 1 0 0 2 0 0 2 0 0 0 0 0 0 2 14 0 0 0 0 3 0 0 0 0 0 0 0 0 0 0 0 0 0 0 0 0 0 0 0 0 0 0 0 12 0 1 0 12 15 0 0 0 0 2 0 0 0 0 0 3 0 3 0 2 0 1 0 0 1 0 0 0 0
608 41 32 20 1 68 22 55 15 21 22 19 28 21 35 2 46 1 0 25 31 18 29 3 45 8 39 34 28 28 0 0 38 27 18 0 24 59 2 23 3 0 0 1 0 0 0 1 0 1 0 0 0 0 0 0 0 0 0 1 4 1 37 31 25 1 0 26 0 4 0 0 1 0 1 0 0 1 1 0 0 2 1 18 0 5 4 0 6 0 0 0 0 2 0 0 0 1 1 0 0 1 0 2 58 0 0 0 0 0 0 3 2 0 3 0 1 0 2 0 0 0 0 0 0 0 0 5 3 4 2 0 54 0 55 0 2 1 0 28 19 2 33 1 4 3 0 0 0 1 0 1 7 6 0 1 3 2 3 0 3 0 0 2 3 6 1 2 4 1 0 0 0 0 0 1 0 0 3 1 7 21 0 3 2 1 9 0 1 4 2 3 0 0 1 0 0 0 0 1 1 0 1 0 0 0 0 0 1 1 22 0 3 0 32 38 1 0 0 0 2 0 3 2 0 1 2 4 2 1 2 0 1 1 0 6 1 0 0 2
256 16 18 10 1 14 3 26 11 8 15 10 15 6 16 7 21 0 0 11 14 11 12 1 25 3 10 13 11 8 0 0 13 6 11 0 4 21 1 7 1 0 0 0 0 0 0 0 0 0 0 0 0 0 0 0 0 0 0 1 1 0 20 15 7 1 0 8 0 0 0 0 1 0 0 0 0 0 0 0 0 2 1 8 0 0 3 0 6 0 0 0 0 0 0 0 0 0 0 0 0 0 0 0 19 0 0 0 0 0 0 2 2 0 2 1 0 0 1 0 0 0 0 0 0 0 0 1 1 3 2 0 19 0 20 0 2 0 0 16 7 2 12 0 3 0 0 0 2 0 0 0 1 0 0 0 0 0 1 1 1 0 0 0 0 0 2 1 0 0 0 0 0 1 0 1 0 0 2 0 2 10 0 3 1 0 2 0 0 4 1 1 0 0 1 0 0 0 0 1 1 0 0 0 0 0 0 0 0 0 9 1 0 0 11 14 0 0 0 0 0 0 3 0 0 0 0 0 0 0 0 0 1 0 0 3 1 0 2 0
219 15 17 8 0 17 14 23 9 9 17 7 19 8 8 3 21 0 0 13 20 9 14 1 27 7 12 16 20 7 0 0 5 13 6 0 9 20 1 12 1 0 0 0 0 0 0 0 0 1 0 0 1 0 0 0 1 0 0 1 2 0 19 19 10 1 0 12 0 0 0 0 1 0 0 0 1 0 0 0 0 2 1 9 0 0 3 0 8 0 0 0 0 0 0 0 0 0 0 0 0 0 0 0 19 0 0 0 0 0 0 2 2 0 2 0 0 0 1 0 0 0 0 0 0 0 0 1 1 3 2 0 21 0 21 0 2 0 0 18 6 3 6 0 3 2 0 0 0 0 0 0 1 0 0 0 0 1 0 0 1 0 0 0 0 0 0 1 0 0 0 0 0 0 0 1 0 0 2 0 2 8 0 3 1 0 4 1 0 4 1 1 0 0 0 0 0 0 0 0 1 0 1 0 0 0 0 0 0 0 8 0 1 0 6 15 0 0 0 0 0 0 3 0 0 0 1 0 0 0 0 0 3 0 0 3 1 0 1 0
192 15 26 13 0 16 5 21 12 8 17 5 13 13 10 2 28 1 0 17 16 9 15 1 28 4 18 20 16 11 0 0 5 8 1 0 10 20 1 12 1 0 0 0 0 0 0 0 0 0 0 0 0 0 0 1 0 0 0 1 0 0 23 20 10 1 0 9 0 0 0 0 2 0 0 0 0 0 0 0 0 2 1 10 0 1 3 0 9 0 0 0 0 0 1 0 0 0 0 0 0 0 0 0 21 0 0 0 0 1 0 3 2 0 3 0 0 0 1 0 0 0 0 0 0 0 0 1 1 4 1 0 16 0 16 0 2 0 0 19 10 2 5 0 3 0 0 0 0 0 1 0 1 1 1 0 1 0 0 1 3 1 0 0 0 0 0 2 0 0 1 0 0 0 0 1 0 2 2 0 4 5 0 3 2 0 5 0 0 4 2 1 0 0 0 0 0 0 0 0 2 0 0 1 0 1 0 0 0 0 11 0 0 0 5 16 0 0 0 0 1 0 3 0 0 0 1 1 1 0 3 0 1 0 0 3 1 0 0 0
787 54 39 21 1 75 21 60 15 18 21 19 35 23 25 5 31 1 0 10 36 25 29 1 43 7 30 27 21 26 0 0 28 32 38 0 17 45 0 17 1 0 4 0 0 0 0 0 0 0 0 0 0 0 2 0 0 1 0 0 3 3 12 37 19 0 0 26 0 0 0 1 1 0 2 0 0 0 0 0 0 0 0 18 0 5 0 0 13 1 0 1 0 1 1 2 1 1 2 0 0 0 0 1 51 0 0 0 0 0 0 2 2 0 0 0 0 0 0 0 0 0 0 0 0 0 0 0 0 0 2 0 46 0 56 1 0 3 0 25 10 0 25 0 0 0 0 0 0 3 4 0 0 1 2 0 1 2 2 0 1 0 0 2 0 2 1 0 0 1 1 0 0 4 0 0 1 2 0 0 7 22 0 0 5 1 9 0 0 1 0 0 0 0 0 1 0 0 0 0 0 1 0 0 0 0 0 0 1 1 31 0 2 0 40 11 0 0 0 0 0 0 0 0 0 0 3 0 2 0 1 0 0 1 0 4 0 1 0 0
271 20 15 10 0 24 9 28 6 4 10 5 17 14 7 2 14 0 0 2 18 19 22 1 28 3 17 11 16 13 1 1 6 0 3 1 8 26 0 11 0 0 3 0 0 0 0 0 0 0 0 0 1 0 0 0 0 1 0 0 0 0 7 14 10 0 0 7 0 1 0 2 0 0 0 0 0 1 0 0 0 0 0 9 0 0 1 0 13 0 0 0 0 0 0 0 1 0 0 0 0 0 0 0 22 0 0 0 0 0 0 0 0 0 0 0 0 0 0 0 0 0 0 0 0 0 0 0 0 1 1 0 20 0 26 0 0 1 0 11 8 1 10 0 1 0 0 0 0 2 1 0 0 0 0 1 1 0 1 3 1 0 0 0 0 1 0 1 0 0 0 0 0 3 0 0 0 0 1 0 2 4 0 0 1 0 1 0 0 1 1 0 0 0 0 0 0 0 0 0 2 0 1 2 0 0 0 0 0 1 15 0 0 0 9 7 0 0 0 0 0 0 0 0 1 0 3 1 0 4 1 0 0 0 0 0 0 1 0 0
361 18 13 7 1 21 9 27 4 5 11 4 17 12 6 5 7 0 0 3 15 20 14 0 21 4 10 9 12 13 0 0 7 5 8 0 4 21 0 6 1 0 2 0 0 0 0 0 0 0 0 0 0 0 0 0 0 0 0 0 0 0 7 15 7 0 0 12 0 0 0 1 0 0 0 0 0 0 0 0 0 0 0 6 0 0 0 0 10 0 0 0 0 0 0 0 0 0 0 0 0 0 0 0 26 0 0 0 0 0 0 0 1 1 0 0 0 0 0 0 0 0 0 0 0 0 0 0 1 0 0 0 19 0 17 0 0 1 0 12 3 0 8 0 0 0 2 0 0 2 1 0 0 0 1 0 1 0 1 1 1 0 1 1 0 1 0 0 0 0 0 0 0 1 0 0 0 0 0 0 3 5 0 0 2 0 1 0 0 1 0 0 0 0 0 0 0 0 0 0 0 0 0 0 0 0 0 0 0 0 13 0 0 0 6 10 0 0 0 0 0 0 0 0 0 0 1 1 1 0 0 0 0 0 0 0 0 1 0 1
1245 37 34 46 0 53 20 30 18 14 28 17 29 24 23 10 28 4 1 17 24 9 29 9 62 7 38 36 32 25 2 4 14 25 29 3 32 48 3 25 1 1 2 0 0 0 0 0 0 2 0 0 5 0 3 0 0 0 2 0 6 0 24 49 24 1 0 16 0 0 0 3 2 1 0 0 0 3 0 0 0 0 0 21 1 0 0 0 30 0 2 2 1 0 0 2 0 0 2 0 0 0 0 1 40 0 3 0 0 0 1 2 1 1 0 0 0 0 0 2 1 0 1 0 0 0 0 3 1 1 3 0 37 0 33 1 0 2 1 23 29 3 23 2 1 6 2 2 0 1 1 0 1 1 6 1 0 3 3 4 0 1 2 2 3 1 0 4 1 0 3 1 0 4 0 1 0 0 3 4 9 14 0 0 5 1 4 1 0 0 0 0 0 0 0 0 1 1 0 1 8 3 0 1 0 0 2 1 0 3 26 1 1 0 23 32 0 0 0 1 4 0 1 0 2 0 2 5 12 2 1 0 1 4 5 0 2 2 0 1
251 10 6 10 3 10 2 6 6 5 8 12 3 4 4 5 4 1 0 5 8 1 6 0 28 3 14 6 9 9 0 0 2 9 4 0 13 8 0 6 2 0 0 0 0 0 0 0 0 2 0 0 4 0 2 0 0 0 1 0 0 0 4 18 15 1 0 8 0 1 1 3 1 1 0 0 1 1 0 0 0 0 0 6 1 0 0 0 9 0 1 0 1 0 0 2 0 0 0 0 0 0 0 0 9 0 0 0 0 0 0 1 0 0 0 0 0 0 0 0 0 0 1 0 0 0 0 3 1 1 0 0 8 0 9 1 0 1 0 2 5 1 3 1 0 2 1 4 0 0 1 0 0 0 1 1 0 2 0 0 0 0 0 0 0 0 0 3 0 0 2 1 0 5 0 1 0 0 2 2 9 6 0 0 0 0 0 1 0 0 0 0 0 1 0 0 0 0 0 0 6 3 0 0 0 0 2 0 0 0 7 1 0 1 10 13 0 0 0 1 0 0 0 0 0 0 0 2 8 1 2 0 0 1 4 2 0 2 0 1
302 14 8 11 0 23 7 15 4 1 10 9 10 15 2 3 12 0 0 6 8 10 17 0 21 2 14 12 16 15 0 0 2 4 2 0 9 12 0 7 1 0 0 0 0 0 0 0 0 0 0 0 1 0 2 0 0 1 1 1 4 0 10 23 10 1 0 7 0 0 0 3 0 1 0 0 0 2 0 0 0 0 0 18 0 0 0 0 14 0 1 1 1 0 0 1 0 0 0 0 0 0 0 0 16 0 0 0 0 0 0 0 1 0 0 1 0 0 0 1 0 0 1 0 0 0 0 0 1 0 0 0 17 0 15 1 0 1 0 15 4 1 4 0 0 2 3 0 0 1 1 0 1 0 3 1 1 2 0 0 0 0 1 2 0 0 0 3 1 0 2 1 0 3 0 0 0 0 2 2 6 6 0 0 3 1 4 1 0 0 1 0 0 0 0 0 0 0 0 0 9 3 1 1 0 0 2 0 0 0 17 1 0 0 4 12 0 0 0 0 0 0 0 0 1 0 2 4 5 1 0 0 0 0 4 0 0 2 0 1
974 37 27 24 0 49 16 40 16 27 22 13 26 21 21 11 40 6 1 19 12 17 18 0 43 7 37 30 18 16 2 1 23 29 29 4 20 52 2 26 2 0 2 0 0 0 0 0 0 2 0 0 6 0 0 0 0 0 0 3 3 0 17 29 35 0 0 19 0 0 0 1 2 1 0 0 0 1 0 0 0 2 0 17 0 0 0 1 28 0 0 2 0 0 0 1 0 0 3 0 0 0 1 1 40 0 2 0 1 0 1 5 0 0 0 1 0 0 0 1 3 0 0 0 0 0 0 0 0 0 2 0 27 0 42 1 2 2 0 31 24 8 36 0 0 1 2 0 0 0 0 3 2 0 4 2 0 5 4 1 0 0 1 0 2 1 2 1 0 0 3 0 1 3 0 0 1 0 0 0 5 25 0 0 1 1 3 0 0 0 0 0 0 2 0 0 0 1 0 2 0 0 0 0 0 0 0 1 0 2 11 0 1 0 24 21 0 0 0 0 0 0 2 0 0 0 6 1 6 0 3 5 0 2 0 1 3 0 0 0
274 10 8 7 2 19 12 21 6 4 5 3 10 11 7 3 6 2 0 8 4 8 12 0 12 2 18 8 12 10 0 0 1 4 7 2 13 14 0 10 0 0 0 0 0 0 0 0 0 1 0 0 0 0 1 0 0 0 0 0 6 0 3 10 16 0 0 6 0 0 0 0 0 0 0 0 0 0 0 0 0 2 0 12 0 0 0 0 5 0 0 2 0 0 0 1 0 0 1 0 0 0 0 0 16 0 0 0 0 0 0 0 0 0 0 0 0 0 0 0 3 0 0 0 0 0 0 0 0 0 1 0 8 0 13 1 1 0 0 13 6 4 4 0 0 0 1 2 0 0 0 0 0 0 1 1 0 3 0 0 0 0 0 0 0 0 0 0 0 0 2 0 0 2 0 0 0 0 0 0 6 5 0 0 2 0 2 0 0 0 0 0 1 0 0 0 0 1 0 2 0 0 0 0 0 1 0 0 0 0 10 0 0 1 6 7 0 0 0 0 0 0 1 0 0 0 0 2 5 0 2 0 0 0 0 0 0 2 0 0
294 19 10 6 0 18 13 26 6 5 12 7 14 15 9 7 15 1 0 7 11 16 16 0 11 5 17 3 12 11 0 0 9 7 8 0 9 25 0 10 0 0 0 0 0 0 0 0 0 1 0 0 0 0 0 0 0 0 0 0 3 1 8 13 14 0 0 8 0 1 0 0 0 0 0 0 0 0 0 0 0 2 0 15 0 0 1 0 8 0 0 2 0 0 0 0 0 0 1 0 0 0 0 0 29 0 0 0 0 0 0 2 0 0 0 0 0 0 0 0 0 0 0 0 0 0 0 0 0 0 1 0 13 0 17 1 1 1 0 18 6 1 19 0 0 0 0 1 0 0 1 0 0 0 1 2 0 3 2 2 0 0 0 0 0 0 0 0 0 0 0 0 0 2 0 0 0 0 0 0 0 7 0 0 1 1 3 0 0 0 0 0 0 0 1 0 0 0 0 1 0 0 0 0 0 0 0 0 0 0 9 0 1 0 9 10 0 0 0 0 0 0 2 0 1 0 5 1 1 0 0 0 0 0 0 0 2 0 0 0
123 7 8 2 0 8 8 9 4 2 5 4 4 10 3 3 4 0 0 2 6 6 4 0 4 2 6 1 6 4 0 1 3 2 2 0 5 9 0 4 0 0 0 0 0 0 0 0 0 1 0 0 0 0 0 0 0 0 1 0 2 0 3 7 6 0 0 5 0 1 0 0 0 0 0 0 0 0 0 0 0 0 0 8 0 0 1 0 2 0 0 1 0 0 0 0 0 0 0 0 0 0 0 0 10 0 0 0 0 0 0 0 0 0 0 0 0 0 0 0 0 0 0 0 0 0 0 0 0 1 2 0 5 0 8 0 0 0 0 3 0 0 5 0 0 0 0 1 0 0 0 0 0 0 0 2 0 1 1 0 1 0 0 0 0 0 0 0 0 0 0 0 1 1 0 1 0 0 0 0 0 2 0 0 1 1 1 0 0 0 0 0 0 0 1 0 0 0 0 0 1 0 0 0 0 0 0 0 0 0 6 0 0 0 2 4 0 0 0 2 0 0 0 0 0 0 2 0 0 0 0 2 0 0 0 3 0 0 0 0
273 17 13 9 0 15 9 23 10 7 10 7 12 17 3 7 23 2 0 8 7 16 19 0 18 5 20 7 14 17 0 0 5 7 6 1 12 24 0 13 0 0 0 0 0 0 0 0 0 1 0 0 0 0 0 0 0 0 0 0 4 0 9 15 13 0 0 14 0 2 0 0 1 0 0 0 0 0 1 0 0 2 0 12 0 0 1 0 8 0 0 2 0 0 1 1 0 0 1 0 0 0 0 0 25 0 0 0 0 0 0 1 3 0 0 1 0 0 0 1 0 0 0 0 0 0 0 0 0 0 1 0 10 0 14 1 1 1 0 21 6 1 9 0 0 1 0 0 0 0 0 0 0 0 0 1 1 3 0 1 0 0 0 0 0 0 0 1 0 0 0 0 1 3 0 0 0 0 0 0 0 7 0 0 1 0 6 0 0 0 0 0 0 0 2 0 0 0 0 1 0 0 0 0 0 0 1 1 0 0 10 0 0 0 6 11 0 0 0 0 0 0 2 0 0 0 1 1 1 2 0 0 0 1 0 1 2 0 0 1
244 21 16 11 0 19 11 25 9 5 9 7 13 12 4 3 15 1 0 10 5 14 12 0 24 4 25 4 20 8 0 0 5 7 3 0 12 25 0 11 1 0 0 0 0 0 0 0 1 1 0 0 0 0 0 0 0 0 1 0 5 0 15 16 18 0 0 11 0 1 0 0 0 0 0 0 0 0 1 0 0 2 0 14 0 1 3 0 16 0 0 2 0 0 0 0 0 0 1 0 0 0 0 0 21 0 0 1 0 0 0 0 1 1 0 0 0 0 0 0 0 0 0 0 0 0 0 1 0 0 2 0 7 0 20 2 2 1 0 19 10 1 12 0 1 0 0 0 0 0 0 0 0 1 1 1 0 5 2 1 1 0 0 0 1 0 0 1 1 1 0 0 1 2 0 2 0 0 0 0 3 5 0 0 2 1 1 0 0 0 0 0 0 0 1 1 0 0 0 0 0 0 0 0 0 0 0 0 0 0 14 0 4 0 7 10 0 0 0 0 0 0 2 0 0 0 3 1 3 1 0 0 0 1 0 1 2 0 0 0
1200 21 18 26 1 33 10 16 10 10 12 9 14 16 12 3 15 2 1 9 13 5 13 13 17 3 13 8 19 8 2 4 13 17 15 3 25 33 1 18 0 1 2 0 0 0 0 0 0 0 0 0 1 1 1 0 0 0 0 0 2 0 11 19 10 0 1 12 0 1 0 1 2 1 1 0 0 1 0 0 0 0 0 15 0 0 1 0 18 0 0 1 2 0 0 0 0 0 4 2 0 0 0 0 33 1 3 0 0 0 0 2 1 0 0 2 1 0 0 3 0 0 0 0 0 0 0 0 0 2 1 0 22 0 25 1 0 2 0 27 13 5 17 0 3 3 1 1 1 3 0 1 0 0 1 1 2 4 0 0 0 0 2 0 1 0 0 0 0 1 0 1 0 0 0 1 1 0 0 3 3 10 0 0 1 2 8 0 1 0 0 0 0 0 3 1 0 2 0 0 1 1 0 0 0 0 2 2 0 1 2 0 1 0 9 11 0 0 0 1 3 0 0 0 1 0 0 1 4 3 2 2 0 1 1 0 3 0 2 3
403 19 3 5 0 18 6 11 3 3 9 4 17 13 4 1 7 0 0 3 10 12 10 2 11 2 12 4 12 9 0 0 2 5 8 0 8 22 0 9 0 1 0 0 0 0 0 0 0 0 0 0 0 0 1 0 0 0 0 0 2 0 1 5 8 0 1 6 0 1 0 1 1 0 1 0 0 1 0 0 0 0 0 11 0 0 1 0 10 0 0 1 0 0 0 0 0 0 6 0 0 0 0 0 27 1 0 0 0 0 0 1 1 0 0 0 1 0 0 1 0 0 0 1 0 0 0 0 0 0 0 0 23 0 19 1 0 2 0 18 11 1 7 0 1 0 0 1 0 3 0 0 0 2 0 1 0 2 0 1 0 0 2 0 0 0 0 1 0 0 0 0 0 0 0 0 2 0 0 2 2 4 0 0 1 1 6 0 0 0 0 0 0 0 1 1 0 0 0 0 1 1 0 0 0 0 1 0 0 0 7 0 1 0 9 7 0 0 0 0 0 0 0 0 1 0 0 0 1 2 0 0 0 0 0 1 2 0 1 0
4424 12 20 2 5 22 18 4 6 3 9 7 0 6 12 4 4 7 8 3 3 0 1 11 14 2 1 15 16 9 4 7 8 10 16 18 6 19 2 0 0 0 0 0 0 0 0 0 0 12 0 0 0 0 0 0 0 0 0 0 1 0 0 2 0 1 0 5 0 0 0 0 1 0 1 0 1 0 0 1 0 0 0 1 1 0 0 0 1 0 0 0 0 0 0 0 0 0 0 0 0 0 0 0 1 0 4 0 0 0 1 1 0 0 0 0 0 0 1 0 0 0 0 0 0 0 0 0 0 0 0 0 1 0 4 0 0 0 3 0 0 0 18 0 0 0 0 0 0 0 0 0 0 1 0 0 0 0 0 0 0 0 0 0 0 0 0 0 0 0 0 0 0 0 0 0 0 0 0 0 0 3 0 1 0 0 1 0 0 0 0 0 0 0 0 0 0 0 0 0 0 0 0 0 0 0 0 0 0 6 0 0 0 0 5 0 0 0 0 0 0 0 0 0 0 0 3 0 2 2 0 2 1 0 0 0 1 1 1 0
248 3 7 3 0 7 0 1 3 3 0 0 4 1 4 1 8 1 0 0 0 2 3 3 5 1 6 4 4 2 0 2 0 7 5 1 2 5 1 1 0 0 1 0 0 0 0 0 0 3 0 0 0 0 0 0 0 0 0 0 0 0 0 9 2 0 0 1 0 0 0 1 0 0 0 0 0 0 0 0 0 0 0 2 0 0 0 0 1 0 0 0 0 0 0 0 0 0 1 1 0 0 0 0 1 0 0 0 0 0 0 1 0 0 0 1 0 0 0 0 0 0 0 0 0 0 0 0 0 0 0 0 2 0 0 1 0 0 2 3 0 0 3 0 0 0 0 0 0 0 0 0 0 1 0 0 0 0 0 0 0 0 0 0 0 0 0 1 0 0 0 0 0 0 0 0 0 0 0 0 1 3 0 1 0 0 1 0 0 0 0 0 0 0 0 0 0 0 0 0 0 1 0 0 0 0 0 0 0 1 1 0 1 0 2 1 0 0 0 0 0 0 0 0 0 0 0 0 0 0 0 0 0 0 0 0 0 0 0 0
255 4 6 0 0 6 1 1 0 2 0 0 3 0 4 1 5 1 0 1 1 3 0 3 4 2 0 1 3 1 0 0 4 2 4 1 2 8 0 0 0 0 0 0 0 0 0 0 0 3 0 0 0 0 0 0 0 0 0 0 2 0 0 4 1 0 0 0 0 0 0 0 0 0 0 0 0 0 0 0 0 0 0 1 0 0 0 0 0 0 0 0 0 0 0 1 0 0 0 0 0 0 0 0 3 0 0 0 0 0 0 1 0 0 0 0 0 0 0 0 0 0 0 0 0 0 0 0 0 0 0 0 3 0 3 0 0 0 0 2 0 0 6 0 0 0 0 1 0 0 0 0 0 0 0 0 0 0 0 0 0 0 0 0 0 1 0 0 0 0 0 0 0 0 0 0 0 0 0 0 0 1 0 0 0 0 1 0 0 0 0 0 0 0 0 0 0 0 0 0 0 0 0 1 0 0 0 0 0 0 0 1 0 0 0 0 0 0 0 0 0 0 0 0 0 0 1 0 0 1 0 0 0 0 1 0 0 0 0 0
55 1 2 0 0 1 1 1 0 1 0 0 4 0 2 1 1 0 1 1 2 3 1 0 3 1 0 0 1 1 0 0 1 1 2 0 4 4 0 0 0 0 0 0 0 0 0 0 0 0 0 0 0 0 0 0 1 0 0 0 2 0 0 3 0 0 0 0 1 0 0 0 0 0 0 0 0 0 0 0 0 0 0 1 0 0 0 0 0 0 0 0 0 0 0 0 0 0 0 0 0 0 0 0 5 0 0 0 0 0 0 0 0 0 0 0 0 0 0 0 0 0 0 0 0 0 0 0 0 0 0 0 3 0 3 0 0 0 0 2 0 0 4 1 0 0 0 0 0 0 0 0 0 0 1 0 0 1 0 0 0 1 0 0 0 0 0 0 0 0 0 0 0 0 0 0 0 0 0 0 0 2 0 0 0 1 1 0 0 0 0 0 0 0 0 0 0 0 0 0 0 0 0 0 0 0 0 0 0 0 0 0 0 0 1 0 0 0 0 0 0 0 0 0 0 0 0 0 0 0 0 0 0 0 0 0 0 0 0 0
574 3 7 8 0 11 1 10 4 4 8 5 5 6 10 2 11 0 0 7 4 4 2 4 13 2 10 7 4 5 3 0 6 3 7 0 5 10 0 1 0 0 0 0 0 0 0 0 0 4 0 1 3 0 0 0 0 0 0 0 0 0 3 11 6 0 0 9 0 0 0 0 1 0 0 0 0 0 0 0 0 0 1 5 0 0 1 0 4 0 0 0 0 0 0 0 0 0 0 0 0 0 0 0 5 0 0 0 0 0 0 0 0 0 1 0 0 0 0 0 0 0 0 0 0 0 1 0 0 3 1 0 6 0 3 1 0 0 0 4 6 1 9 0 0 1 1 0 0 0 1 0 0 0 2 0 0 1 0 0 0 0 1 0 0 1 0 0 1 0 0 0 1 3 0 2 0 1 0 0 3 2 0 0 0 1 3 1 0 0 1 0 0 0 0 0 0 0 0 0 0 0 0 1 0 0 1 0 0 0 3 0 1 0 2 5 0 0 0 0 0 0 0 0 2 0 0 2 3 1 2 2 1 0 1 0 0 0 0 0
95 2 5 9 0 8 3 10 3 2 5 1 5 3 3 2 10 0 0 4 3 5 1 0 14 2 10 9 5 4 0 0 5 4 5 0 3 12 0 1 1 0 0 0 0 0 0 0 0 0 0 0 0 0 0 0 0 0 0 0 0 0 1 5 4 0 0 8 0 0 0 1 1 0 0 0 0 0 0 0 0 0 1 4 0 0 0 0 1 0 0 0 0 0 0 0 0 0 1 0 0 0 0 0 5 0 0 0 0 0 0 0 0 0 1 1 0 0 0 0 1 0 0 0 0 0 1 0 0 3 1 0 5 0 3 1 0 0 0 2 4 1 4 0 0 0 0 0 0 0 1 0 0 1 0 0 0 1 0 0 0 0 1 0 0 1 0 1 1 0 0 0 0 3 1 1 0 0 0 0 4 1 0 0 0 1 3 0 0 0 1 0 0 0 0 0 0 0 0 0 0 0 0 2 0 0 0 0 0 1 3 0 0 0 2 3 0 0 0 0 0 0 0 0 0 0 1 1 1 0 0 0 0 1 1 0 0 0 0 0
51 2 2 4 0 3 1 4 2 2 2 1 3 2 1 2 10 1 0 1 1 3 1 0 9 1 6 5 1 1 0 0 4 1 2 0 5 3 0 0 0 0 1 0 0 0 0 0 0 0 0 0 0 0 0 0 0 0 0 0 0 0 1 3 4 0 1 6 0 0 0 0 1 0 0 0 0 0 0 0 0 0 1 4 0 0 0 0 2 0 0 0 0 0 0 1 0 0 0 0 0 0 0 0 7 0 0 0 0 0 0 0 0 0 1 0 0 0 0 0 0 0 0 0 0 0 1 0 0 1 1 0 7 0 5 0 0 0 0 3 2 1 4 0 0 0 0 0 0 0 1 0 0 0 0 0 0 1 0 0 0 0 1 0 0 1 1 0 0 0 0 0 0 2 0 1 0 0 0 1 1 0 0 0 0 1 3 0 0 0 2 0 0 0 0 0 0 0 0 0 1 1 0 1 0 0 1 0 0 0 3 0 0 0 1 1 0 0 0 0 0 0 0 0 1 0 0 0 1 1 0 0 0 0 1 0 0 0 0 0
707 11 13 8 0 13 5 15 9 10 12 4 12 3 14 1 13 1 0 12 14 11 11 4 14 2 11 8 17 4 1 0 11 12 14 4 5 16 0 8 3 0 0 0 0 0 0 0 0 1 0 0 1 0 0 0 0 0 0 0 1 0 6 9 6 0 0 10 0 0 0 0 0 0 0 0 0 0 0 0 0 0 0 11 0 0 1 0 12 0 1 1 0 0 0 0 1 0 0 0 0 0 0 0 18 0 0 0 0 0 0 0 1 1 1 0 0 0 0 0 0 0 0 0 0 0 0 1 0 1 0 0 17 0 10 0 2 0 0 9 4 0 14 0 1 2 2 0 0 2 1 0 1 0 2 1 0 1 0 0 0 1 2 0 1 0 0 0 2 1 1 1 0 1 0 0 1 0 0 0 1 8 0 0 2 1 2 1 0 0 0 0 0 0 0 0 0 0 0 0 1 0 0 0 0 1 0 0 0 1 9 0 0 0 11 7 0 0 0 1 0 0 0 0 1 0 3 0 2 2 1 2 2 0 1 0 0 0 0 3
1190 25 20 25 5 36 12 36 6 18 9 16 19 32 22 8 31 1 1 5 14 29 25 2 26 5 33 16 24 17 0 0 21 18 25 3 17 31 0 12 0 0 0 0 0 0 0 1 0 0 0 0 0 0 0 0 0 0 0 0 2 0 20 36 9 0 0 14 0 2 0 0 2 0 0 0 0 0 1 0 0 0 0 8 2 1 0 0 12 0 0 0 0 1 0 0 0 0 0 0 0 0 0 5 26 0 0 0 0 0 0 2 1 1 0 0 0 0 0 0 0 0 0 0 0 0 0 0 3 0 1 0 19 0 22 0 0 0 2 20 13 4 27 0 0 0 0 0 0 1 0 1 0 0 1 0 1 0 1 1 0 0 1 0 2 1 0 0 0 0 0 1 0 5 0 0 1 0 0 1 4 18 0 0 2 0 6 1 0 3 1 6 1 0 0 0 0 0 0 0 0 5 0 1 0 0 0 1 0 2 13 0 2 0 21 12 0 0 0 0 0 0 1 0 0 1 6 1 2 4 7 0 0 1 1 7 0 0 0 0
1350 23 24 22 1 32 6 17 16 8 33 12 19 15 12 7 28 1 0 15 19 9 13 0 15 4 36 16 12 12 0 0 12 13 18 3 21 39 1 29 1 0 0 0 0 0 0 0 0 0 0 0 0 0 0 0 0 1 0 2 1 0 16 28 27 2 0 23 0 1 0 3 0 0 0 0 2 0 1 0 0 0 0 9 0 2 5 0 19 0 1 1 0 1 0 0 0 0 1 1 0 0 0 0 25 0 0 1 0 0 0 3 2 0 0 1 0 0 1 0 0 0 0 0 0 0 0 0 1 0 2 0 22 0 25 1 0 1 0 12 18 2 17 1 1 0 0 1 0 1 2 0 1 1 3 1 2 1 1 0 0 0 2 2 1 0 0 5 0 0 1 1 0 2 0 0 0 1 0 0 5 17 0 1 5 0 12 0 0 5 0 3 0 0 0 0 1 0 0 0 1 0 0 0 0 0 1 0 0 5 4 0 1 0 11 23 0 0 0 0 0 0 0 0 0 0 2 1 4 4 5 1 0 2 0 10 0 0 0 2
338 17 11 14 0 20 7 19 4 3 9 0 12 11 6 5 14 0 0 12 13 14 10 0 9 1 19 11 14 12 0 0 2 6 7 0 11 21 0 6 2 0 0 0 0 0 0 0 0 0 0 0 1 0 1 0 0 0 0 0 2 2 9 19 12 1 0 12 0 0 0 2 2 0 0 0 0 0 2 0 0 0 0 15 0 0 0 0 9 0 0 1 0 0 0 0 0 0 0 0 0 0 0 0 20 0 0 0 0 0 0 0 0 1 0 1 0 0 0 0 0 0 0 0 0 0 0 0 0 0 3 0 12 0 18 0 0 0 0 9 6 0 3 0 4 0 0 0 0 0 1 0 0 0 3 1 0 2 3 0 0 1 0 0 1 2 0 1 0 0 2 0 0 0 0 0 1 0 0 1 6 7 0 0 4 0 4 1 0 3 0 3 0 0 0 0 1 0 0 0 1 0 0 0 0 0 0 0 0 1 8 0 1 0 2 9 0 0 0 0 0 0 0 0 0 0 2 2 2 1 0 1 0 0 1 2 2 0 0 0
1236 31 22 15 1 32 14 23 12 7 7 19 15 22 14 11 30 6 3 9 12 21 21 0 30 3 44 16 28 12 0 0 5 11 13 4 15 35 0 13 3 0 0 0 0 0 0 0 0 4 0 0 4 0 1 0 0 1 1 0 2 0 13 31 14 1 0 16 0 4 0 4 1 2 0 0 0 7 1 0 0 1 0 14 1 1 5 0 9 0 0 0 0 2 1 3 0 0 3 1 0 0 0 0 17 0 0 0 0 1 0 0 1 5 0 2 0 0 0 1 1 0 0 0 0 0 0 2 4 1 0 0 18 1 24 1 0 0 0 20 14 2 9 0 1 1 1 1 2 1 1 0 1 2 2 0 1 3 1 1 0 1 2 1 2 1 0 0 1 2 0 1 1 0 1 2 1 1 2 2 5 8 0 2 5 1 4 2 0 0 1 2 0 0 0 0 0 0 0 0 0 0 0 3 0 0 0 1 0 7 11 0 1 0 19 16 0 0 0 1 2 0 3 0 0 1 1 2 3 4 0 1 1 1 0 3 1 0 0 1
202 25 14 8 5 18 14 14 11 5 3 7 16 16 8 7 20 0 4 7 9 15 9 2 16 2 22 15 20 13 0 1 2 2 18 4 11 20 0 8 1 0 1 1 0 0 0 0 0 2 0 0 0 0 1 0 0 0 0 1 5 0 10 23 6 0 1 13 0 1 1 2 0 1 0 0 0 6 1 0 0 1 0 10 1 0 0 0 8 0 0 0 0 0 0 3 0 0 2 0 0 0 1 0 14 0 0 0 0 1 0 1 1 4 0 2 0 0 1 0 1 0 0 0 0 0 0 1 1 3 0 0 18 0 21 1 0 0 0 19 8 1 8 0 1 0 1 2 0 1 1 1 0 1 0 0 1 0 1 0 0 1 2 1 4 2 0 1 0 0 0 1 0 0 0 0 0 0 0 2 2 2 0 2 4 1 2 0 0 0 1 1 1 0 2 0 0 0 0 0 0 0 0 0 0 0 0 1 1 4 12 0 0 0 8 7 0 0 0 0 2 0 2 0 0 0 2 1 3 1 1 2 0 0 0 3 1 0 0 1
363 21 23 13 0 33 17 26 11 10 13 4 19 20 13 9 23 1 1 10 9 18 22 2 28 2 24 17 15 13 0 0 11 6 8 2 15 27 0 7 6 0 0 0 0 0 0 0 0 0 0 0 2 1 0 0 0 0 1 0 5 0 13 29 16 0 0 17 0 1 0 2 0 1 0 0 0 7 3 0 0 0 0 17 1 0 1 0 9 0 1 0 0 0 0 1 0 0 1 0 0 1 0 0 17 0 0 0 0 1 0 2 2 4 0 0 0 0 0 0 1 0 0 0 0 0 0 1 2 2 0 1 24 0 35 1 0 0 2 28 9 1 9 0 1 0 0 0 0 0 2 0 0 1 1 1 2 3 0 2 0 0 2 2 1 0 1 1 0 1 0 2 0 1 0 0 0 4 1 1 0 10 0 1 5 4 4 0 1 0 1 2 0 0 1 0 0 0 0 0 0 0 0 0 0 0 0 1 0 1 22 0 0 0 15 15 0 0 1 0 2 0 3 0 0 1 1 2 3 4 0 1 1 0 0 5 1 0 2 2
355 15 10 9 0 22 8 21 4 4 11 9 14 7 5 5 9 1 1 3 13 14 9 2 12 2 14 10 16 10 0 0 7 3 9 1 6 21 0 8 0 0 0 0 0 0 0 0 0 0 0 0 0 0 0 0 0 0 0 0 2 1 7 13 8 0 0 14 0 0 0 0 0 0 0 0 0 0 1 0 0 0 0 13 0 0 0 0 7 0 1 1 0 0 0 1 0 0 1 0 0 1 0 0 15 0 0 0 0 0 0 2 1 4 0 0 0 0 0 0 0 0 0 0 0 0 0 0 1 0 0 1 15 0 26 2 0 0 1 19 7 1 7 0 0 0 0 0 0 0 1 0 0 0 1 0 0 0 0 0 0 0 0 0 0 0 2 0 1 0 0 0 0 1 0 0 0 3 0 0 1 1 0 1 3 5 1 0 0 0 0 2 0 0 0 0 0 0 0 0 0 0 0 1 0 0 0 1 0 1 8 0 1 0 8 12 0 0 1 0 0 0 3 0 0 0 3 0 2 0 0 2 0 0 0 0 0 0 0 1
1250 28 32 24 1 31 9 28 6 15 11 8 20 18 14 6 37 1 1 9 23 20 19 4 33 4 38 13 25 13 1 1 20 22 25 3 22 32 2 14 2 0 2 1 0 0 0 2 0 0 0 0 1 0 0 0 0 0 0 0 0 3 20 30 8 0 0 20 0 1 1 1 1 0 0 1 0 0 0 0 0 1 0 11 0 0 1 0 9 0 0 1 0 0 2 1 0 0 0 0 0 1 0 1 23 1 0 1 0 0 0 3 0 2 0 1 1 0 0 0 0 0 0 0 0 2 0 2 3 0 2 0 26 0 30 0 0 0 0 24 8 3 36 0 0 2 1 1 0 1 0 0 0 0 4 1 0 2 2 2 0 3 0 0 4 0 0 1 0 0 0 0 1 4 0 0 0 1 0 1 9 21 0 0 4 0 7 1 0 3 0 4 0 1 0 0 0 0 0 1 0 1 0 0 0 0 2 2 0 4 20 0 0 0 21 9 0 0 2 0 1 0 1 0 0 0 4 1 1 6 9 2 0 2 1 7 0 0 0 1
1491 18 26 20 0 22 3 19 9 2 24 5 18 10 12 5 37 1 1 17 10 13 11 0 24 1 35 13 9 5 0 1 7 11 9 1 18 22 1 17 2 0 1 0 0 0 0 0 0 0 0 0 2 0 1 0 0 0 0 0 1 0 17 35 13 0 0 23 0 0 0 1 1 0 0 0 0 1 1 1 0 1 0 8 0 0 4 0 18 0 0 0 0 0 0 0 1 0 1 0 0 0 0 3 18 0 0 0 0 1 0 7 3 0 0 0 0 1 2 0 0 0 0 0 0 0 0 2 1 2 2 0 23 0 19 1 0 0 0 13 22 3 6 1 1 1 1 0 1 0 2 0 0 0 4 1 2 1 0 0 1 2 2 0 2 0 1 4 1 1 1 1 0 3 0 0 0 1 0 0 1 8 0 0 0 1 4 0 0 5 1 7 0 0 0 1 0 0 0 0 0 3 0 0 0 1 0 0 0 4 10 1 0 0 7 20 0 0 1 0 1 0 0 0 0 1 0 2 2 4 7 0 1 0 2 11 0 0 0 1
354 7 21 13 0 7 3 12 5 2 18 5 8 4 6 7 23 0 0 13 11 10 6 0 20 2 29 13 10 3 1 0 8 7 6 0 14 10 0 12 3 0 0 0 0 0 0 0 0 0 0 0 1 0 1 0 0 1 0 1 0 0 14 19 14 0 0 16 0 0 0 1 0 0 0 0 0 0 2 0 0 1 0 9 0 1 1 0 9 0 1 0 0 0 0 1 0 0 2 0 0 0 0 0 8 0 0 0 0 0 0 3 1 0 1 0 0 0 1 0 0 0 0 0 0 0 0 0 1 1 2 0 11 0 5 1 0 0 0 7 9 1 6 0 2 1 0 0 1 1 2 0 0 0 4 1 1 1 0 1 2 0 2 0 2 0 1 1 0 0 0 0 0 3 0 0 0 0 0 0 2 5 0 0 0 1 3 0 0 1 1 5 0 0 0 1 0 0 0 0 0 0 0 0 0 1 1 0 0 0 4 0 0 0 7 8 0 0 0 0 0 0 0 0 0 0 1 3 1 1 4 1 1 1 2 3 0 0 0 0
381 8 17 8 0 15 4 15 3 1 10 3 17 3 8 2 16 0 0 5 10 6 6 0 8 1 20 7 6 1 0 0 5 9 12 0 7 14 0 8 4 0 0 0 0 0 0 0 0 0 0 0 1 0 0 0 1 0 0 0 1 0 5 14 6 0 0 13 0 0 0 1 0 0 0 0 0 0 1 0 0 1 0 11 0 0 1 0 10 0 0 1 0 0 0 0 0 0 1 0 0 0 1 0 8 1 0 0 0 0 0 2 1 0 0 0 0 0 1 0 0 0 0 0 0 0 0 0 1 1 2 0 14 0 11 0 0 0 0 9 9 1 9 1 0 1 1 0 1 0 2 0 0 0 4 0 1 1 0 0 0 0 1 2 0 0 0 1 0 0 2 0 0 1 0 0 0 1 0 0 1 8 0 0 1 1 2 0 0 3 0 2 0 1 0 1 0 0 0 0 0 0 1 0 0 0 0 0 0 0 6 1 3 0 7 7 0 0 0 0 2 0 1 0 0 0 0 3 1 1 6 1 1 0 1 3 0 0 0 0
280 14 19 12 0 21 5 19 5 6 14 6 16 8 14 3 23 0 0 6 8 14 11 0 14 3 23 8 15 10 1 0 7 10 9 0 9 18 0 10 2 0 0 0 0 0 0 0 0 1 0 0 2 0 0 0 0 0 0 0 0 0 9 17 12 0 0 10 0 1 0 1 0 0 0 1 0 0 1 0 0 1 0 13 0 0 1 0 9 0 1 0 0 0 0 0 0 0 1 0 0 0 0 0 12 0 0 0 0 0 0 3 1 0 0 1 0 0 1 0 0 0 0 0 0 0 0 0 1 1 2 0 15 0 15 0 2 0 0 17 6 1 9 0 0 1 1 0 1 0 1 0 0 0 3 0 1 1 0 0 0 0 0 0 0 1 0 1 0 0 0 0 0 1 1 1 0 0 0 2 1 7 0 0 3 1 3 0 0 1 1 5 0 0 0 1 0 0 0 0 1 1 0 0 0 1 0 0 0 0 13 0 1 0 10 6 0 0 0 0 0 0 0 0 0 0 9 3 2 1 4 1 2 0 1 3 1 0 0 0
24 1 3 2 0 10 1 6 1 2 3 1 3 4 6 1 5 0 0 1 2 3 3 0 7 2 4 2 3 3 0 0 3 1 4 0 3 1 0 1 0 0 0 0 0 0 0 0 0 0 0 0 1 0 0 0 0 1 0 0 0 0 1 3 1 0 0 0 0 2 0 0 0 0 0 0 0 0 0 0 0 0 0 3 0 0 0 0 0 0 0 0 0 0 0 0 0 0 0 0 0 0 0 0 6 0 0 0 0 0 0 1 0 0 0 1 0 0 0 0 0 0 0 0 0 0 0 0 0 0 0 0 4 0 3 0 1 0 0 8 1 0 3 0 0 0 1 1 0 0 0 0 0 2 0 0 0 0 0 0 0 0 0 0 0 1 0 0 0 0 0 0 0 0 1 1 0 0 0 2 0 3 0 0 0 0 0 0 0 0 0 0 0 0 0 0 0 0 0 0 1 1 0 0 0 0 1 0 0 0 6 0 1 0 2 0 0 1 0 0 0 0 0 0 0 0 4 2 0 0 0 0 0 0 0 0 0 0 0 0
1321 32 42 36 1 41 19 40 22 12 13 25 29 22 25 11 55 5 3 28 14 29 35 0 59 11 53 32 36 24 0 2 27 30 22 1 34 38 0 24 3 0 0 0 0 0 0 0 0 5 0 0 2 0 2 0 0 0 0 0 7 2 32 31 39 0 0 32 0 0 0 2 2 0 0 0 1 0 3 0 0 0 0 23 1 0 0 0 31 0 0 0 0 1 0 2 0 0 4 0 0 0 1 0 33 0 2 1 0 0 0 0 0 0 0 0 0 0 0 0 1 0 0 0 0 0 0 1 0 2 6 0 24 0 32 0 0 2 0 30 22 6 35 0 1 1 1 1 0 2 1 0 0 3 3 3 0 0 2 2 0 0 0 0 0 2 0 0 0 0 1 2 0 5 0 1 0 1 0 1 9 26 0 0 4 0 4 1 0 0 2 0 0 0 3 0 0 0 0 0 1 1 1 1 1 1 0 0 0 2 11 0 1 1 19 19 0 0 1 0 0 0 0 0 1 0 7 3 4 1 3 0 2 2 7 1 3 1 1 2
337 24 24 21 1 22 14 28 8 2 10 0 20 24 6 6 29 0 0 12 9 19 35 2 32 11 35 21 31 19 0 1 11 7 3 0 15 25 0 18 3 0 1 0 0 0 0 1 0 1 0 0 1 0 1 0 0 0 0 0 6 2 14 20 10 1 0 11 0 6 0 0 2 0 0 0 0 0 2 0 0 1 0 17 1 0 1 0 15 0 2 0 0 1 0 0 0 0 4 0 1 0 0 0 23 0 0 1 0 0 0 0 1 0 1 0 0 0 0 0 0 0 0 0 0 0 0 0 1 2 3 0 25 0 23 0 0 2 0 32 14 1 13 1 3 0 0 0 0 1 1 0 0 1 3 4 1 2 2 0 0 0 0 0 0 1 0 0 1 0 0 2 0 4 0 0 0 1 1 0 3 7 0 0 4 0 4 2 0 0 3 1 0 1 3 0 2 0 0 0 1 0 1 2 1 1 0 1 0 1 14 0 0 1 5 6 0 0 1 0 1 0 0 1 0 0 0 1 8 1 2 0 2 1 5 2 3 0 1 0
232 22 12 11 0 20 20 22 10 4 4 3 12 20 12 3 17 0 0 8 9 19 23 1 22 4 13 20 24 9 0 0 9 13 9 0 13 14 0 12 1 0 0 0 0 0 0 0 0 0 0 2 2 0 0 0 0 1 0 0 3 1 9 12 11 0 0 12 0 1 0 0 0 0 0 0 0 0 0 0 0 0 0 14 0 0 1 0 9 0 0 0 0 1 0 0 0 0 2 0 0 0 0 0 23 0 0 0 0 0 0 0 1 0 0 0 0 0 0 0 0 0 0 0 0 0 0 0 1 3 3 0 23 0 19 0 1 0 0 18 9 0 10 0 0 0 1 0 0 1 1 0 0 1 2 0 0 3 1 0 0 0 0 0 0 2 0 1 2 0 1 0 0 2 0 1 0 1 0 1 1 7 0 0 0 1 3 0 0 0 0 0 1 0 2 0 2 0 0 0 0 0 0 0 0 0 0 0 0 1 9 0 1 0 5 7 0 0 0 0 1 0 0 0 1 0 0 0 3 0 0 0 3 0 0 1 0 0 1 0
248 24 11 14 0 30 17 22 8 1 4 3 11 21 8 2 16 0 0 7 9 14 25 1 15 4 11 15 17 11 0 0 6 15 11 0 9 15 0 11 0 0 0 0 0 0 0 0 0 0 0 0 1 0 0 0 0 0 0 0 4 4 12 13 15 0 0 13 0 1 0 2 0 0 0 0 0 0 0 0 0 0 0 10 0 0 1 0 7 0 1 0 0 1 0 0 0 0 2 0 0 0 0 0 23 0 0 0 0 0 0 0 1 0 0 0 0 0 0 0 1 0 0 0 0 0 0 0 0 1 5 0 20 0 22 0 0 0 0 16 11 0 8 0 0 0 0 0 1 1 1 0 0 0 2 0 0 0 0 1 0 1 1 0 0 1 0 1 0 0 0 0 1 1 0 0 1 0 0 0 1 6 0 0 1 1 7 0 0 0 0 0 0 0 3 0 2 0 0 0 0 1 0 1 0 0 0 0 0 1 12 0 0 0 11 7 0 0 0 0 1 0 0 0 0 0 0 0 2 1 0 1 2 0 0 2 1 0 1 1
1207 51 35 33 0 34 15 35 18 11 24 15 25 19 9 8 34 3 3 30 27 25 31 4 31 5 50 22 22 16 0 1 17 24 17 2 17 57 1 25 3 0 0 1 0 0 0 0 1 0 0 0 3 0 1 0 0 0 1 1 1 2 28 36 24 0 0 35 0 2 0 0 2 1 0 0 0 1 2 0 0 0 0 18 1 0 2 0 27 0 0 2 0 0 0 2 0 0 5 0 0 0 0 1 42 0 2 1 0 0 1 6 2 3 1 2 1 0 3 0 0 0 0 0 1 0 1 1 3 2 3 0 34 0 47 1 1 1 1 24 22 2 18 0 0 2 1 1 1 1 2 0 0 0 1 2 0 1 2 1 0 1 1 1 1 1 0 0 1 1 0 1 1 0 0 1 0 1 1 0 3 25 0 0 3 1 7 0 0 5 1 2 0 0 1 0 1 0 0 0 1 1 0 1 0 2 0 2 0 3 23 0 1 0 15 29 0 0 0 1 0 0 0 0 0 0 9 3 1 6 7 2 1 1 1 10 0 1 2 1
257 22 8 13 0 20 11 19 10 15 14 6 12 9 5 4 17 0 0 11 12 13 25 2 14 2 25 9 9 15 0 0 2 14 9 0 6 26 0 15 0 0 0 0 0 0 0 0 0 0 0 0 3 0 0 0 0 0 0 0 1 0 12 17 8 0 0 8 0 2 0 0 1 1 0 0 0 0 1 0 0 0 0 13 0 0 0 0 5 0 0 0 0 0 0 2 0 0 2 0 0 0 0 0 19 0 1 0 0 2 0 3 2 0 0 0 0 0 1 0 0 0 0 0 0 0 0 1 2 1 0 0 15 0 13 0 1 1 0 18 4 1 13 0 0 1 0 1 0 0 1 0 0 0 2 1 0 0 1 0 2 0 1 1 0 1 0 0 0 0 0 0 0 0 0 0 0 0 0 2 1 9 0 0 2 1 2 0 0 2 0 0 0 0 1 0 0 0 0 0 0 0 0 0 0 0 0 0 0 1 16 0 1 0 11 4 0 0 0 1 0 0 0 0 0 0 7 0 2 2 2 2 0 0 1 0 2 0 1 0
260 26 11 14 0 25 8 16 8 7 12 6 11 11 6 3 14 0 0 13 13 12 18 2 12 3 21 13 15 11 0 0 5 13 17 0 6 21 0 15 0 0 0 0 0 0 0 0 0 0 0 0 3 0 0 0 0 0 0 0 5 0 14 18 5 0 0 13 0 1 0 0 0 1 0 0 0 0 1 0 0 0 0 7 0 0 0 0 6 0 0 1 0 0 0 1 0 0 2 0 0 0 0 0 21 0 1 0 0 0 0 4 2 0 0 0 0 0 1 0 1 0 0 0 0 0 0 1 2 0 2 0 15 0 13 1 1 1 0 20 10 0 5 0 0 0 0 1 1 1 0 0 0 0 3 0 0 0 1 0 0 1 1 1 0 1 0 0 0 0 0 0 0 1 0 1 0 0 0 0 3 7 0 0 4 0 5 0 0 2 0 0 0 0 2 0 0 0 0 0 0 0 0 1 0 0 0 0 0 1 8 0 1 0 11 14 0 0 0 1 0 0 0 0 1 0 1 0 1 2 1 0 0 0 2 0 0 0 1 1
155 8 11 4 0 15 3 9 3 4 5 5 8 8 3 5 6 1 0 4 9 2 8 2 11 1 13 8 3 5 0 0 3 15 11 0 4 8 0 5 0 0 0 0 0 0 0 0 0 0 0 0 2 0 0 0 0 0 1 0 1 0 7 10 4 0 0 3 0 0 0 1 0 0 0 0 0 0 1 0 0 0 0 4 0 0 0 0 3 0 0 0 0 0 0 1 0 0 2 0 0 0 0 1 17 0 0 0 0 0 0 1 1 0 0 1 0 0 1 0 0 0 0 0 0 0 0 1 1 0 1 0 11 0 9 0 0 0 0 7 6 0 3 0 0 1 0 1 0 2 0 0 0 0 1 0 0 0 1 0 0 0 1 0 0 1 0 0 0 0 1 0 0 0 1 0 0 0 0 0 2 10 0 0 2 0 2 0 0 1 0 1 0 0 1 0 2 0 0 0 1 1 0 1 0 0 0 0 0 0 5 0 1 1 7 4 0 0 0 1 0 0 1 0 1 0 0 0 0 1 1 1 0 0 1 0 0 0 0 0
1955 44 17 12 4 45 28 23 11 15 24 25 34 12 23 16 23 10 10 18 17 10 11 4 32 6 14 28 23 18 8 6 15 27 24 8 19 59 2 11 0 0 10 0 0 0 0 2 0 7 0 0 1 1 0 0 0 0 0 0 8 1 8 15 12 2 0 24 0 0 0 0 1 0 0 0 0 0 1 0 0 4 0 7 5 0 0 0 25 0 0 1 0 2 1 1 0 0 0 0 0 0 0 4 37 0 4 0 0 0 2 7 0 1 0 0 0 0 1 0 0 0 0 0 0 4 0 0 0 1 2 0 33 0 26 0 0 2 0 20 21 1 24 0 0 0 0 0 0 0 1 0 0 1 3 0 0 0 2 0 0 1 0 0 1 0 1 0 1 0 3 0 0 1 0 0 0 0 1 1 3 27 0 1 2 2 10 0 0 0 0 0 0 0 0 0 0 0 0 1 0 1 0 0 0 1 0 0 0 6 7 0 3 0 16 5 0 0 1 0 0 0 0 0 0 0 1 3 0 6 1 1 0 0 1 0 0 0 0 0
274 9 12 9 3 13 5 10 8 3 10 9 8 5 8 3 15 2 1 7 2 6 9 2 21 1 10 10 11 3 6 1 2 12 9 3 11 18 0 4 1 0 0 0 0 0 0 0 0 1 0 0 1 1 0 0 0 0 0 0 0 0 4 5 4 0 0 13 0 1 0 1 0 0 0 1 1 0 3 0 0 0 0 9 2 0 1 0 5 0 1 0 0 0 1 2 0 0 0 0 0 0 0 5 10 0 1 0 0 0 0 3 1 2 0 1 0 0 0 0 0 0 1 0 0 2 0 0 0 0 0 1 11 1 13 2 0 0 0 5 8 0 2 0 1 1 0 0 1 0 2 0 0 0 0 3 0 0 1 1 0 0 1 1 1 0 0 0 2 0 0 0 0 0 0 0 1 1 1 0 2 10 0 0 1 0 3 0 0 0 0 0 0 0 0 0 0 0 0 0 1 0 0 0 0 0 1 0 1 1 6 0 2 0 7 2 0 0 1 0 0 0 0 0 0 0 2 4 1 5 3 0 2 0 1 1 0 0 0 2
438 16 13 8 2 23 6 17 11 8 13 11 13 7 5 6 20 2 1 8 8 13 14 3 22 2 14 11 9 5 7 1 4 14 5 2 11 27 0 5 2 0 3 0 0 0 0 0 0 0 0 0 0 0 0 0 0 0 0 0 0 0 7 11 9 2 0 19 0 0 0 0 0 0 0 0 0 0 0 0 0 1 0 9 2 0 2 0 7 0 0 2 0 0 1 1 0 0 1 0 0 0 0 2 17 0 1 1 0 0 0 4 1 1 0 0 0 0 0 1 0 0 0 0 0 3 0 0 0 3 3 0 17 0 16 0 1 1 0 10 14 1 11 0 1 2 1 1 1 0 1 0 0 1 1 1 1 0 0 0 3 0 3 0 0 0 1 1 1 1 4 1 1 1 1 0 2 0 1 0 2 7 0 2 1 2 4 0 0 0 0 0 0 0 1 0 0 0 0 0 0 0 0 2 0 1 0 0 0 0 4 0 2 0 4 6 0 0 0 0 1 0 0 0 0 0 4 0 1 5 1 2 0 1 1 0 2 0 0 0
35 6 3 4 0 7 4 9 4 4 3 2 7 3 3 4 4 0 0 1 5 8 4 0 5 1 7 1 3 4 0 0 4 8 4 0 2 8 0 0 1 0 1 0 0 0 0 0 0 1 0 0 0 0 0 0 0 0 0 0 0 0 4 4 2 0 0 2 0 0 0 0 0 0 0 0 0 0 0 0 0 0 0 2 0 0 0 0 0 0 0 0 0 0 1 0 0 0 2 0 0 0 0 1 6 0 0 0 0 0 0 0 0 1 0 0 0 1 0 1 0 0 0 0 1 0 0 0 2 0 0 0 7 0 7 0 0 1 0 6 3 0 5 0 0 1 0 1 1 0 1 0 0 1 1 1 1 0 0 0 0 0 2 0 1 0 1 0 0 0 0 1 1 1 1 0 2 2 0 1 0 2 0 0 1 0 1 0 0 0 0 0 0 0 0 0 0 0 0 0 0 0 0 2 0 0 0 0 0 0 1 0 0 0 1 1 0 0 0 0 1 0 0 0 1 0 1 1 1 1 1 1 0 1 0 1 1 1 1 0
383 5 14 11 1 21 3 13 9 4 8 13 2 5 5 6 30 0 0 8 11 8 5 2 33 2 13 16 10 3 7 0 4 13 7 1 21 10 0 2 1 0 3 0 0 0 0 0 0 0 0 0 1 0 1 0 0 0 0 0 0 0 4 15 8 0 0 19 0 0 0 0 0 0 0 0 0 0 0 0 0 0 0 11 0 0 0 0 7 0 3 0 0 0 1 1 0 0 1 0 0 0 0 0 10 0 0 1 0 0 0 2 0 1 0 0 0 0 0 0 0 0 0 0 0 3 0 0 0 2 3 0 11 0 5 0 0 1 0 7 15 1 1 0 2 0 0 0 0 0 0 0 0 2 3 0 0 0 2 0 0 0 2 0 1 1 1 0 1 0 3 0 0 0 1 1 2 0 1 1 2 11 0 0 1 0 6 0 0 0 0 0 0 0 0 0 0 0 0 0 0 0 0 0 0 0 0 0 0 0 6 0 1 0 4 0 0 0 0 0 0 0 0 0 0 0 0 1 1 4 0 0 0 0 1 0 0 0 0 0
45 2 5 5 0 16 1 13 3 3 0 5 3 3 2 6 8 0 0 3 10 4 3 0 10 0 5 6 4 3 0 0 3 10 0 0 5 2 0 1 1 0 0 0 0 0 0 0 0 0 0 0 0 0 1 0 0 0 0 0 0 0 3 8 5 0 0 6 0 0 0 0 0 0 0 0 0 0 0 0 0 0 0 6 0 1 0 0 2 0 2 0 0 0 0 0 0 0 1 0 0 0 0 0 6 0 0 0 0 0 0 0 0 0 0 0 0 1 0 0 0 0 0 0 0 0 0 0 0 1 1 0 7 0 1 0 0 0 0 4 5 1 2 0 1 0 0 0 1 0 0 0 0 2 2 0 0 0 3 0 0 0 1 0 0 0 1 0 0 0 0 0 0 0 0 1 1 0 0 1 1 16 0 0 1 0 4 0 0 0 0 0 0 0 0 0 0 0 0 0 0 0 0 0 0 0 0 0 0 0 4 0 1 0 1 0 0 0 0 0 0 0 0 0 0 0 0 1 0 1 2 0 0 0 0 0 0 0 0 0
73 4 4 6 0 14 2 11 5 3 2 3 1 4 3 5 10 1 0 3 11 5 4 0 13 0 4 9 4 3 0 0 3 6 1 0 11 6 0 1 2 1 0 0 0 0 0 0 0 0 0 0 1 1 0 0 0 0 0 0 1 0 2 8 3 0 0 4 0 0 0 0 0 0 0 0 0 0 0 0 0 0 0 8 0 0 0 0 1 0 2 1 0 0 0 0 0 0 0 0 0 0 0 0 7 0 0 1 0 0 0 1 0 0 0 0 0 0 0 1 0 0 0 0 0 0 0 1 0 3 3 0 5 0 3 0 0 0 0 6 2 2 5 0 1 0 0 0 0 0 0 0 1 1 2 0 0 1 1 0 0 0 1 0 0 0 1 0 0 0 0 2 0 1 0 1 0 0 0 1 1 8 0 0 1 0 4 0 0 0 1 0 0 0 0 0 0 0 0 0 0 0 0 0 0 0 0 0 0 0 4 0 1 0 1 0 0 0 0 0 0 0 0 0 0 0 2 2 0 2 0 0 0 0 0 0 0 1 0 0
1207 42 26 34 0 35 24 23 21 13 17 10 27 18 21 14 34 6 2 16 22 19 22 0 37 6 36 33 26 21 0 1 16 26 17 1 17 37 0 20 3 0 0 0 0 0 0 2 0 5 1 0 3 0 0 0 0 0 1 0 6 1 32 36 18 0 0 11 0 0 0 0 2 0 0 0 0 0 0 0 0 2 0 17 2 0 2 0 23 0 0 0 0 0 0 0 0 0 0 1 0 0 0 0 44 0 0 0 0 0 0 1 0 0 1 2 0 1 1 0 0 0 0 0 0 1 0 0 0 0 3 0 35 0 26 1 0 0 0 30 8 2 28 0 1 2 0 0 1 0 0 0 0 2 1 2 2 0 0 0 0 2 1 1 0 2 1 2 2 1 0 0 1 0 1 0 0 2 0 2 3 20 0 0 5 2 11 1 0 0 3 1 0 0 0 0 3 0 0 1 1 2 0 0 0 0 1 0 0 4 19 0 2 0 18 20 0 0 0 0 0 0 2 0 1 0 3 2 3 0 1 2 1 0 0 1 0 0 0 3
790 29 37 28 3 38 10 28 7 7 11 18 23 29 9 8 59 2 3 17 33 26 25 3 41 6 42 21 31 16 2 1 11 12 11 4 32 29 0 21 2 0 0 0 0 0 0 0 0 0 0 0 5 0 2 0 0 1 0 0 7 3 37 35 19 0 0 25 0 3 0 1 3 1 0 0 0 4 1 0 0 1 1 20 1 0 2 1 25 0 1 0 0 2 1 0 0 0 1 0 0 0 0 2 42 0 0 0 0 1 1 3 0 0 1 2 1 0 5 1 0 0 0 0 1 1 1 1 4 2 4 0 35 2 27 0 0 2 1 37 14 6 12 0 3 2 2 0 0 0 1 0 0 4 4 2 0 0 2 1 0 0 0 2 3 0 1 1 1 0 0 1 1 6 0 2 2 3 1 3 2 12 0 0 2 3 8 0 1 4 0 5 0 1 0 2 0 0 0 0 1 4 0 1 1 1 2 0 0 1 21 0 0 1 13 14 0 0 0 2 3 0 1 0 0 0 4 1 3 9 9 0 0 0 0 8 1 0 0 2
18061 29 40 1 19 35 21 11 38 5 28 15 0 7 18 21 8 13 5 23 4 0 3 43 36 6 4 38 20 10 15 15 10 10 25 38 10 29 11 2 0 1 1 0 0 0 0 1 0 18 0 0 0 0 0 0 0 0 0 0 2 1 0 3 0 1 0 28 0 0 2 0 0 0 1 0 0 0 0 0 1 0 0 0 1 0 0 0 1 0 0 0 0 0 0 0 0 0 0 0 0 0 0 0 3 1 5 0 0 0 0 0 0 0 0 0 0 0 1 0 0 1 0 0 0 0 0 0 0 0 0 0 5 0 10 0 0 0 7 1 3 0 28 0 0 0 0 0 1 1 0 1 0 1 0 0 0 0 2 0 0 0 0 0 1 0 0 0 0 0 0 0 0 0 0 0 0 2 0 0 1 7 0 5 1 0 5 0 0 0 0 0 0 0 0 0 0 1 0 1 0 0 0 0 0 0 0 0 0 12 0 0 0 0 3 0 0 0 0 0 0 0 0 0 0 0 5 0 1 1 0 0 0 0 0 0 1 1 0 0
732 9 5 0 0 5 3 2 2 6 2 2 3 2 3 1 0 0 0 1 3 3 2 1 2 5 4 1 5 3 0 0 7 4 4 0 2 4 0 1 0 0 0 0 0 0 0 0 2 0 0 0 1 0 0 1 0 0 0 0 1 0 0 3 1 0 0 2 0 0 0 1 0 0 0 0 0 0 0 0 0 0 0 3 0 1 0 0 1 0 0 2 0 0 0 1 0 0 0 0 0 0 0 0 8 0 0 0 0 0 0 1 0 0 0 0 0 0 0 0 0 0 0 0 0 0 0 0 0 0 0 0 1 0 11 0 0 0 0 2 3 0 8 0 0 0 0 0 0 0 0 0 0 1 1 0 0 2 0 1 1 0 0 1 0 0 0 0 0 0 0 0 0 0 0 0 0 1 0 0 0 4 0 0 1 1 3 0 0 0 0 0 0 0 1 0 0 0 0 0 0 0 0 0 0 0 0 0 0 0 2 0 0 0 2 1 0 0 0 0 0 0 0 0 0 0 1 1 0 0 0 1 0 0 0 1 0 0 0 0
701 2 10 6 0 9 3 3 3 0 4 3 2 2 3 1 7 1 0 3 3 1 4 1 4 0 4 4 6 0 1 0 2 5 2 0 6 5 2 2 1 0 0 0 0 0 0 0 0 0 0 0 2 0 0 0 0 0 0 0 1 1 8 10 3 0 0 6 0 0 0 0 0 0 0 0 0 0 0 0 0 0 0 4 0 1 1 0 2 0 0 0 0 0 0 1 0 0 0 0 0 0 0 0 4 0 0 0 0 0 0 0 1 0 0 0 0 0 0 0 0 0 0 0 0 0 0 0 0 0 1 0 2 0 4 0 0 0 0 3 1 0 2 0 0 1 0 0 0 0 0 0 0 1 2 0 0 0 0 0 0 0 0 0 0 0 0 0 0 0 0 0 0 1 0 0 0 0 0 0 2 4 0 0 0 1 1 0 2 1 1 0 0 0 0 0 0 0 0 0 3 0 0 1 0 0 0 0 0 0 6 0 0 0 1 3 0 0 0 0 0 0 1 0 0 0 0 0 1 0 0 0 1 1 1 0 0 0 0 0
721 4 10 5 0 8 3 6 2 1 2 0 3 3 3 1 7 0 0 0 2 1 2 1 10 2 3 4 3 3 0 0 0 7 4 0 7 1 0 6 0 0 0 0 0 0 0 0 0 1 0 0 0 0 0 0 0 0 0 0 0 0 3 9 3 0 0 2 0 0 0 0 0 0 0 0 0 0 0 0 0 0 0 3 0 0 0 0 6 0 0 0 0 0 0 0 0 0 0 0 0 0 0 0 1 0 0 0 0 0 0 0 0 0 0 0 0 0 0 0 0 0 0 0 0 0 0 1 0 1 0 0 4 0 0 1 0 0 0 7 1 0 0 0 0 0 0 0 0 0 0 0 0 0 2 0 2 0 0 0 0 0 0 1 0 1 0 1 0 0 1 1 0 0 0 0 0 0 1 0 1 4 0 0 0 0 2 0 0 0 0 0 0 0 0 0 0 0 0 0 0 0 0 0 0 0 0 0 0 0 2 0 0 0 3 3 0 0 0 0 3 0 0 0 0 0 0 1 0 0 1 0 0 1 1 0 0 0 0 0
784 4 3 3 0 4 3 7 0 1 4 5 4 2 3 4 0 0 0 2 4 1 1 1 2 0 3 0 2 0 0 0 2 5 3 0 2 6 0 1 0 0 0 0 0 0 0 0 0 0 0 0 0 0 0 0 0 0 0 0 1 1 2 1 0 0 0 0 0 0 0 0 1 0 0 0 0 0 0 0 0 0 0 4 0 0 0 0 0 0 0 0 0 0 0 0 0 0 0 0 0 0 0 0 3 0 0 0 0 0 0 0 0 0 0 0 0 0 0 0 0 0 0 0 0 0 0 0 0 0 1 0 5 0 1 0 0 0 0 5 0 0 9 0 0 0 0 0 0 0 0 0 0 0 0 0 0 0 0 0 1 0 0 0 0 0 0 0 0 0 0 0 0 0 0 0 0 0 0 0 0 2 0 0 0 0 0 0 0 0 0 0 0 0 0 0 0 0 0 0 0 0 0 0 0 0 0 0 0 0 3 0 0 0 3 0 0 0 0 0 1 0 0 0 0 0 0 0 0 0 0 0 0 0 0 0 0 0 0 0
704 8 4 1 0 3 5 6 4 4 2 2 4 3 14 3 3 2 0 0 6 5 1 1 4 3 5 2 9 2 0 0 1 4 9 0 2 5 0 3 0 0 0 0 0 0 0 0 0 0 0 0 0 0 0 0 0 0 0 0 0 1 1 3 4 0 0 7 0 0 0 0 0 0 0 0 0 0 0 0 0 0 0 3 0 0 0 0 4 0 0 0 0 0 0 0 0 0 1 0 0 0 0 0 6 0 0 0 0 0 0 0 0 0 0 0 0 0 0 0 0 0 0 0 0 0 0 0 0 0 0 0 8 0 3 0 0 0 0 4 2 0 4 0 0 0 0 0 0 0 1 0 0 0 0 0 0 0 0 0 0 1 0 0 0 0 0 1 0 0 0 0 0 0 0 0 0 1 0 0 1 1 0 0 0 0 3 0 1 0 0 0 0 0 1 0 0 0 0 0 0 0 0 0 0 0 0 0 0 0 3 0 0 0 3 5 0 0 0 0 0 0 1 0 0 0 2 0 0 0 0 0 0 0 0 0 0 0 0 0
680 6 10 3 0 5 3 4 0 2 3 5 7 8 5 2 3 0 0 0 2 6 6 1 6 0 8 1 7 0 0 0 3 6 3 0 4 4 0 2 1 0 0 0 0 0 0 0 0 0 0 0 0 0 0 0 0 0 0 0 2 0 7 3 0 1 0 0 0 0 0 0 0 0 0 0 0 0 0 0 0 0 0 4 0 0 0 0 3 1 1 1 0 1 0 0 0 0 0 0 0 0 0 0 9 0 0 0 0 0 0 0 0 0 0 0 0 0 0 0 0 0 0 0 0 0 0 0 0 0 0 0 7 0 8 0 0 0 0 12 1 0 2 0 0 0 0 0 0 0 0 0 0 0 2 0 1 1 2 0 0 0 0 0 0 0 0 0 0 0 0 0 0 1 0 0 0 0 0 0 2 7 0 0 0 0 3 0 0 0 0 0 0 0 0 0 0 0 0 0 0 0 0 1 0 0 0 0 0 0 4 0 1 0 4 5 0 0 0 1 1 0 0 0 0 0 1 1 0 0 1 0 0 0 0 0 1 0 0 1
2149 34 25 21 3 31 13 24 13 11 19 10 19 15 5 14 19 0 0 14 19 15 13 6 30 5 27 31 20 19 0 1 15 19 16 5 18 28 0 29 0 0 1 0 0 0 0 1 0 1 0 0 1 0 0 0 0 0 0 0 0 0 17 23 22 0 0 14 0 0 0 0 1 0 0 0 0 0 0 0 0 0 0 15 1 0 1 0 21 0 0 0 0 0 0 1 0 0 1 0 0 0 0 0 27 0 0 0 0 0 0 0 0 1 0 2 0 0 1 1 0 0 0 0 0 0 0 0 0 0 1 0 21 0 40 2 0 0 0 17 12 2 26 1 0 1 1 0 0 0 2 0 0 1 2 1 1 0 1 0 1 0 0 0 1 1 0 2 1 0 3 0 0 1 0 1 0 1 0 0 2 11 0 0 1 0 6 0 2 0 1 0 1 0 0 0 0 0 0 0 0 0 0 0 0 0 1 0 0 2 15 0 0 0 9 20 0 0 1 0 0 0 0 0 0 0 4 1 1 0 0 3 0 1 0 0 1 1 0 0
294 15 9 13 0 22 13 18 10 10 8 4 10 11 9 2 13 0 0 10 12 13 13 0 12 2 17 17 14 14 0 1 5 13 11 0 4 19 0 17 0 0 1 0 0 0 0 1 0 1 0 0 0 0 0 0 0 0 0 0 0 0 8 12 13 0 0 10 0 0 0 0 1 0 0 0 0 0 0 0 0 0 0 10 1 0 0 0 11 0 1 0 0 0 0 1 1 0 0 0 0 0 0 0 22 0 0 0 1 0 0 1 0 2 0 0 0 0 0 0 0 0 0 0 0 0 0 0 0 0 3 0 16 0 31 2 0 0 0 10 8 1 13 1 0 0 0 0 0 0 2 0 0 0 2 0 0 0 1 0 1 0 0 0 0 0 0 0 1 0 2 1 0 3 0 0 0 0 0 0 2 7 0 0 2 0 6 0 1 0 1 0 0 0 1 0 0 0 0 0 0 0 0 0 0 0 0 0 0 0 12 0 0 0 6 12 0 0 0 0 0 0 0 0 0 0 2 1 1 0 1 3 0 1 0 0 0 0 0 0
93 6 6 1 0 11 5 5 4 4 3 5 4 5 6 1 5 0 0 5 5 3 8 0 6 1 5 5 3 8 0 0 4 8 6 1 5 10 0 2 1 0 0 0 0 0 0 0 0 0 0 0 0 0 0 0 0 0 0 0 0 0 2 5 2 0 0 4 0 0 0 0 0 0 0 0 0 0 0 0 0 0 0 4 0 0 0 0 3 0 1 0 0 0 1 0 0 0 0 0 0 0 0 0 11 0 0 0 0 0 0 0 0 1 0 0 0 0 0 0 0 0 0 0 0 0 0 0 0 0 0 0 3 0 9 1 1 0 0 6 4 0 5 0 0 0 0 1 0 0 1 0 0 0 1 0 2 0 0 0 0 0 0 0 0 0 0 0 1 0 0 2 0 0 0 0 0 0 0 0 0 4 0 0 3 0 3 0 1 0 2 0 0 0 0 0 0 0 0 0 0 0 0 0 0 0 0 0 0 0 10 0 0 0 2 3 0 0 0 0 0 0 0 0 0 0 1 1 0 0 0 1 0 0 0 0 0 0 0 0
308 13 8 16 0 17 8 11 10 7 9 4 10 7 6 4 17 0 0 6 11 11 15 0 14 2 27 20 16 11 0 0 3 4 7 0 6 17 0 17 0 0 1 0 0 0 0 1 0 1 0 0 0 1 0 0 0 0 0 0 1 0 13 19 11 0 0 12 0 0 0 1 1 0 0 0 0 0 0 0 0 0 0 9 0 0 0 0 9 0 0 0 0 0 0 1 0 0 0 0 0 0 0 0 20 0 0 0 0 0 0 1 1 1 0 0 0 1 0 0 0 0 0 0 0 0 0 0 0 0 1 0 19 0 29 2 0 0 0 18 11 0 10 1 0 0 1 0 0 0 2 0 1 0 0 0 1 0 1 0 1 0 0 0 1 0 0 0 1 0 2 0 0 1 0 0 0 0 1 0 1 3 0 0 0 0 4 0 1 1 2 0 0 0 0 0 0 0 0 0 1 0 0 0 0 0 0 1 0 0 10 0 0 0 9 12 0 0 0 1 1 0 0 0 0 0 2 1 2 0 0 3 0 1 1 1 1 0 0 0
125 9 3 4 0 9 2 6 4 9 4 2 5 3 6 1 7 1 0 1 2 9 11 0 10 1 12 7 10 6 0 0 4 5 5 0 7 10 0 5 0 0 1 0 0 0 0 0 0 0 0 0 0 0 0 0 0 0 0 0 1 0 7 9 2 0 0 6 0 1 0 0 0 0 0 0 0 0 0 0 0 0 0 8 0 1 0 0 1 0 0 0 0 0 0 1 0 0 0 0 0 0 0 0 13 0 0 0 0 0 0 1 0 0 0 0 0 0 0 0 0 0 0 0 0 0 0 0 0 0 2 0 10 0 14 1 0 0 0 10 2 0 7 0 0 0 1 0 0 0 0 0 1 0 0 0 0 0 1 0 0 0 0 0 0 0 0 0 2 0 0 0 0 0 0 1 0 0 0 0 0 5 0 0 0 0 1 0 1 0 3 0 0 1 0 0 0 0 0 0 0 1 0 0 0 0 0 0 0 0 6 0 0 0 7 6 0 0 0 0 1 0 0 0 0 0 3 1 1 0 1 1 0 0 0 1 1 0 0 0
1360 28 25 17 2 22 14 22 10 10 9 5 17 10 13 8 30 0 0 10 16 4 10 4 24 8 20 26 9 12 0 0 10 7 16 5 13 26 0 23 0 0 0 0 0 0 0 1 0 1 0 0 1 0 0 0 0 0 0 0 0 0 11 20 16 0 0 12 0 0 0 0 1 0 0 0 0 0 0 0 0 0 0 5 0 0 0 0 22 0 0 1 0 0 0 2 0 0 0 0 0 0 0 1 23 0 0 0 0 0 0 1 1 1 0 0 0 1 0 1 0 0 0 0 0 0 0 0 0 0 2 0 23 0 28 1 0 0 0 14 9 1 15 1 0 0 1 0 0 0 2 0 0 1 1 0 0 0 2 1 0 2 0 1 0 0 0 0 0 0 1 0 0 1 0 0 1 0 0 0 1 10 0 2 0 0 7 0 0 0 0 1 0 0 0 0 0 0 0 0 0 0 0 0 0 0 0 0 0 2 6 0 0 0 11 18 0 0 0 0 0 0 0 0 0 0 2 2 0 0 0 2 0 1 0 1 0 1 0 0
821 24 16 18 3 21 16 24 11 6 15 4 12 14 3 6 16 0 0 4 17 5 10 5 16 6 16 16 15 10 0 0 9 11 11 4 8 24 0 19 3 0 0 0 0 0 0 1 0 1 0 0 1 0 0 0 0 0 1 0 0 0 9 16 14 0 0 10 0 0 0 0 1 0 0 0 0 0 1 1 0 1 0 9 0 1 1 0 20 0 1 2 0 0 0 2 0 0 0 0 0 0 0 1 20 1 0 0 0 0 0 0 4 1 0 1 0 1 0 1 0 0 0 0 0 0 0 0 1 1 2 0 23 1 33 1 0 0 0 10 11 4 20 1 3 2 0 0 0 0 4 0 0 3 4 2 1 2 1 0 0 1 1 0 0 0 0 0 1 0 2 0 0 0 0 0 1 0 0 0 1 9 1 0 1 0 5 0 0 0 0 0 0 0 0 1 1 0 0 0 1 0 0 0 0 0 1 0 0 0 6 0 1 0 5 14 0 0 0 0 1 0 0 0 0 0 2 1 1 3 0 1 0 0 1 2 1 1 0 1
322 18 11 15 1 21 15 25 11 4 10 0 15 11 2 4 11 0 0 4 19 7 8 0 15 4 18 16 11 7 1 0 5 4 8 0 7 14 0 16 2 0 1 0 0 0 0 1 0 1 0 0 0 0 0 0 0 0 0 0 0 0 8 20 9 0 0 8 0 0 0 1 1 0 0 0 0 0 1 0 0 1 0 12 0 0 0 0 15 0 2 1 0 0 0 1 0 0 0 0 0 0 0 1 17 0 0 0 0 0 0 1 3 1 0 1 0 1 0 0 0 0 0 0 0 0 0 2 0 0 2 0 19 0 25 1 0 1 0 8 11 4 11 1 1 0 1 0 0 0 2 0 0 2 0 1 0 0 1 0 0 1 0 0 0 0 0 0 0 0 0 0 0 1 0 0 1 0 1 0 1 6 0 0 1 0 3 0 0 0 0 0 0 0 1 0 0 0 0 0 0 0 1 0 0 1 1 0 0 0 6 0 0 0 5 12 0 0 0 0 1 0 0 0 2 0 0 0 0 1 0 1 0 0 0 0 0 0 0 0
1814 28 13 16 3 27 7 31 16 5 17 4 21 17 5 9 19 0 0 11 24 8 4 3 19 8 16 21 8 8 0 0 14 14 18 6 14 27 0 19 0 0 0 0 0 0 0 1 0 0 0 0 1 0 0 0 0 0 0 0 0 1 6 21 19 0 0 8 0 1 0 1 1 0 0 0 0 0 1 0 0 0 0 4 0 0 0 0 15 0 1 0 0 0 0 0 0 0 1 0 0 0 0 0 20 0 0 0 0 0 0 2 0 1 0 0 0 0 1 0 0 0 0 0 0 0 0 1 0 1 0 0 18 0 29 0 0 0 0 13 6 1 12 0 0 0 1 2 0 0 2 0 0 2 2 0 0 0 2 0 0 0 1 0 1 0 0 0 0 0 1 0 0 2 0 0 0 0 0 0 0 15 0 0 2 0 3 2 0 2 0 0 0 0 1 0 0 0 0 0 1 0 0 0 0 0 1 0 0 2 11 0 1 1 9 11 0 0 0 0 0 0 0 0 0 0 4 1 1 2 1 4 0 0 0 0 2 2 0 0
411 15 8 13 1 19 9 22 8 5 9 4 8 13 7 2 10 1 0 2 14 11 6 0 13 4 15 16 16 5 0 0 6 5 11 1 5 16 0 11 1 0 0 0 0 0 0 1 0 0 0 0 0 0 0 0 0 0 0 0 0 1 6 13 10 0 0 5 0 1 0 0 1 0 0 0 0 0 0 0 0 0 0 6 0 0 0 0 12 0 1 0 0 0 0 0 0 0 0 0 0 0 0 0 14 0 0 0 0 0 0 1 0 1 0 0 0 0 0 0 0 0 0 0 0 0 0 0 0 0 1 0 10 0 19 0 0 1 0 11 4 1 6 0 0 0 0 1 0 0 2 0 1 1 0 0 0 0 3 0 0 0 1 0 1 0 0 0 1 0 0 1 0 1 0 0 0 1 0 0 1 8 0 0 1 0 3 1 1 0 0 0 0 0 0 0 0 0 0 0 0 0 0 1 0 0 0 0 0 0 6 0 0 1 9 4 0 0 0 0 2 0 0 0 0 0 3 0 1 0 1 2 0 0 1 0 1 0 0 0
361 23 7 10 1 21 6 26 8 4 10 8 12 13 8 2 10 0 1 4 16 9 5 0 8 5 8 13 11 4 0 0 9 10 12 1 6 25 0 14 1 0 1 0 0 0 0 1 0 0 0 0 0 0 0 0 0 0 0 0 0 0 7 12 9 0 0 4 0 1 0 1 1 0 0 0 0 0 0 0 0 0 0 6 0 0 0 0 14 0 1 0 1 0 0 0 0 0 0 0 0 0 0 0 19 0 0 0 0 0 0 2 0 1 0 1 0 0 0 0 0 0 0 0 0 0 0 2 0 0 0 0 13 0 27 0 0 0 0 8 6 2 5 0 0 1 0 0 0 1 2 0 0 1 3 0 0 0 3 0 0 0 1 0 0 1 0 1 0 0 0 1 0 2 0 0 0 0 0 0 1 15 0 0 0 0 1 1 0 0 0 0 0 0 1 0 0 0 0 0 0 1 0 0 0 0 0 0 0 0 8 0 1 1 10 8 0 0 0 1 0 0 0 0 0 0 1 0 0 0 1 2 0 0 0 3 0 0 0 0
1533 28 19 13 3 26 15 27 14 8 16 5 13 15 9 14 17 0 0 11 24 12 15 3 21 5 25 26 11 9 0 0 12 12 15 4 14 30 0 25 3 0 0 0 0 0 0 1 0 0 0 0 1 0 1 0 0 0 0 0 2 0 12 16 14 0 0 15 0 0 0 0 1 0 0 0 0 0 1 0 0 0 0 10 0 0 1 0 14 0 0 0 1 1 0 0 0 0 0 0 0 0 0 0 22 0 0 0 0 0 0 0 0 1 0 0 0 0 0 1 0 0 0 0 0 0 0 0 0 2 1 0 16 0 24 0 0 1 0 13 9 4 17 0 2 1 2 0 0 0 2 0 0 0 2 1 2 1 2 0 0 1 1 0 1 0 0 2 0 0 2 0 0 1 0 0 0 0 0 0 1 12 0 0 1 0 6 0 0 0 0 0 0 0 0 0 1 0 0 0 1 1 0 0 0 0 0 0 0 1 12 0 1 0 16 7 0 0 0 0 0 0 0 0 0 0 3 2 3 0 0 3 0 0 0 1 1 1 1 0
346 16 12 9 0 15 12 19 5 8 13 2 11 10 5 7 15 1 0 9 15 13 10 1 9 3 16 13 11 8 2 0 7 7 6 0 7 11 0 18 1 0 0 0 0 0 0 1 0 0 0 0 0 0 0 0 0 0 0 0 0 0 9 13 10 0 0 10 0 0 0 0 1 0 0 0 0 0 1 0 0 0 0 7 0 0 0 0 14 0 0 0 0 1 0 0 0 0 0 0 0 0 0 0 20 0 0 0 0 0 0 1 0 1 1 1 0 0 0 1 0 0 0 0 1 1 0 0 0 0 0 0 18 0 14 0 0 0 0 13 10 2 12 0 1 1 0 0 0 0 2 0 0 0 0 1 1 0 1 1 0 1 1 0 1 0 0 0 0 0 0 0 0 0 0 0 0 0 0 0 1 9 0 0 1 1 4 0 0 0 0 0 1 0 0 0 1 0 0 0 2 0 0 0 0 0 0 0 0 0 6 0 2 0 9 15 0 0 0 0 0 0 0 0 0 0 3 1 2 3 0 1 0 0 0 0 0 0 1 0
1470 27 21 13 3 29 5 22 8 4 14 12 9 5 13 6 21 1 1 6 13 8 12 6 27 5 22 27 13 5 0 0 9 9 10 5 14 27 0 20 1 0 2 1 0 0 0 1 1 1 0 0 2 0 0 0 0 0 0 1 2 0 9 23 16 0 0 13 0 1 0 0 3 0 0 0 0 1 0 0 0 0 0 4 0 1 5 0 13 0 0 2 0 0 2 1 0 0 0 0 0 0 0 1 22 0 0 0 0 1 0 2 0 1 1 0 0 0 0 0 0 0 0 0 0 0 0 2 1 1 2 0 13 0 23 0 0 0 0 15 11 3 14 0 0 0 2 0 0 0 2 1 0 1 2 0 1 1 1 0 0 3 0 2 0 0 1 0 1 0 3 1 0 2 0 0 0 1 0 0 5 9 0 0 1 0 5 1 0 0 0 0 0 0 0 0 0 0 0 0 1 1 0 1 0 0 0 0 0 2 12 0 0 0 10 12 0 0 0 0 1 0 0 0 0 0 2 0 1 0 1 2 1 0 2 1 1 2 0 0
1359 22 19 16 3 11 4 15 7 6 11 2 8 6 9 5 23 0 0 9 13 5 15 8 20 4 22 15 8 8 2 0 9 6 13 5 11 27 0 17 0 0 1 0 0 0 0 1 0 0 0 0 1 0 0 0 0 1 0 0 5 1 17 15 19 2 0 11 0 1 0 0 3 1 0 0 0 2 0 0 0 0 0 11 0 0 1 0 11 0 0 0 0 0 0 0 0 0 2 0 0 0 0 1 27 0 0 0 0 0 0 0 0 1 0 0 0 0 0 0 0 0 0 0 0 0 0 0 0 2 1 0 18 0 25 0 0 1 0 11 12 2 7 0 2 0 0 0 0 0 3 0 0 2 2 0 1 1 1 0 1 0 0 1 0 0 0 0 3 0 0 0 1 4 1 0 0 0 0 0 0 4 0 0 0 1 6 1 0 0 0 9 0 0 0 0 0 0 0 0 0 1 0 0 0 0 0 1 0 2 12 0 0 0 14 18 0 0 0 0 0 0 0 0 0 0 1 0 3 8 2 3 2 0 0 3 0 1 0 0
