403 20 6 9 0 9 2 17 6 2 9 2 9 6 8 4 15 0 0 8 13 4 15 1 11 2 16 10 8 6 2 0 5 4 6 0 8 17 0 13 0 0 0 0 0 0 0 1 0 0 0 0 0 0 0 0 0 1 0 0 1 1 12 12 12 3 0 8 0 1 0 0 4 1 0 0 0 1 0 0 0 0 0 6 1 0 1 0 8 1 0 0 0 0 0 0 0 0 1 0 0 0 0 1 24 0 0 0 0 0 0 0 0 1 0 0 0 0 0 0 0 0 0 0 0 0 0 0 0 1 0 0 17 0 21 0 0 0 0 9 10 1 8 0 1 0 1 0 0 1 2 0 0 1 0 0 1 0 1 0 1 0 0 0 0 0 0 0 3 0 0 0 0 3 0 0 0 0 0 0 0 1 0 1 0 1 2 1 0 0 0 9 0 0 0 0 0 0 0 0 0 1 0 0 0 0 0 1 0 0 9 0 1 0 4 11 0 0 0 0 0 0 0 0 0 0 1 1 3 1 0 1 1 0 0 0 0 0 0 0
397 15 6 9 1 6 4 8 4 2 8 2 5 6 4 3 13 0 0 6 6 4 13 2 9 1 12 3 7 6 1 0 3 3 8 0 8 16 0 9 0 0 0 0 0 0 0 0 0 0 0 0 0 0 0 0 0 1 1 0 1 1 12 6 6 2 0 4 0 1 0 0 2 1 0 0 0 1 0 0 0 0 0 5 0 0 1 0 7 0 0 1 0 0 0 1 0 0 1 0 0 0 0 1 16 0 0 0 0 0 0 1 0 0 0 0 0 0 0 0 0 0 1 0 0 0 0 1 0 2 0 0 11 0 13 0 0 0 0 7 9 1 5 0 1 0 0 1 0 0 0 0 0 1 1 1 1 0 0 1 1 0 0 0 1 0 0 0 3 0 0 0 0 3 0 0 0 0 0 0 0 1 0 0 0 2 5 1 0 0 0 9 0 0 0 0 1 0 0 0 0 1 0 0 0 0 0 1 0 0 10 1 0 0 6 9 0 0 0 0 0 0 0 0 0 0 0 0 4 4 0 0 1 1 0 0 0 0 0 0
1325 22 11 10 2 18 10 24 7 11 8 17 14 10 18 12 24 1 0 4 22 13 11 2 22 5 18 20 14 10 0 1 16 17 20 2 9 26 0 13 0 0 0 0 0 0 0 1 0 0 0 0 0 0 0 0 0 0 0 1 2 3 13 16 12 0 0 7 0 0 0 3 3 0 0 0 0 0 0 0 0 0 0 9 0 0 0 0 9 0 0 0 0 0 0 0 0 0 0 1 0 0 0 0 21 0 0 0 0 0 0 0 0 1 0 0 0 0 0 0 0 0 0 0 0 0 0 0 0 1 2 0 20 0 28 0 0 0 0 16 6 2 23 0 0 1 3 2 0 0 3 0 0 0 4 0 0 0 1 1 0 2 0 1 2 1 0 0 0 0 1 0 0 0 0 0 0 0 0 0 0 9 0 0 2 0 4 0 0 0 0 0 0 0 0 0 0 0 0 0 3 1 0 0 0 0 0 0 0 0 13 0 0 0 13 7 0 0 0 0 0 0 0 0 1 0 2 0 1 0 0 1 1 0 0 0 1 1 0 1
1316 20 10 15 3 19 8 20 3 5 14 8 14 8 13 9 18 1 0 12 22 11 13 2 17 6 16 18 19 8 0 0 13 13 14 2 7 30 0 14 1 0 0 0 0 0 0 1 0 0 0 0 5 0 1 0 1 0 1 0 0 1 9 20 17 1 1 11 0 0 0 0 3 0 0 0 0 0 0 0 0 0 1 14 0 1 1 0 9 0 1 0 0 0 0 2 0 0 1 1 0 0 0 0 18 0 0 0 1 0 0 1 4 2 0 2 0 0 0 0 1 0 0 1 0 0 0 0 1 1 3 0 21 0 21 0 0 1 0 12 7 2 12 0 1 2 2 0 0 0 5 0 1 1 5 0 0 3 2 0 1 0 1 1 5 0 0 0 0 0 2 0 0 0 0 0 0 1 0 0 2 12 0 1 1 0 5 0 0 0 0 1 0 0 0 2 0 0 0 0 1 0 0 0 1 0 1 0 0 3 13 0 3 1 10 9 0 0 0 1 0 0 0 0 0 0 1 5 3 0 0 1 1 0 2 1 1 1 0 0
341 13 14 14 1 18 7 14 4 5 10 4 7 4 5 4 19 2 0 9 15 5 12 1 12 4 11 11 10 7 0 0 5 8 5 0 6 13 0 7 0 0 0 0 0 0 0 0 0 0 0 0 2 0 1 0 1 0 1 0 1 0 9 20 14 1 1 11 0 0 0 0 2 0 0 0 0 0 0 0 0 0 0 3 0 1 1 0 8 0 2 0 0 0 0 0 0 0 2 1 0 0 0 0 12 0 0 0 0 0 0 1 0 2 1 0 0 0 0 0 1 0 0 0 0 0 0 0 1 2 1 0 14 0 5 0 0 1 0 9 7 2 3 0 0 2 1 0 0 0 6 0 1 1 2 0 2 4 1 0 0 0 0 0 3 0 1 1 0 0 1 0 0 1 0 0 0 0 0 1 2 4 0 0 1 0 4 1 0 0 1 0 1 0 1 2 1 0 0 0 2 0 0 1 1 0 1 0 0 3 14 0 1 1 2 8 0 0 0 1 0 0 1 0 0 0 0 3 3 2 0 0 0 0 2 0 0 0 0 1
1445 15 7 14 2 12 6 16 7 5 14 6 13 10 8 14 11 1 0 6 16 6 8 2 17 6 24 24 11 4 0 0 16 7 15 4 10 20 0 21 2 0 2 0 0 0 0 1 1 0 0 0 1 0 0 0 0 0 1 0 3 1 10 17 13 2 0 7 0 0 0 1 1 0 0 0 0 1 2 0 0 0 0 6 0 0 4 1 11 0 1 0 0 0 0 0 1 0 0 0 0 1 0 0 15 1 0 3 0 0 0 1 0 2 1 0 0 0 0 0 0 0 0 0 0 0 0 1 0 4 0 0 20 0 21 0 0 1 0 14 10 0 15 1 1 1 3 1 0 1 2 0 0 0 1 3 3 0 2 0 0 0 1 0 1 0 0 0 1 0 1 0 0 0 0 0 2 0 0 3 2 4 0 0 3 0 7 1 0 3 2 0 0 0 0 2 2 0 0 0 1 0 0 0 1 0 2 0 0 0 4 0 0 0 10 14 0 0 0 1 1 0 0 0 0 1 2 0 5 1 2 2 0 0 1 1 1 1 0 0
1314 26 11 11 2 30 13 25 7 10 8 12 15 8 13 8 13 4 0 7 24 13 9 2 16 7 11 16 15 9 0 0 11 27 20 2 14 36 1 19 0 0 0 0 0 0 0 1 0 0 0 0 0 0 0 0 0 0 0 0 1 0 7 13 9 0 0 11 0 1 0 0 4 0 0 0 0 0 0 0 0 0 0 12 0 1 0 0 16 0 0 0 0 1 0 0 0 0 0 0 0 0 1 0 20 0 0 0 0 0 0 2 1 1 0 3 0 0 0 0 0 0 0 0 0 0 0 0 0 0 0 0 14 0 36 0 0 0 0 8 9 1 14 0 0 0 2 0 1 0 3 0 0 0 3 1 0 0 3 0 0 0 0 0 1 0 0 0 0 0 2 1 0 1 0 1 0 0 0 0 3 18 0 0 2 1 5 0 0 0 0 0 0 0 0 0 0 0 0 1 0 0 0 0 0 0 0 0 0 1 8 0 1 0 15 14 0 0 0 0 0 0 1 0 0 0 1 0 1 0 0 2 0 0 0 0 1 1 0 1
380 14 3 7 0 23 12 18 4 8 5 3 9 5 7 2 7 2 0 1 19 8 8 0 5 4 7 3 14 6 0 0 4 10 12 0 4 20 1 5 0 0 0 0 0 0 0 0 0 0 0 0 0 0 0 0 0 0 0 0 1 1 5 3 1 0 0 7 0 1 0 0 3 0 0 0 0 0 0 0 0 0 0 9 0 1 0 0 4 0 0 0 1 1 0 0 0 0 0 0 0 0 1 1 13 0 0 0 0 0 0 1 0 0 0 2 0 0 0 0 0 0 0 0 0 0 0 0 1 0 1 0 13 0 21 0 0 1 0 6 3 2 6 0 0 0 0 0 0 0 0 1 0 0 1 1 1 1 1 0 0 2 1 0 0 0 0 1 0 0 0 0 0 0 0 1 0 0 0 0 2 5 0 0 1 1 3 0 0 0 1 0 0 0 0 0 1 0 0 1 0 0 0 0 0 0 0 0 0 1 1 0 1 0 9 6 0 0 0 0 4 0 1 0 0 0 1 1 0 1 1 0 0 0 0 0 0 1 1 0
1452 19 22 20 4 11 6 10 9 2 15 2 6 3 6 5 21 0 0 12 11 4 10 9 30 2 21 22 7 2 2 0 4 7 9 5 13 12 0 16 4 0 0 0 0 0 0 1 0 0 0 0 3 0 0 0 0 1 0 0 0 2 11 18 13 0 0 15 0 1 0 0 1 0 0 0 0 0 0 0 0 0 0 10 0 0 3 0 16 0 0 1 0 0 0 0 0 0 1 0 0 0 0 1 13 1 0 1 0 0 0 0 1 1 0 2 0 0 0 1 0 0 0 0 0 0 0 1 0 2 0 0 10 0 15 0 1 1 0 5 12 2 4 0 1 0 2 0 1 1 2 1 1 2 1 0 0 0 1 0 0 0 2 0 1 1 0 1 0 0 0 1 0 3 0 1 1 2 1 2 3 5 0 0 1 0 2 0 0 0 0 0 0 0 0 0 0 0 0 0 0 0 1 0 0 0 2 2 0 2 7 0 0 0 4 12 0 0 0 0 0 0 1 0 0 0 0 5 0 5 0 1 0 0 1 2 0 1 0 0
1524 16 13 7 2 16 7 16 2 2 7 10 11 11 9 11 14 0 0 4 13 12 9 2 14 5 16 19 10 13 0 0 15 6 12 2 9 19 0 9 0 0 0 0 0 0 0 1 0 1 0 0 0 0 0 0 0 1 0 0 3 1 9 15 9 0 0 8 0 0 0 1 2 0 0 0 0 0 0 0 0 0 0 11 0 0 0 0 9 0 0 0 0 0 0 0 0 0 0 0 0 0 0 0 16 0 0 0 0 0 0 0 0 1 0 0 0 1 0 0 0 0 0 0 0 0 0 1 0 0 1 0 8 0 17 0 0 0 0 9 4 0 14 0 0 0 1 0 0 0 2 0 0 0 4 0 0 0 1 0 0 0 0 1 1 0 0 0 0 0 1 1 0 3 0 0 0 0 0 0 2 7 0 0 4 1 3 0 0 0 0 0 0 0 0 0 0 0 0 0 0 2 0 0 1 0 0 0 0 0 7 0 0 0 7 2 0 0 0 0 0 0 0 0 0 0 2 0 2 0 0 3 0 0 1 0 1 2 0 0
1557 29 7 5 3 13 4 13 5 5 8 9 9 4 6 16 9 0 0 3 16 3 9 2 9 4 15 11 6 8 0 0 23 8 19 2 5 23 0 11 0 0 0 0 0 0 0 1 0 0 0 0 0 0 0 0 0 0 0 1 1 0 2 8 11 0 0 6 1 0 0 1 1 0 0 0 0 1 0 0 0 0 0 8 0 0 0 0 7 0 0 0 0 0 0 0 0 0 0 0 0 0 0 0 18 0 0 0 0 0 0 0 0 1 0 0 0 0 0 0 0 0 0 0 0 0 0 0 0 0 2 0 10 0 28 0 0 0 0 6 4 0 21 0 0 0 1 0 0 0 2 0 0 0 2 0 0 0 2 0 0 0 0 0 2 0 0 1 0 0 1 0 1 1 0 0 0 1 0 0 1 9 0 0 1 0 6 0 0 0 0 0 0 0 0 0 0 0 0 0 0 0 0 0 0 0 0 0 0 0 3 0 0 0 5 2 0 0 0 0 0 0 0 0 0 0 4 0 2 0 0 2 0 0 2 0 1 1 1 0
457 14 7 5 0 5 1 8 6 6 5 6 6 3 4 8 8 0 1 2 6 3 11 0 11 2 15 5 11 6 0 1 14 4 18 0 7 7 1 5 0 0 0 0 0 0 0 0 0 0 0 0 1 0 0 0 1 0 0 1 1 0 4 12 11 0 0 4 0 0 0 0 1 0 1 0 0 1 0 0 0 0 0 8 0 0 1 1 3 0 0 0 0 0 0 0 1 0 0 1 0 0 0 0 13 0 0 0 0 0 1 0 0 1 0 0 0 0 0 0 0 0 0 0 0 0 0 0 0 0 2 0 9 0 11 0 0 0 0 7 5 1 18 0 0 1 0 1 0 1 2 0 0 0 0 0 1 2 1 0 1 0 0 0 0 1 0 0 0 0 0 0 0 3 0 0 0 0 0 0 0 6 0 1 2 0 5 0 0 0 1 0 0 1 0 0 0 0 0 0 1 0 0 1 0 1 1 2 0 0 2 0 0 0 3 2 0 0 0 2 2 0 0 0 0 0 6 1 3 0 0 2 0 0 4 0 0 0 1 0
415 22 1 2 1 7 1 14 4 9 4 5 2 0 5 9 11 0 0 4 8 4 5 0 8 2 12 5 10 4 0 0 14 5 16 0 8 14 0 4 0 0 2 0 0 0 0 0 1 0 0 0 0 0 0 0 0 0 0 2 1 0 2 11 7 0 0 9 1 1 0 0 1 0 0 0 0 1 0 0 0 0 0 6 0 1 0 0 3 0 0 1 0 0 0 0 0 0 0 0 0 0 0 0 19 0 0 2 0 0 0 0 0 1 0 0 0 0 1 0 0 0 0 0 0 0 0 0 0 0 2 0 10 0 16 0 0 0 0 3 3 1 19 0 2 0 0 0 0 0 2 0 0 0 0 0 0 0 3 0 0 0 0 0 0 0 1 1 2 0 0 0 0 1 1 0 0 0 0 0 1 9 0 0 2 0 3 1 0 0 0 0 0 0 0 0 0 0 0 0 0 0 0 0 0 0 0 0 0 2 5 0 0 0 6 3 0 0 0 0 0 1 0 0 0 0 4 0 5 0 0 2 0 1 2 0 0 0 2 1
511 24 3 2 0 11 3 15 7 6 4 11 4 3 4 10 7 0 0 2 10 3 11 0 6 3 13 6 7 4 0 0 17 9 21 0 2 13 0 7 0 0 0 0 0 0 0 1 0 0 0 0 0 0 0 0 0 0 0 1 1 0 1 7 8 1 0 3 0 0 0 0 1 0 0 0 0 1 0 1 0 0 0 5 0 0 0 0 3 0 0 0 0 0 0 0 0 0 0 1 0 0 0 1 12 0 0 0 0 0 0 0 0 1 0 0 0 0 0 0 0 0 0 0 0 0 0 0 0 0 2 0 9 0 19 0 0 0 0 4 3 1 16 0 1 0 0 0 0 0 2 0 0 0 1 3 0 0 2 0 0 0 0 0 0 0 0 0 0 0 0 0 0 2 0 0 0 0 0 0 0 9 0 0 1 0 3 0 0 0 1 0 0 0 0 0 0 0 0 1 0 0 0 0 0 0 0 0 0 1 3 0 0 0 4 2 0 0 0 0 0 0 0 0 0 0 3 0 2 1 0 3 0 0 2 0 0 0 1 0
488 18 5 8 0 6 5 9 4 6 4 6 4 4 6 8 8 0 0 2 10 4 16 1 10 3 13 9 14 9 0 1 13 4 16 0 6 7 0 6 1 0 0 0 0 0 0 1 0 0 0 0 0 0 0 0 0 0 0 1 4 0 2 11 9 0 0 3 0 1 0 1 1 0 0 1 0 1 0 0 0 0 0 9 0 0 1 0 4 0 0 0 0 0 0 0 0 0 0 0 0 0 0 0 15 2 0 0 0 0 1 1 0 1 0 1 0 0 0 0 0 0 0 0 0 0 0 0 0 0 2 0 6 0 17 0 0 0 0 5 3 0 14 0 1 1 0 0 0 0 2 0 0 1 0 0 0 1 2 0 0 0 1 0 0 1 0 0 1 0 0 0 0 1 0 0 0 0 0 0 1 8 0 0 1 0 3 0 0 0 1 1 0 0 0 0 0 0 0 0 0 1 0 0 0 0 1 0 0 0 4 0 0 0 4 4 0 0 0 0 1 0 0 0 0 0 4 0 3 0 0 2 0 0 4 1 0 0 1 1
426 21 3 4 0 11 1 9 6 5 5 6 8 4 8 7 7 0 0 2 4 3 7 2 5 2 14 5 10 4 0 0 13 7 18 0 3 15 0 1 1 0 0 0 0 0 0 1 0 1 0 0 0 0 1 1 0 0 0 1 1 1 2 5 4 0 0 3 0 1 0 0 1 0 0 0 0 1 0 0 0 0 0 6 0 0 0 1 1 0 0 1 0 0 0 1 0 0 0 0 0 0 0 1 11 0 0 0 0 0 0 0 1 0 0 1 0 0 0 0 0 0 0 0 0 0 0 1 0 0 2 0 5 0 21 0 0 0 0 5 5 1 12 0 0 0 0 0 0 0 0 0 0 1 2 0 0 0 1 1 0 0 2 1 0 2 0 1 0 1 0 0 0 1 0 1 0 0 0 0 0 8 0 0 1 0 3 0 0 1 0 0 0 0 0 0 0 0 0 0 0 0 0 0 0 0 1 0 0 1 3 0 0 0 4 1 0 0 0 0 0 0 0 0 0 0 4 0 2 2 2 1 1 1 3 2 0 0 1 2
1578 23 8 5 2 16 5 25 3 5 7 12 11 4 15 7 7 0 0 2 16 4 4 2 7 7 10 11 7 6 0 0 12 14 13 2 4 26 0 12 0 0 0 0 0 0 0 1 0 0 0 0 0 0 0 0 1 0 0 0 1 0 4 9 10 1 0 8 0 1 0 0 1 0 0 0 0 0 0 0 0 0 0 4 0 0 2 0 6 0 0 0 0 0 0 1 1 0 0 0 0 0 0 0 18 0 0 0 0 0 0 0 0 1 0 0 0 0 0 1 0 0 0 0 0 1 1 0 0 1 2 0 12 0 21 1 0 0 0 6 3 0 9 0 0 2 1 0 0 0 2 0 0 0 2 0 1 0 1 0 0 0 0 0 1 0 0 0 0 0 1 0 0 2 0 0 0 0 0 0 2 10 0 0 1 0 4 0 0 0 0 0 0 0 0 0 0 0 0 1 0 0 0 0 0 0 0 0 0 0 2 0 0 0 9 2 0 0 0 0 0 0 0 0 0 0 1 0 1 0 0 1 0 0 0 0 1 2 2 0
504 7 5 5 0 7 7 11 1 0 5 5 3 6 7 8 6 0 0 3 6 3 7 0 4 3 9 5 4 5 0 0 7 4 5 0 4 15 0 9 0 0 0 0 0 0 0 1 0 0 0 0 0 0 0 0 1 0 0 0 1 0 5 13 4 1 0 7 0 1 0 0 1 1 0 0 0 0 0 0 0 0 0 5 0 0 1 0 3 0 0 0 0 0 0 1 1 0 0 0 0 0 0 0 14 0 0 2 0 0 0 1 0 1 0 0 2 0 0 1 0 0 0 0 0 0 0 0 0 0 1 1 7 0 10 1 0 0 0 12 2 0 7 0 0 0 0 0 0 0 1 0 0 0 2 0 1 0 0 0 0 0 0 0 0 0 0 0 1 0 0 0 0 2 0 0 0 0 0 0 3 1 0 0 1 1 4 0 0 0 0 0 0 0 0 0 0 0 0 1 0 1 1 0 0 0 0 0 0 0 3 0 0 0 3 2 0 0 0 0 0 0 0 0 0 0 0 0 1 0 2 1 1 0 0 0 0 0 1 2
1378 31 10 8 2 22 5 26 4 16 9 18 18 8 16 8 11 0 0 4 24 6 5 2 13 8 19 20 8 6 1 1 16 17 19 2 14 26 0 15 0 0 1 0 0 0 0 1 0 0 0 0 0 0 0 0 1 0 0 0 1 0 9 11 12 0 0 6 1 1 0 0 2 1 0 0 0 0 2 0 0 0 0 7 0 0 1 0 11 0 0 0 0 0 1 0 1 0 2 0 0 0 1 0 19 0 0 0 0 0 0 2 2 1 0 0 0 0 0 0 0 0 0 0 0 0 0 0 0 0 2 1 16 0 26 0 0 0 0 5 4 3 22 0 0 1 2 0 2 1 2 0 0 2 3 0 2 0 1 0 0 2 0 0 1 0 1 0 0 0 1 0 0 1 0 1 0 0 0 0 0 12 0 0 1 1 5 0 0 0 0 0 1 0 0 0 0 0 0 0 1 2 0 0 0 0 0 0 0 0 5 0 1 0 16 5 0 0 1 0 0 0 0 0 0 0 0 2 1 0 0 1 0 0 0 0 1 1 0 0
455 16 5 4 0 16 4 15 3 10 8 8 11 5 4 3 4 0 0 1 12 2 4 0 5 2 6 4 6 3 1 1 9 3 5 0 5 14 0 6 0 0 1 0 0 0 0 0 0 0 0 0 0 0 0 0 0 0 0 0 1 1 5 1 4 0 0 1 1 1 0 0 1 1 0 0 0 1 0 0 0 0 0 4 0 0 0 1 5 0 0 0 0 0 1 0 0 0 3 0 0 0 0 0 13 0 0 0 0 0 0 2 1 0 0 0 0 1 0 0 0 0 0 0 0 0 0 0 0 0 3 0 10 0 11 1 0 0 0 4 3 1 13 0 0 1 1 2 0 1 0 0 0 2 0 0 1 0 1 1 0 1 0 0 0 0 1 0 0 0 0 0 0 1 0 1 0 0 0 0 0 6 0 0 2 0 4 0 0 0 0 0 1 0 0 0 0 0 0 0 0 1 0 2 1 0 0 0 0 0 4 0 1 0 6 3 0 0 0 0 0 0 0 0 0 0 2 0 1 0 0 1 0 0 0 0 0 0 0 0
417 16 3 5 0 18 1 17 3 10 9 9 14 1 4 3 6 1 0 2 12 2 4 0 4 1 8 4 7 4 1 1 13 4 6 0 6 13 0 5 0 0 1 1 0 0 0 2 0 0 0 0 0 0 0 0 0 0 0 0 1 0 5 3 7 0 0 2 1 1 0 1 1 1 0 0 1 0 0 0 1 0 0 3 0 0 0 0 7 0 0 1 0 0 2 0 0 0 3 0 0 0 0 0 13 1 0 0 0 0 0 1 1 1 0 0 0 0 0 0 0 0 0 0 0 0 0 0 0 0 2 0 11 0 15 1 1 0 0 3 3 1 13 0 0 1 1 0 1 2 1 0 0 2 2 0 1 0 0 1 0 1 0 0 0 0 0 0 0 0 0 0 0 1 0 1 0 0 0 0 0 8 0 0 1 0 6 0 0 0 2 0 1 0 0 0 0 0 0 0 0 2 0 0 0 0 0 0 0 1 3 0 1 0 7 6 0 0 0 0 1 0 0 0 0 0 2 0 2 0 1 0 0 0 0 0 0 0 0 0
493 12 5 6 0 10 3 17 5 8 6 6 9 2 6 4 11 0 0 0 12 4 3 0 9 1 5 8 6 3 1 0 8 4 8 0 3 13 0 12 0 0 0 0 0 0 0 1 0 0 0 0 0 0 0 0 0 0 0 0 1 1 5 7 6 0 0 6 0 1 0 0 1 0 0 0 0 0 0 0 0 0 0 2 0 0 2 0 9 0 0 0 0 0 1 0 0 0 1 0 0 0 0 0 9 0 0 0 0 0 0 2 0 1 0 0 0 0 0 0 0 0 0 0 0 0 0 0 0 0 1 0 5 0 16 0 0 0 0 6 3 1 9 0 0 2 0 0 0 1 1 0 0 2 0 0 2 0 0 0 0 1 0 0 0 0 0 0 1 0 0 2 0 0 0 0 1 0 0 2 0 2 0 0 1 0 5 0 0 0 0 0 1 0 0 0 0 0 0 0 0 2 0 0 0 0 0 0 0 0 2 0 1 0 4 3 0 0 0 0 0 0 0 0 0 0 0 1 0 0 0 1 1 0 0 1 0 0 0 0
1459 15 19 16 3 10 7 9 11 9 12 18 6 7 2 5 22 0 0 12 9 8 5 6 20 4 17 20 10 6 0 0 7 4 7 5 18 13 0 20 0 0 0 0 0 0 0 1 0 0 0 0 1 1 0 0 0 0 0 0 0 1 15 20 23 0 0 11 0 1 0 2 1 0 0 0 0 0 1 0 0 0 0 6 0 0 1 0 16 0 0 0 0 0 0 0 0 0 0 0 0 0 0 0 12 0 0 0 0 0 0 0 1 1 0 0 0 0 0 0 0 0 0 0 0 0 0 1 1 0 0 0 11 1 16 0 0 0 0 17 8 0 12 0 0 2 0 0 0 0 2 0 2 1 2 0 0 0 1 0 3 0 1 0 0 0 0 1 0 0 0 1 0 4 0 0 0 0 0 0 1 2 0 0 0 0 2 0 0 0 0 0 0 0 0 0 0 0 0 0 0 0 1 0 0 0 0 2 0 3 4 0 1 0 2 14 0 0 0 0 0 0 0 0 0 0 2 1 1 6 0 2 0 0 0 4 0 1 0 0
363 9 16 18 1 10 3 9 9 5 11 20 5 3 8 6 15 0 3 10 9 8 4 1 15 3 23 13 12 5 0 1 9 6 12 0 14 7 0 17 0 0 0 1 0 0 0 1 0 0 0 0 1 1 0 0 0 0 0 0 1 0 14 16 22 1 0 9 0 0 0 1 1 0 0 0 0 0 0 0 0 1 0 7 1 0 1 0 15 0 0 0 0 0 0 0 0 0 0 0 0 0 0 0 12 1 1 0 0 0 0 0 1 1 0 0 0 0 0 0 0 0 0 0 0 0 0 1 0 0 0 0 12 1 12 0 0 0 0 7 7 0 8 1 0 2 0 0 0 0 2 0 2 0 0 0 0 0 1 0 4 0 1 0 1 0 0 1 1 0 0 1 0 3 0 0 0 0 0 1 1 3 0 0 3 1 4 0 0 0 0 0 0 0 0 0 0 0 0 0 0 0 0 0 0 0 0 0 0 1 4 0 1 0 5 10 0 0 0 1 1 0 0 0 0 0 2 1 0 6 0 1 0 1 0 1 1 0 0 0
1162 23 19 17 2 19 14 26 7 7 8 33 21 16 18 13 23 0 0 10 33 15 14 2 16 9 23 24 18 14 0 1 16 19 27 2 13 27 0 11 0 0 0 0 0 0 0 1 0 0 0 0 1 0 0 0 0 0 0 0 1 3 9 19 13 0 0 10 0 0 0 0 3 0 0 0 0 0 0 0 0 0 0 14 0 1 0 0 16 0 1 0 0 0 0 0 0 0 0 0 0 0 0 0 24 0 0 1 0 0 0 1 0 1 0 1 0 0 0 1 0 0 0 0 0 0 0 1 1 1 1 0 22 0 28 0 0 1 0 22 8 1 22 0 0 0 1 1 0 1 2 0 0 2 2 0 0 0 3 0 0 1 0 0 1 0 0 0 0 1 3 1 0 0 0 1 0 0 0 1 3 17 0 0 4 3 7 2 0 0 0 0 0 0 0 0 0 0 0 0 1 1 0 1 0 0 0 0 0 0 12 0 1 0 19 7 0 0 0 1 1 0 0 0 0 0 7 1 2 1 0 3 0 0 0 0 3 2 0 1
1369 17 11 17 2 19 6 21 1 5 4 40 15 9 15 9 12 1 1 5 19 8 14 2 22 5 14 20 13 9 1 2 10 13 15 2 10 16 0 11 0 0 0 0 0 0 0 1 0 1 0 0 0 0 0 0 0 1 0 0 1 0 12 18 16 0 0 4 0 1 0 1 1 0 0 1 0 1 2 1 0 0 0 12 0 2 0 0 9 0 0 1 0 0 0 1 1 0 2 1 0 0 1 1 15 0 0 0 0 0 1 2 0 1 0 1 0 0 0 0 0 0 0 0 1 0 0 1 0 1 0 0 17 0 18 0 1 0 1 14 9 1 13 0 0 0 2 1 2 0 2 0 0 2 2 1 0 1 1 0 0 1 2 0 2 1 0 0 2 1 2 0 0 2 0 2 0 0 0 0 2 7 0 1 2 1 5 0 0 0 1 1 0 0 0 0 0 1 0 0 2 1 0 0 0 0 1 0 0 1 7 0 1 0 10 9 0 0 0 3 1 0 0 0 0 0 0 0 2 0 1 1 2 0 2 0 1 1 0 1
449 16 3 8 0 12 5 13 2 5 2 25 7 6 8 4 8 1 1 1 10 8 13 0 11 2 12 9 13 6 1 1 9 9 8 0 4 13 0 8 0 1 0 0 0 0 0 1 0 1 0 0 0 0 0 0 0 0 0 0 0 1 7 13 11 0 0 2 0 0 0 2 1 0 0 0 0 0 4 0 0 1 0 8 0 2 0 0 3 1 0 1 0 0 0 0 1 0 0 0 0 0 1 0 15 2 0 0 0 0 2 1 0 2 0 0 0 0 0 0 0 0 0 0 0 0 0 0 0 0 0 0 13 0 10 0 1 0 0 11 6 1 6 0 0 0 0 1 1 1 2 0 0 2 0 1 1 1 1 0 0 0 1 0 1 2 0 0 1 1 1 1 0 1 0 1 0 0 0 0 2 4 0 0 1 1 4 0 0 0 1 1 0 0 0 0 0 1 0 0 2 0 0 0 1 0 0 0 0 1 5 0 1 0 5 4 0 0 0 2 0 0 0 0 0 0 1 1 2 0 0 1 1 0 2 0 0 0 0 0
445 10 7 9 0 10 7 9 2 3 1 21 8 8 3 4 8 1 1 1 8 7 12 0 13 1 12 11 13 7 1 1 2 8 8 0 5 8 0 5 0 0 0 0 0 0 0 0 0 1 0 0 1 0 0 0 0 0 0 0 0 1 8 13 10 0 0 3 0 1 0 1 1 0 0 0 0 0 2 0 0 0 0 9 0 2 1 0 4 0 1 1 0 0 0 0 1 0 0 0 0 0 1 0 12 0 0 0 0 0 1 1 0 1 0 0 0 0 0 0 0 0 0 0 0 0 0 0 0 0 0 0 13 0 3 0 1 0 0 13 8 1 6 0 0 0 1 1 1 0 2 0 1 1 0 2 0 1 0 0 0 0 1 0 1 1 0 0 1 1 2 0 0 3 0 1 0 0 0 2 2 4 0 0 1 2 2 0 0 0 0 2 0 0 0 0 0 1 0 0 1 1 0 0 0 0 1 0 0 1 7 0 1 0 2 2 0 0 0 1 0 0 0 0 0 0 0 1 2 1 0 0 1 1 2 0 0 0 0 0
388 14 4 10 0 16 9 11 2 4 5 27 11 9 10 5 10 1 1 4 13 13 15 0 14 3 14 12 17 10 1 1 2 11 13 0 5 9 0 11 0 0 0 0 0 0 0 1 0 1 0 0 0 0 0 0 0 0 0 0 1 0 7 14 14 0 0 2 0 0 0 1 1 0 0 1 0 0 2 0 0 0 0 11 0 2 0 0 3 0 0 1 0 0 0 0 1 0 0 0 0 0 1 0 11 0 0 0 0 0 1 1 0 1 0 0 0 0 0 0 0 0 0 1 0 0 0 0 0 0 2 0 15 0 12 0 1 0 0 13 6 2 4 1 0 0 0 1 1 0 2 0 0 1 0 1 0 1 1 0 0 0 1 0 1 1 0 0 1 1 1 0 0 1 0 2 0 0 0 0 3 11 0 0 4 1 2 0 0 0 0 2 0 0 0 0 0 1 0 1 1 0 0 0 0 0 0 0 0 1 7 0 1 0 4 2 0 0 0 1 0 1 0 0 0 0 0 0 1 1 0 1 2 1 2 0 2 0 0 0
434 7 2 9 0 9 5 8 1 3 4 24 9 3 6 4 4 1 1 4 9 9 13 2 10 4 8 5 15 6 1 1 3 11 4 0 6 12 0 6 0 0 0 0 0 0 0 0 0 1 0 0 0 0 0 0 0 0 0 0 0 0 5 9 6 0 0 1 0 0 0 1 0 0 0 0 0 0 2 0 0 0 0 8 0 2 0 0 2 0 0 1 0 0 0 0 1 0 0 0 0 1 1 0 13 0 0 0 0 0 1 1 0 1 0 0 0 0 1 0 0 0 0 0 0 0 0 0 0 0 0 0 15 0 5 0 1 0 0 15 4 1 5 1 0 0 0 1 1 1 0 0 0 1 0 1 0 1 1 0 0 0 1 0 2 1 0 0 1 1 2 0 0 1 0 1 0 0 0 0 2 8 0 0 1 2 6 0 0 0 1 1 0 0 0 0 0 1 0 0 1 1 0 0 0 0 0 0 0 1 5 0 1 0 2 1 0 0 0 1 0 0 0 0 0 0 1 0 3 0 1 0 1 0 2 0 0 0 0 0
845 8 6 10 3 14 2 13 6 2 9 22 8 2 5 5 11 2 0 7 11 4 6 4 15 2 16 12 11 4 3 0 2 11 12 7 5 7 0 12 0 0 0 0 0 0 0 1 0 2 0 0 0 0 0 0 0 0 1 0 0 0 5 14 13 1 0 7 0 1 0 1 1 0 1 0 0 0 2 0 0 0 0 3 0 2 1 0 8 0 0 1 0 0 0 0 1 0 2 0 0 0 1 1 11 2 0 0 0 1 1 1 0 1 0 0 0 1 0 0 0 0 0 0 0 0 0 0 1 1 0 0 9 0 8 0 1 0 0 6 8 2 9 0 1 0 0 2 1 1 2 0 0 1 0 0 2 1 2 0 0 0 2 0 1 1 0 3 1 0 0 0 0 0 1 1 0 0 0 0 4 4 0 0 1 0 2 0 1 0 0 0 0 0 0 0 0 1 0 0 1 0 0 0 0 0 0 0 0 2 6 0 1 0 4 9 0 0 0 1 0 0 0 0 0 0 1 1 0 5 1 1 1 1 1 1 0 0 0 0
486 9 7 12 2 14 6 14 2 2 5 24 5 5 5 3 8 1 0 3 10 5 7 0 12 1 14 11 16 4 1 0 0 7 9 2 5 4 0 11 0 0 0 0 0 0 0 1 0 1 1 0 0 0 0 0 0 0 0 1 2 1 7 9 11 0 0 3 0 0 0 1 1 1 0 0 1 0 3 0 0 0 0 5 0 2 0 0 6 0 0 1 0 0 0 0 1 0 1 0 0 0 1 2 9 1 0 0 0 0 2 1 0 1 0 0 0 0 0 0 0 0 0 0 1 0 0 0 1 0 0 0 7 0 4 0 1 0 1 10 5 0 3 0 2 0 0 1 1 0 2 0 0 1 0 1 0 1 1 0 0 0 1 0 1 1 0 1 3 0 0 0 0 1 0 1 0 0 0 0 3 4 0 1 1 0 3 0 1 0 1 1 0 1 0 0 0 2 0 0 1 0 0 1 0 0 1 0 0 1 5 1 1 0 1 7 0 0 0 1 0 0 0 0 0 0 0 0 0 3 3 1 1 0 2 0 1 0 0 0
448 6 4 11 1 22 2 14 2 3 4 23 7 5 5 3 11 2 0 4 8 6 8 0 15 2 13 14 12 2 1 0 1 9 7 2 3 1 0 7 0 0 0 0 0 0 0 0 0 1 0 0 0 0 0 0 0 1 0 0 0 0 7 13 11 0 0 4 0 0 0 2 2 0 1 0 0 0 2 0 0 0 0 3 0 2 0 0 10 0 0 1 0 0 0 0 1 0 1 0 0 0 1 1 11 0 0 0 0 0 2 1 0 1 0 1 0 0 0 0 0 0 0 0 0 0 0 0 1 1 0 0 6 0 0 0 1 0 0 9 5 0 4 0 2 1 1 1 1 0 2 0 0 2 0 0 0 2 0 0 1 0 3 0 1 1 0 2 2 0 0 0 1 1 0 1 0 0 0 0 3 6 0 1 0 0 1 0 1 0 0 0 0 2 1 0 0 1 0 0 1 0 0 0 0 0 0 0 0 1 6 0 2 0 2 6 0 0 0 2 0 0 0 0 0 0 0 0 2 2 0 0 1 0 3 0 0 0 0 0
501 7 4 9 2 12 4 9 1 1 6 19 5 7 3 4 14 0 0 4 10 7 10 1 7 2 15 8 9 3 1 0 1 6 6 3 2 4 0 8 1 0 0 0 0 0 0 1 0 1 0 0 1 0 0 0 0 0 0 0 0 0 6 14 10 0 0 4 0 0 0 1 1 0 0 0 0 0 2 0 0 0 0 2 2 1 0 0 5 0 0 1 0 0 0 0 1 0 0 0 0 0 1 1 7 0 0 0 0 0 1 1 0 2 0 0 0 0 0 0 0 0 0 0 0 0 0 1 1 0 0 0 4 0 6 0 0 0 0 13 1 0 2 0 1 0 0 1 1 0 1 0 0 2 0 0 1 2 0 0 0 0 0 0 1 0 0 1 0 0 0 0 0 0 0 1 0 0 0 1 2 1 0 2 0 0 2 0 1 0 0 1 0 0 1 0 0 0 0 0 2 1 0 0 0 0 0 0 0 1 6 0 1 0 3 6 0 0 0 1 0 0 0 0 0 0 1 0 2 1 2 1 1 0 1 0 1 0 0 0
1565 37 20 9 3 26 7 31 12 8 9 12 17 9 9 11 14 0 0 10 17 11 11 3 17 7 16 18 8 8 0 1 11 11 15 4 13 30 0 17 0 0 0 0 0 0 0 1 0 1 0 0 1 0 1 0 0 0 1 2 0 3 9 12 20 2 0 11 0 1 0 1 3 0 0 0 0 1 0 0 0 1 0 11 0 0 1 0 12 0 1 1 0 1 0 0 0 0 1 0 0 1 0 0 14 1 0 0 0 0 0 4 0 2 0 2 0 0 0 0 0 0 0 0 0 0 0 0 1 0 5 0 15 0 31 4 0 1 0 13 10 3 18 0 0 0 2 1 0 1 2 0 0 2 1 2 1 2 2 0 1 1 0 0 1 0 0 0 0 0 2 1 0 1 0 0 0 1 0 1 1 8 0 0 1 1 5 0 0 0 0 0 0 0 0 0 0 0 0 0 1 1 1 0 0 1 1 0 0 1 18 0 0 0 9 9 0 0 1 2 2 0 0 0 0 0 1 3 1 0 0 1 0 0 2 0 1 1 0 3
325 19 13 7 1 21 2 22 8 10 5 8 9 3 6 1 8 0 0 3 9 10 4 0 10 2 9 4 8 3 0 1 11 11 11 0 9 15 0 7 0 0 0 0 0 0 0 0 0 1 0 0 0 0 1 0 0 0 1 2 1 1 8 8 9 1 0 5 0 0 0 1 2 0 0 0 0 1 0 0 0 0 1 12 0 0 1 0 6 0 1 0 2 1 0 0 0 0 1 0 0 1 0 0 5 0 0 0 0 0 0 1 0 0 0 2 0 0 0 0 0 0 0 0 0 0 0 0 0 0 4 0 6 0 15 3 0 0 0 10 4 2 13 0 0 0 1 0 0 1 0 0 0 1 0 1 0 2 1 0 1 0 0 0 1 0 0 0 0 0 1 1 0 2 0 0 0 1 0 1 2 9 0 1 0 0 2 0 0 0 0 0 1 0 0 0 1 0 0 2 1 1 1 0 0 0 1 0 0 0 9 0 0 0 10 6 0 0 1 1 2 0 0 0 0 0 2 3 1 0 0 0 1 1 1 0 0 0 0 2
461 19 5 3 1 11 3 14 4 3 3 1 9 4 6 2 8 0 0 1 8 6 2 0 7 4 6 5 7 3 0 1 7 5 8 0 8 14 0 9 0 0 0 0 0 0 1 1 0 0 0 0 0 0 1 0 0 1 0 0 0 2 3 7 9 1 0 6 0 0 0 1 3 0 0 0 0 1 0 0 0 0 0 6 0 0 1 0 6 0 0 0 0 1 0 0 0 0 1 0 0 1 0 0 6 0 0 0 0 0 0 0 0 1 0 2 0 0 0 0 0 0 0 0 0 0 0 0 1 1 2 0 4 0 14 2 0 0 0 6 3 1 12 0 0 0 0 0 0 1 0 0 0 0 0 0 0 2 1 0 0 0 0 0 0 0 0 0 1 1 0 1 0 1 0 0 0 0 0 0 0 1 0 0 0 0 1 0 0 0 0 0 0 0 0 0 0 0 0 0 1 1 0 0 0 0 1 0 1 0 5 0 0 0 5 3 0 0 0 1 1 0 0 0 0 0 2 3 1 0 1 0 0 0 0 0 0 1 0 2
342 21 12 4 2 18 4 19 8 11 6 7 11 3 8 1 10 1 0 4 9 9 3 1 6 2 6 4 8 4 0 1 8 9 8 0 7 17 0 5 0 0 0 0 0 0 0 0 0 1 0 0 0 0 1 0 0 0 1 2 1 1 3 7 9 1 0 6 0 0 0 1 2 0 0 0 1 1 0 0 0 0 0 11 0 0 1 0 8 0 1 0 0 1 0 0 0 0 1 0 0 1 0 0 10 0 0 0 0 0 0 1 0 0 0 2 0 0 0 0 0 0 0 0 0 0 0 0 1 1 5 0 8 0 17 3 0 0 0 5 4 2 11 0 0 0 1 0 1 1 0 0 0 1 3 1 0 2 1 0 1 0 1 0 0 0 0 0 0 0 1 1 0 1 0 0 0 2 0 0 1 8 0 1 1 0 2 0 0 0 0 0 0 0 0 0 0 1 0 0 1 1 1 0 0 0 1 0 1 0 8 0 0 1 8 4 0 0 1 1 3 0 0 0 0 0 1 3 2 0 0 0 0 0 2 0 0 0 0 3
302 23 16 12 2 17 4 21 9 6 8 10 8 7 7 1 14 0 0 6 15 15 9 1 13 5 15 12 16 6 0 1 6 11 8 0 11 14 0 12 0 0 0 0 0 0 0 1 0 1 0 0 0 0 1 0 0 0 1 2 0 1 12 14 18 1 0 11 0 1 0 1 3 0 0 0 0 1 0 0 0 0 0 12 0 0 1 0 10 0 1 0 0 1 0 0 0 0 2 0 0 1 0 2 8 0 0 0 0 0 0 2 0 1 0 2 0 0 0 0 0 0 0 0 0 0 0 0 0 0 5 0 9 0 18 3 0 0 0 8 10 4 9 0 0 0 1 0 0 1 3 0 0 1 0 1 0 2 2 0 1 0 0 0 0 4 0 0 0 0 1 1 0 1 0 0 0 1 0 0 2 8 0 1 0 0 2 0 0 0 0 1 1 0 0 0 0 0 0 0 1 2 1 0 0 0 1 0 0 0 11 0 0 0 6 7 0 0 1 1 3 0 0 0 0 0 3 5 1 3 0 1 2 0 3 0 0 0 0 2
283 22 13 7 1 20 2 21 9 7 5 4 9 3 9 2 7 0 1 6 13 11 6 0 6 3 9 4 11 4 0 1 13 4 8 0 8 21 0 5 0 0 0 0 0 0 0 0 0 3 0 0 1 0 1 0 2 0 1 2 0 1 7 7 10 1 0 6 0 0 0 3 2 0 0 0 0 1 0 1 0 0 0 11 0 1 1 0 7 0 1 0 0 1 0 1 0 0 2 1 0 1 0 2 7 0 0 0 0 0 0 2 0 0 0 2 0 0 0 0 0 0 0 0 0 0 0 1 0 0 4 0 8 0 20 3 0 0 0 6 4 2 23 0 0 0 1 0 0 1 0 1 0 2 1 1 0 3 2 0 1 2 0 0 0 0 0 0 0 0 1 1 0 1 0 0 0 1 0 0 2 7 0 0 1 1 3 0 1 0 0 0 1 0 0 0 0 0 0 0 1 2 1 0 0 0 1 0 0 0 10 0 0 1 8 4 0 0 1 1 4 0 0 0 1 1 4 5 1 0 0 0 0 0 1 0 1 1 1 2
709 31 12 12 3 24 6 21 5 6 15 5 17 9 6 5 15 0 1 16 14 14 11 1 13 4 21 19 9 8 0 2 8 4 13 1 17 28 0 19 2 0 0 0 0 0 0 1 0 1 0 0 1 0 1 0 0 0 0 3 1 1 3 26 22 2 0 18 1 1 0 2 3 0 0 1 0 0 0 0 0 0 0 10 0 0 1 0 6 0 1 0 0 1 1 2 0 0 2 0 0 1 0 0 15 0 0 2 0 1 0 2 1 2 0 2 0 0 0 1 0 0 0 0 0 1 0 0 0 0 4 0 10 2 29 0 0 0 0 17 14 1 12 0 0 0 1 1 0 2 2 0 0 2 1 1 0 2 2 0 2 0 2 1 0 1 0 0 0 0 2 2 0 3 0 0 0 1 1 1 1 4 0 1 0 3 6 0 0 1 1 0 0 0 0 0 0 0 0 0 0 1 0 2 0 1 1 0 0 0 12 0 0 0 6 4 0 0 1 1 2 0 0 0 0 0 1 8 2 0 0 1 0 0 2 2 0 1 0 2
1419 27 12 13 2 20 10 23 3 8 5 11 10 11 17 12 9 0 0 3 14 8 13 1 12 5 14 13 7 13 0 1 14 10 21 2 6 26 0 10 0 0 0 0 0 0 0 1 0 1 0 0 0 0 0 0 0 0 0 1 1 0 8 11 7 0 0 3 0 0 0 0 3 0 0 0 0 0 0 0 0 0 0 6 0 0 0 0 6 0 0 0 0 0 0 0 0 0 0 0 0 0 0 0 12 0 0 0 0 0 0 1 0 1 0 0 0 0 0 0 0 0 0 0 0 0 0 0 1 0 0 0 9 0 30 0 0 0 0 12 2 0 17 0 0 0 1 0 1 0 2 0 0 0 4 0 0 0 2 0 0 0 0 0 1 0 0 0 0 0 1 0 0 0 0 0 0 0 0 1 2 12 0 0 2 2 9 0 0 0 0 0 0 0 0 0 0 0 0 0 0 2 0 0 0 2 0 0 0 0 6 0 0 0 16 2 0 0 0 0 1 0 0 0 0 0 0 0 1 1 0 1 0 0 2 0 1 1 0 2
1488 17 18 9 3 20 2 15 6 10 3 7 8 3 5 3 16 3 0 3 16 5 4 6 13 3 17 13 6 6 0 0 6 8 11 5 11 18 0 16 0 0 0 1 0 0 0 1 2 1 0 2 2 0 0 0 0 0 0 0 0 0 8 18 10 0 1 11 0 0 0 1 2 1 0 0 0 0 0 0 0 0 1 6 0 0 0 0 7 0 1 2 0 0 0 2 0 0 0 0 0 0 0 1 17 2 2 0 0 0 0 0 0 1 0 1 0 0 0 0 1 0 0 0 1 0 0 0 0 1 1 1 11 1 19 0 0 1 0 8 11 2 8 1 0 1 0 2 0 0 5 1 1 1 3 0 4 1 2 0 2 1 2 1 0 0 0 1 0 1 0 0 0 1 0 0 0 2 0 1 1 5 0 0 0 0 3 0 0 0 0 0 0 0 0 0 0 0 0 1 0 0 0 0 0 0 2 3 0 4 6 0 1 0 12 4 0 0 0 2 0 1 1 1 2 0 2 1 2 1 2 2 1 1 0 1 1 1 1 0
441 8 4 5 0 10 3 12 6 5 3 0 7 6 2 2 9 3 0 4 12 5 7 0 11 4 10 4 11 6 0 0 3 1 7 0 3 14 0 12 0 0 0 0 0 0 0 1 2 0 0 2 0 0 0 0 0 0 0 0 0 0 6 10 7 0 0 7 0 1 0 0 2 1 0 0 0 1 1 0 0 0 1 5 0 0 0 0 5 0 1 2 0 0 0 3 0 0 0 0 0 0 0 1 13 0 2 0 0 0 0 1 0 1 0 1 0 0 0 0 1 0 0 0 2 0 0 0 0 0 1 0 10 0 15 0 0 1 0 8 5 1 5 0 0 0 0 0 0 0 4 0 0 0 0 0 5 1 0 0 1 2 2 0 0 0 0 1 1 0 0 0 0 1 0 0 0 2 0 1 0 1 0 0 0 0 2 0 0 0 0 0 0 0 0 0 0 0 0 1 0 0 0 0 0 1 1 1 0 1 3 0 1 0 2 4 0 0 0 2 0 1 0 0 1 0 1 1 2 2 3 2 1 0 0 2 1 0 1 0
1436 17 11 15 2 20 6 16 14 11 18 3 9 9 7 9 18 0 0 10 16 5 10 2 19 4 17 23 6 4 0 0 14 8 11 2 10 19 0 21 0 0 0 0 0 0 0 1 0 0 0 0 1 0 0 0 0 0 0 0 1 0 8 14 19 0 0 10 0 0 0 1 3 0 0 0 0 1 0 0 0 0 0 6 0 0 2 0 13 0 1 0 0 0 0 0 0 0 1 0 0 0 0 0 14 0 1 0 0 0 0 1 1 1 0 0 0 0 0 2 0 0 0 0 0 0 0 0 0 1 2 0 13 0 19 0 0 0 0 9 12 1 14 0 0 4 1 0 0 1 2 0 0 0 1 2 1 1 1 0 0 0 1 0 2 0 0 0 0 0 1 2 0 1 0 0 0 0 0 0 2 6 0 0 2 0 3 0 0 1 0 0 0 1 0 0 1 0 0 0 0 0 0 0 0 1 2 0 0 0 8 0 1 0 6 9 0 0 0 0 0 0 1 0 0 0 2 0 3 0 0 2 0 0 1 1 1 2 0 0
394 14 10 11 0 16 3 12 6 11 8 3 6 5 2 2 10 0 0 5 12 4 2 0 12 1 15 15 8 3 2 0 11 8 3 1 7 15 1 9 1 1 1 0 0 0 0 0 0 0 0 0 0 0 0 0 0 2 0 0 0 0 5 13 9 0 0 7 0 0 0 1 3 0 0 0 0 0 0 0 0 0 0 6 0 0 3 0 10 0 0 0 0 0 0 2 0 0 1 2 0 0 0 1 10 1 2 0 0 0 0 0 2 2 0 1 0 0 0 4 0 0 0 0 0 0 0 0 1 1 2 0 12 0 14 0 0 0 0 2 11 0 14 2 0 2 0 2 0 2 3 0 0 0 0 0 2 1 0 1 2 1 1 2 0 0 0 1 1 0 0 2 0 1 0 0 0 0 0 0 3 4 0 0 0 0 0 0 0 1 1 0 0 0 0 0 0 0 0 0 0 0 0 0 0 0 0 0 0 1 3 0 1 0 9 4 0 0 2 2 0 0 1 0 0 0 1 2 2 3 0 0 0 0 1 1 1 1 0 0
490 12 5 12 0 15 6 14 7 13 9 1 0 8 9 2 10 0 0 5 9 6 4 1 7 5 14 13 10 1 0 0 10 4 8 0 8 14 0 13 0 0 0 0 0 0 0 2 1 0 0 0 0 0 0 0 0 0 0 0 1 0 1 12 11 0 0 5 0 1 0 4 3 1 0 0 0 1 2 0 0 0 0 4 0 0 1 0 8 0 1 1 0 0 0 0 1 0 1 0 0 0 0 0 4 0 1 0 0 0 0 0 2 1 0 1 0 0 0 2 0 0 0 0 0 0 0 0 0 0 1 0 7 0 13 0 0 0 0 2 9 0 12 1 1 2 0 0 0 1 2 0 0 0 0 0 0 0 1 0 0 1 1 0 0 0 0 0 0 0 0 2 0 1 0 0 0 0 0 0 2 3 0 0 1 0 0 0 0 1 0 0 0 0 0 0 0 0 0 0 0 1 0 0 0 0 0 0 0 0 5 0 1 0 5 4 0 0 0 0 0 0 2 0 0 0 1 0 2 0 1 1 1 0 1 1 1 0 0 1
450 8 7 7 0 13 5 12 8 12 10 1 0 7 2 3 11 0 0 6 8 7 6 0 15 1 12 15 7 3 0 0 5 8 4 0 6 7 0 11 1 0 0 0 0 0 0 0 0 0 0 0 0 0 1 0 0 0 0 0 0 1 4 16 10 0 0 6 0 1 0 1 3 0 0 0 0 0 0 0 0 0 0 6 0 0 1 0 8 0 0 0 0 0 0 0 1 0 2 0 0 0 0 0 4 0 1 1 0 0 0 0 2 2 0 0 0 0 0 2 0 0 0 0 1 0 0 0 0 0 2 0 8 0 12 0 0 0 0 5 11 0 10 1 2 2 0 0 0 1 3 0 0 1 0 0 1 0 0 0 0 0 0 0 1 2 0 1 2 0 0 2 0 2 0 0 0 0 1 0 2 5 0 0 2 0 0 0 0 1 0 0 0 0 1 0 1 0 0 0 0 1 0 0 0 0 1 0 0 1 6 0 1 0 7 6 0 0 0 0 0 0 1 0 0 0 1 0 2 0 0 0 1 0 1 1 0 0 0 0
1439 29 9 10 2 19 6 21 4 10 14 6 13 5 5 7 11 0 1 7 20 3 3 2 11 8 18 18 10 5 0 1 16 10 12 2 11 33 0 21 1 0 0 0 0 0 0 1 0 0 1 0 0 0 2 0 0 0 0 0 1 1 5 12 16 0 0 9 0 0 0 2 2 0 0 0 0 0 0 0 0 0 0 5 0 0 0 0 9 1 0 0 0 1 0 0 0 0 1 0 0 0 0 0 17 0 0 0 0 0 0 1 0 1 0 0 0 0 1 0 0 0 1 0 0 0 0 1 0 2 0 0 17 0 27 0 0 0 0 9 10 2 23 0 0 0 1 1 0 0 2 0 0 1 1 1 0 0 1 0 1 0 0 0 1 0 0 2 1 0 2 0 0 0 0 2 0 0 0 0 2 9 0 0 2 0 4 0 0 0 0 0 0 0 0 0 0 0 0 0 1 0 0 0 0 1 0 0 0 0 5 0 0 0 9 6 0 0 0 0 0 0 1 0 1 0 3 0 1 1 0 1 0 0 1 0 1 2 0 0
1162 18 25 20 4 15 17 16 12 5 14 7 14 15 9 14 28 0 0 7 15 13 20 3 31 5 32 30 26 17 0 0 8 11 10 3 21 22 0 25 1 0 0 0 0 0 0 1 0 0 1 0 0 0 1 0 0 0 0 1 2 1 16 27 21 2 0 15 0 4 0 1 2 1 0 0 0 0 1 0 0 0 0 18 0 0 4 0 18 0 1 1 0 1 0 0 0 0 1 0 0 0 0 0 10 0 0 1 0 0 0 0 1 1 2 1 0 0 0 1 0 0 0 0 0 0 0 0 1 0 1 0 12 0 26 0 0 2 0 22 10 3 15 0 0 1 1 0 0 0 2 0 0 1 4 0 2 1 1 0 0 0 2 1 1 0 0 1 0 0 4 2 0 1 0 0 0 0 0 1 6 8 0 0 6 0 6 0 0 0 1 0 0 0 0 0 0 0 0 0 3 0 0 0 0 1 2 1 0 0 20 1 1 0 13 10 0 0 0 0 0 0 0 0 0 0 2 4 5 0 0 1 0 0 2 0 2 1 0 5
253 6 13 10 1 14 11 16 12 4 8 8 13 8 11 11 12 0 0 8 12 8 9 0 19 3 19 13 16 7 0 0 8 6 7 1 15 25 0 11 0 0 0 0 0 0 0 0 0 0 0 0 0 0 1 0 1 0 0 1 1 1 12 19 11 2 0 10 0 3 0 0 2 1 0 0 0 0 0 0 0 0 0 11 0 1 3 0 9 0 1 1 1 1 0 0 0 0 0 0 0 0 0 0 9 0 0 1 0 0 0 0 0 1 1 1 0 0 0 1 0 0 0 0 1 0 0 0 2 1 0 0 15 0 24 2 0 2 0 10 12 1 7 0 0 0 0 0 0 1 2 0 0 1 0 0 3 0 0 0 0 0 1 1 0 0 0 2 0 0 0 1 0 2 0 0 0 0 0 1 2 13 0 0 2 1 6 0 0 0 0 0 0 0 0 0 0 0 0 0 2 0 0 0 0 0 1 1 0 1 13 0 0 0 8 7 0 0 0 0 0 0 0 0 0 0 2 0 2 0 0 1 0 0 1 1 0 0 0 3
300 14 7 8 1 14 9 11 4 8 8 8 9 9 6 10 11 2 0 4 5 8 9 0 16 4 19 14 16 9 0 0 5 5 6 1 12 7 0 8 0 0 0 0 0 0 0 0 0 0 0 0 0 0 1 0 0 0 0 1 4 2 9 13 7 2 0 7 0 4 0 0 2 1 0 0 0 0 0 0 0 0 0 11 0 0 3 0 7 0 1 0 0 1 0 0 0 0 0 0 0 0 0 0 7 0 0 1 0 0 0 0 0 1 1 0 0 0 0 1 0 0 0 0 0 0 0 0 1 0 1 0 15 0 20 0 0 1 0 10 8 2 8 0 0 0 0 0 0 1 0 0 0 1 0 0 2 1 0 0 0 0 1 0 0 0 0 1 0 0 0 1 0 1 0 0 0 0 0 1 2 10 0 0 2 0 5 0 0 0 0 0 0 0 0 0 0 0 0 0 2 0 0 0 0 0 1 1 0 0 11 0 0 0 5 8 0 0 0 0 0 0 0 0 0 0 1 0 2 0 0 1 0 0 1 0 0 0 0 3
507 11 4 2 1 5 11 7 3 1 7 1 6 8 1 7 10 0 0 4 7 6 8 0 16 2 13 11 13 9 0 0 2 4 5 1 14 11 0 10 0 0 0 0 0 0 0 1 1 0 1 0 2 0 1 0 0 1 1 1 1 1 4 13 11 2 0 9 0 2 0 0 1 1 0 0 0 1 1 0 0 0 0 7 0 0 3 0 7 0 1 1 0 2 0 1 0 0 0 1 0 0 0 0 5 0 0 0 1 0 0 0 0 1 1 0 0 0 0 1 0 1 0 0 0 0 0 0 1 2 1 0 5 1 11 0 0 1 0 12 7 0 3 0 0 0 0 0 0 0 1 0 0 1 1 0 2 0 0 0 0 0 4 0 0 0 0 0 0 0 0 1 0 2 0 0 0 0 0 1 3 7 0 0 2 0 4 0 1 0 0 0 0 0 0 0 0 0 1 0 1 0 0 0 0 0 1 0 0 0 13 0 0 0 3 6 0 0 0 0 0 0 0 0 0 0 0 1 2 1 2 1 0 0 0 0 0 0 0 2
321 11 10 8 1 12 15 13 5 2 9 6 12 10 4 12 18 0 2 4 15 10 14 0 17 3 21 12 16 10 0 0 0 9 6 1 16 13 0 13 0 0 0 0 0 0 0 1 0 0 0 0 0 0 1 0 0 0 0 1 5 2 13 15 18 3 0 10 0 3 0 1 2 1 0 0 0 0 0 0 0 0 0 11 0 0 3 0 9 0 1 0 0 1 0 0 0 0 2 0 0 0 0 0 10 0 0 1 1 0 0 0 0 1 1 0 0 0 0 1 0 0 0 0 0 0 0 0 1 0 0 0 14 0 20 0 0 1 0 13 7 0 9 0 0 0 0 0 0 0 2 0 1 1 0 0 2 1 1 0 0 0 1 0 0 0 0 1 2 1 0 1 0 1 0 0 0 0 0 1 0 8 0 0 3 1 4 0 0 0 0 0 0 0 2 0 0 0 0 0 1 1 0 0 0 0 1 1 0 0 12 0 0 0 7 8 0 0 0 0 0 0 1 0 0 0 3 0 2 0 0 1 0 0 1 0 0 0 0 3
340 16 8 7 1 8 8 6 5 3 6 5 6 10 6 11 10 0 0 4 4 8 8 0 16 2 16 11 16 9 0 1 4 4 5 1 11 12 0 9 1 0 0 0 0 0 0 0 0 0 0 0 1 0 1 0 0 0 0 1 1 1 8 16 7 2 0 4 0 3 0 0 1 4 0 0 0 0 0 1 0 0 0 9 1 0 4 0 6 0 1 0 0 1 0 0 0 0 1 0 0 0 0 0 5 0 0 1 0 0 0 0 0 0 1 0 0 0 0 1 0 0 1 0 0 0 0 0 1 0 0 0 10 0 14 0 0 1 0 14 6 0 2 0 1 0 0 0 0 0 0 0 0 1 1 0 3 1 0 0 1 1 3 1 0 0 0 1 0 1 0 1 0 1 0 0 0 0 0 1 0 8 0 0 3 3 8 1 0 0 0 0 0 0 0 0 0 0 0 0 2 1 0 0 0 0 1 1 0 1 9 0 0 0 5 5 0 0 0 1 0 0 0 0 0 0 1 0 2 0 0 0 1 0 1 0 1 0 0 3
323 11 11 12 1 10 9 11 6 5 8 9 6 7 3 12 13 1 0 3 12 10 13 0 18 4 21 15 17 8 0 0 9 9 9 3 13 9 0 13 0 0 0 0 1 0 0 1 0 0 0 0 1 0 1 0 0 0 0 1 1 1 10 20 15 2 0 8 0 4 0 0 2 1 0 0 0 0 0 0 0 0 0 10 0 0 4 0 7 0 1 0 0 1 1 1 0 0 1 0 1 0 0 1 7 0 0 1 0 0 1 0 0 2 1 0 0 0 0 2 0 0 0 0 0 0 0 1 1 0 1 0 14 0 19 0 1 2 0 11 7 0 13 0 0 0 0 0 0 0 2 0 0 1 0 1 2 1 1 0 0 0 1 0 0 0 0 1 1 1 0 1 0 1 0 0 0 0 0 1 1 6 0 0 3 0 4 0 0 0 0 0 0 0 0 0 0 0 0 0 3 0 1 0 1 0 1 1 0 3 14 1 1 0 8 5 0 0 0 1 1 0 1 0 0 0 3 0 3 0 0 1 2 0 1 0 1 0 0 3
155 7 6 11 1 8 3 6 3 2 6 7 5 2 5 7 4 2 0 4 6 6 11 0 8 1 16 9 13 5 0 0 7 2 7 2 8 5 0 4 0 0 0 0 1 0 0 0 0 1 0 0 0 0 1 0 0 0 0 0 0 1 8 16 9 2 0 4 0 4 0 0 0 1 0 0 0 0 0 0 0 1 0 8 0 0 1 0 4 0 0 0 0 0 0 0 0 1 1 0 1 0 0 1 5 0 0 1 0 0 1 0 0 2 1 0 0 0 0 1 0 0 0 0 0 0 0 0 0 0 2 0 12 0 10 0 2 2 0 6 4 0 8 0 0 0 0 0 1 0 0 0 0 0 0 1 2 1 0 1 0 0 1 0 0 1 0 1 2 0 0 1 0 1 0 0 0 0 0 1 1 4 0 0 2 0 2 0 0 0 0 0 1 0 0 0 0 0 0 0 3 0 1 0 1 0 1 0 0 4 7 1 0 0 6 3 0 0 0 2 1 0 1 0 0 0 1 0 2 0 0 0 2 0 0 0 1 0 0 2
279 8 9 12 1 19 9 20 5 4 7 6 8 11 4 10 12 0 0 5 13 9 10 0 21 4 21 13 16 12 0 0 2 13 9 2 12 11 0 8 1 0 0 0 0 0 0 0 0 1 0 0 1 0 1 0 0 0 0 2 1 1 12 18 9 2 0 10 0 3 0 0 3 1 0 0 0 0 2 0 0 0 0 12 0 0 3 0 10 0 1 0 0 1 0 0 0 0 0 0 0 0 0 0 12 1 0 1 0 0 0 1 1 1 1 2 0 0 0 1 0 0 0 0 1 0 0 0 1 0 2 1 18 0 14 0 0 1 0 15 10 0 2 0 0 0 0 0 0 0 2 0 0 1 0 1 3 0 0 0 0 0 1 0 0 1 0 1 1 0 1 1 0 1 0 0 0 0 0 1 3 5 0 0 3 0 5 0 0 0 1 0 0 0 2 0 1 0 0 0 1 0 0 1 1 1 1 1 0 2 11 0 0 0 7 6 0 0 0 0 0 0 0 0 0 0 2 0 2 0 0 1 0 1 1 0 1 0 0 3
581 15 21 16 3 15 14 13 11 9 16 4 11 14 4 12 23 1 0 10 14 17 19 2 37 5 26 21 18 12 3 0 5 5 7 10 24 19 2 21 2 0 0 0 0 0 0 2 0 1 1 1 0 0 4 0 0 0 0 1 3 2 12 26 27 3 1 18 0 3 2 1 2 2 0 0 0 0 0 0 0 0 1 14 0 0 3 0 17 0 2 0 1 3 1 1 0 0 2 0 0 0 0 0 12 0 0 2 0 0 0 2 2 1 1 1 2 1 0 1 0 0 0 0 1 0 0 0 5 1 1 0 10 1 26 0 0 1 0 23 10 6 14 0 1 0 2 0 0 0 2 0 0 2 1 0 3 1 1 1 1 0 2 0 1 2 0 0 1 1 1 0 0 4 0 0 0 0 0 1 0 8 0 0 2 0 5 0 0 1 0 0 0 0 0 1 0 0 0 0 0 0 0 2 0 1 1 2 1 0 14 1 0 1 4 9 0 0 1 0 0 0 0 0 3 0 5 3 5 0 0 1 0 2 2 2 0 1 0 3
259 11 10 12 2 17 8 15 8 3 13 2 9 11 3 13 21 0 0 3 15 11 8 0 23 4 18 12 12 6 1 0 4 5 8 2 12 16 3 12 3 1 0 0 0 0 0 1 0 0 1 2 1 0 4 0 0 0 0 1 2 3 6 14 15 3 2 16 0 2 2 1 2 2 0 0 0 0 0 0 0 0 2 11 0 2 4 0 9 0 1 1 1 1 1 2 1 0 2 1 1 0 0 1 13 0 1 1 0 0 0 3 1 1 0 1 1 1 1 1 0 0 0 0 1 0 0 1 4 1 0 0 11 1 15 0 0 1 0 14 6 3 7 0 1 2 2 0 0 1 2 0 0 2 0 0 4 0 1 0 3 0 0 2 1 1 0 0 0 0 0 2 0 3 0 0 0 0 0 2 0 7 0 0 1 0 6 0 0 0 0 0 0 0 0 1 0 0 0 0 0 1 0 0 0 0 1 2 0 1 12 0 1 1 8 7 0 1 3 0 0 0 0 0 3 0 2 2 3 2 0 1 0 0 2 1 0 0 3 2
1221 24 23 26 2 23 12 21 20 4 25 6 12 14 3 7 25 0 0 14 19 6 13 2 28 6 30 30 17 11 0 0 7 8 13 2 17 22 0 29 0 0 0 0 0 0 0 1 0 0 0 0 1 0 1 0 0 0 0 0 1 0 16 31 20 0 0 17 0 1 0 0 3 0 0 0 0 0 1 0 0 0 0 10 0 0 3 0 18 0 1 0 0 0 0 0 0 0 2 0 0 0 0 0 14 0 0 0 0 0 1 1 1 1 0 0 0 0 0 1 0 0 0 0 0 0 0 1 0 2 1 0 16 0 24 0 0 1 0 9 17 3 10 1 1 2 5 1 0 0 2 0 0 0 2 2 2 2 1 0 0 0 1 1 1 0 0 1 0 1 1 2 0 2 1 0 1 0 0 0 3 7 0 0 1 0 3 0 2 0 0 0 0 0 0 0 0 0 0 1 2 0 0 0 0 0 1 0 0 1 7 0 0 0 6 16 0 0 0 0 0 1 1 0 0 0 1 4 5 0 0 1 0 0 0 0 2 2 0 0
424 11 8 13 0 16 4 10 9 5 10 3 5 9 0 0 10 1 0 6 9 1 7 0 15 1 13 11 9 3 0 0 3 2 1 1 6 7 0 15 0 0 0 0 0 0 0 0 0 1 0 0 0 0 1 0 0 0 0 0 1 0 5 15 8 0 0 5 0 0 0 0 2 0 0 0 0 0 0 0 0 0 0 5 0 0 2 0 6 0 1 0 0 0 0 0 0 0 2 0 0 0 0 0 6 0 0 0 0 0 0 1 0 0 0 0 0 0 0 0 0 0 0 0 0 0 0 1 1 0 2 0 8 0 11 0 0 1 0 4 11 1 9 1 0 1 3 1 0 0 0 0 0 0 1 1 0 1 0 0 0 0 1 1 1 0 0 1 0 1 0 0 0 2 0 0 0 0 0 0 3 1 0 0 1 0 0 0 0 1 0 0 0 0 0 0 0 0 0 0 2 0 0 0 0 0 1 0 0 1 1 0 0 0 4 7 0 0 0 0 0 1 1 0 0 0 3 0 3 0 0 1 0 0 0 0 0 0 0 0
1507 27 9 13 3 25 10 18 7 10 17 9 25 10 9 19 17 0 0 13 21 8 11 3 23 6 9 15 13 12 1 0 17 17 15 4 11 30 0 17 0 0 0 0 0 0 0 1 0 0 0 0 2 0 0 1 0 0 0 0 2 0 6 15 11 0 0 11 0 1 0 0 3 1 0 1 0 3 0 0 0 0 0 10 0 0 2 0 15 1 2 1 0 1 1 1 1 0 0 1 0 0 0 1 31 1 0 0 0 0 2 4 0 1 0 0 1 0 0 0 0 0 0 0 0 1 0 2 2 2 0 0 17 0 27 2 0 1 0 16 12 0 27 0 1 0 1 0 0 1 3 1 0 1 2 2 2 2 2 0 0 0 3 0 2 2 0 1 3 0 1 0 0 1 0 0 1 0 0 1 0 10 0 1 2 2 4 0 0 1 0 0 0 1 3 0 0 0 0 1 0 1 0 0 0 0 2 0 0 1 9 0 1 0 10 17 0 0 0 0 0 0 0 0 2 0 1 6 2 2 0 2 2 1 0 3 3 2 1 1
1332 30 10 6 2 29 8 29 2 13 10 10 20 11 17 11 9 1 0 4 29 7 4 2 14 8 14 17 8 5 0 0 17 18 19 2 13 34 0 15 0 0 1 0 0 0 0 1 0 0 0 0 0 0 0 0 0 1 0 0 1 0 4 14 11 1 0 7 0 1 0 0 1 0 0 0 1 0 0 1 0 0 0 6 0 0 1 0 10 0 0 0 0 0 0 0 0 0 0 0 0 0 0 0 27 0 0 0 0 0 0 0 0 1 0 0 0 0 1 1 0 0 0 0 0 0 0 0 3 0 1 0 21 0 32 0 0 1 0 12 9 0 22 0 0 1 1 0 1 1 2 0 0 1 2 1 1 0 1 0 0 2 0 0 1 0 0 0 0 1 1 1 0 0 0 0 0 0 0 1 1 18 0 0 3 1 8 1 0 1 0 0 1 0 0 0 0 1 0 0 0 2 0 0 0 1 0 0 0 1 6 0 0 0 17 5 0 0 0 0 0 0 0 0 0 0 2 1 3 0 0 2 0 0 1 0 1 1 0 2
766 14 5 7 1 15 4 15 6 6 10 6 12 5 10 14 10 1 0 2 15 2 4 0 5 3 9 9 7 6 0 0 13 15 14 1 9 33 0 18 1 0 0 0 0 0 0 1 1 1 0 0 0 0 1 1 1 0 0 0 1 0 6 15 7 0 0 11 0 0 1 1 1 0 0 0 0 0 0 0 0 0 0 2 0 2 0 0 11 0 0 0 1 0 2 0 0 0 0 0 0 0 0 0 29 0 0 0 1 0 0 2 2 2 0 0 0 0 0 0 0 0 0 0 0 0 0 1 0 0 0 0 21 0 25 2 0 2 0 9 14 1 12 0 0 2 0 1 1 1 4 0 1 0 2 0 2 0 1 0 3 1 0 0 1 2 0 1 1 1 2 2 0 0 0 0 0 0 0 0 0 14 0 0 0 0 12 0 0 1 0 0 0 0 0 0 0 1 0 0 2 0 0 1 0 0 1 0 0 3 5 0 0 2 13 4 0 0 0 1 0 0 0 0 0 1 1 0 0 3 1 2 0 1 0 1 0 1 0 1
505 6 2 5 1 16 4 10 3 3 7 5 3 6 2 9 8 2 0 4 15 1 5 0 5 1 3 5 7 4 0 0 6 2 5 0 4 13 0 11 0 0 0 0 0 0 0 0 0 0 0 0 0 0 0 1 0 0 0 0 2 0 7 5 4 0 0 7 0 0 0 1 1 0 0 0 0 0 0 0 0 0 0 1 0 0 0 0 6 0 0 1 0 0 0 0 0 0 0 0 0 0 1 0 19 0 0 1 0 0 0 1 1 4 0 0 0 0 0 0 0 0 0 0 0 0 0 0 0 0 2 0 19 0 10 1 0 0 0 7 10 1 6 0 0 2 0 1 0 1 2 1 1 0 0 1 0 0 0 0 3 0 0 0 0 3 0 1 0 0 0 0 0 1 0 0 0 0 0 0 1 2 0 0 0 0 6 0 0 0 0 0 0 0 0 1 0 1 0 0 2 0 2 0 0 0 0 0 0 0 5 0 1 2 4 6 0 0 0 0 0 0 0 0 0 0 0 1 0 2 0 2 0 0 0 2 0 0 0 0
455 6 4 8 0 15 5 11 1 1 6 10 8 7 3 12 10 0 0 2 15 2 5 0 4 4 5 6 4 7 0 1 10 5 2 0 5 20 0 10 0 0 0 0 0 0 0 0 0 0 0 0 0 0 0 1 0 0 0 0 1 0 7 8 5 0 0 12 0 0 0 1 1 0 0 1 0 0 1 0 0 0 0 4 0 0 0 0 5 0 0 0 0 0 0 0 0 0 0 0 0 0 0 0 24 1 0 0 0 0 0 1 0 2 0 0 0 0 0 0 0 0 0 0 0 0 0 0 1 0 0 0 18 0 10 0 0 0 0 11 8 0 9 0 0 2 0 0 0 1 2 0 0 0 1 1 0 0 1 0 3 0 0 0 0 3 0 1 1 1 0 0 0 0 0 0 0 0 1 0 0 4 0 0 0 0 7 0 0 0 0 0 0 0 2 0 0 1 0 0 2 0 0 0 0 1 0 0 0 0 7 0 3 2 3 6 0 0 0 0 0 0 0 0 0 0 1 1 0 2 0 0 0 0 0 2 0 0 0 1
513 10 5 3 0 9 3 8 1 1 6 1 6 4 10 7 5 0 0 4 15 3 5 0 2 4 4 7 7 5 0 0 6 2 3 0 4 16 0 10 1 0 0 0 0 0 0 0 0 0 0 0 0 0 0 1 0 0 0 0 1 0 9 8 4 0 0 7 0 2 0 1 1 0 0 0 0 0 0 0 0 0 0 3 0 0 1 0 5 0 0 0 0 0 1 0 0 0 1 0 0 0 1 1 20 0 0 0 0 0 1 1 0 3 0 0 0 0 0 0 0 0 0 0 0 0 0 0 0 0 1 0 13 0 11 0 0 0 1 9 8 2 7 0 0 2 0 1 0 1 2 0 0 0 0 0 0 0 0 0 2 0 0 0 0 3 0 1 2 0 0 0 0 0 0 0 0 2 0 0 0 1 0 0 1 0 5 0 0 0 1 0 0 0 0 0 0 1 0 0 1 1 0 0 0 0 0 0 0 0 4 0 0 2 5 6 0 0 0 0 0 0 0 0 0 0 1 0 0 2 1 0 0 0 0 1 1 0 0 0
1247 17 21 20 3 20 9 22 6 3 22 9 9 9 8 10 30 0 0 11 17 6 8 2 37 4 35 29 12 10 0 0 8 7 10 4 16 21 3 33 2 1 2 0 0 0 0 1 0 0 0 0 5 0 1 0 0 0 0 1 1 1 12 35 23 0 0 12 0 4 0 1 1 0 0 1 0 3 1 0 0 0 0 4 0 0 4 0 11 0 2 1 0 2 1 0 0 0 3 1 0 0 1 0 15 0 0 2 0 1 1 1 2 1 0 0 0 0 0 0 0 0 0 0 0 1 0 1 1 3 3 0 15 0 19 0 0 1 0 12 10 6 11 2 3 5 5 1 0 1 4 0 0 2 2 2 1 4 2 0 0 2 3 1 5 0 0 2 1 0 1 5 1 1 1 0 0 0 1 3 4 9 1 0 1 0 3 1 1 1 0 0 0 0 0 1 0 0 0 0 1 0 0 0 0 0 0 0 0 0 6 0 1 0 10 13 1 0 1 0 0 0 0 0 0 0 5 3 5 1 1 2 0 0 4 1 3 1 2 2
372 11 9 10 0 7 2 15 4 6 16 4 4 4 4 4 15 0 0 5 11 3 5 0 21 4 17 11 8 3 2 0 9 5 4 0 7 8 3 15 2 0 1 0 0 0 0 0 0 1 0 0 4 0 2 0 0 1 0 1 2 1 8 23 10 0 0 9 0 2 0 0 1 0 0 1 0 1 1 0 0 1 0 2 1 0 1 0 6 0 2 1 0 1 0 0 0 0 1 0 0 0 0 0 12 0 0 2 0 1 1 0 1 1 0 0 0 0 0 0 0 0 0 0 2 1 0 1 1 2 2 0 7 0 4 0 0 0 0 6 6 1 9 1 3 4 5 0 0 0 5 0 0 2 0 2 1 2 1 0 0 1 2 0 3 0 0 1 1 0 0 2 1 0 1 0 0 0 1 3 3 5 1 0 0 0 1 1 0 1 0 0 0 0 0 0 0 0 0 0 1 0 0 0 0 0 0 0 0 1 4 0 0 0 3 6 0 0 1 1 0 0 0 0 1 0 2 2 4 1 1 0 1 0 1 1 1 0 2 1
304 6 12 14 2 12 2 14 8 1 22 4 4 6 5 3 17 1 0 6 9 2 8 1 24 1 18 13 6 5 0 0 3 5 3 1 9 9 4 18 2 0 1 0 0 0 0 0 0 0 0 1 5 0 1 0 0 0 0 0 1 1 11 24 14 0 0 8 0 2 0 0 1 0 0 1 1 1 1 0 0 0 0 4 1 0 1 1 8 0 2 3 0 2 1 3 1 0 1 0 0 0 0 0 14 0 0 2 0 1 1 0 2 1 2 0 0 0 0 0 1 0 0 0 0 1 0 2 1 2 3 1 9 0 6 0 0 0 0 6 9 4 1 1 3 3 4 0 0 0 5 0 0 1 2 1 2 3 1 2 0 1 3 1 3 2 0 1 1 0 0 2 1 0 2 0 0 0 1 5 2 7 1 1 0 1 1 1 0 1 0 0 0 0 0 1 0 0 0 0 1 1 0 0 0 0 0 1 0 0 4 0 0 0 1 10 0 0 2 1 0 0 0 0 0 0 0 2 6 2 2 0 1 1 1 1 1 0 2 2
327 11 9 11 0 6 2 10 8 2 18 5 9 3 6 5 12 0 0 3 3 1 3 0 19 1 14 11 6 3 0 0 4 4 7 0 6 10 3 15 3 0 1 0 0 0 0 0 0 0 0 0 4 0 1 0 0 0 0 0 1 1 8 20 8 0 0 6 0 2 0 0 0 0 0 1 0 1 1 0 0 0 0 2 0 0 1 0 3 0 2 2 0 1 0 0 0 0 0 0 0 0 0 0 12 0 0 2 0 1 0 0 1 1 0 0 0 0 0 0 0 0 0 0 0 1 0 1 1 2 2 0 10 0 11 0 2 0 0 7 4 1 2 1 3 3 4 0 0 0 3 0 0 1 0 1 1 2 1 0 0 1 2 0 2 0 0 1 1 0 0 2 1 0 1 0 0 0 1 3 3 5 1 0 0 0 4 1 0 1 0 0 0 0 0 0 0 0 0 0 1 0 0 0 0 0 0 0 0 0 3 0 0 0 6 7 0 0 1 0 0 0 0 0 0 0 1 1 5 1 1 0 0 0 1 1 1 0 2 1
1477 19 14 7 3 12 4 16 2 2 7 4 6 1 5 6 10 0 0 1 10 4 2 4 10 3 7 9 3 5 0 1 2 7 8 5 4 12 1 9 0 0 0 0 0 0 0 1 0 1 0 0 0 0 0 0 0 0 0 0 0 1 2 7 9 0 0 4 0 0 0 0 1 1 0 0 0 0 0 0 0 0 0 2 0 0 0 0 3 0 1 1 0 0 0 0 0 0 0 0 0 0 0 0 17 0 0 0 0 0 0 0 0 1 0 0 0 0 0 0 0 0 0 0 0 0 0 0 0 0 0 0 9 0 12 0 0 0 0 4 7 0 5 1 1 0 0 0 0 0 3 0 2 1 0 0 0 2 2 0 0 1 0 0 1 0 0 1 0 0 0 1 0 1 0 0 0 0 0 0 0 10 0 0 0 1 4 0 0 0 0 0 0 0 1 0 0 0 0 0 0 0 0 0 0 1 0 0 0 3 4 0 0 0 7 6 0 0 0 0 0 0 0 0 1 0 0 0 1 0 1 1 1 0 1 1 1 0 1 1
465 11 6 9 1 7 2 12 3 2 6 5 4 0 3 3 6 1 0 0 5 4 1 0 6 1 6 1 4 5 0 1 1 9 4 1 1 7 1 3 0 0 0 0 0 0 0 0 0 0 0 0 0 0 0 0 0 0 0 0 1 1 1 1 3 0 0 4 0 1 0 1 0 1 0 0 0 0 0 0 0 0 0 2 0 0 0 0 0 0 1 1 0 0 0 0 0 0 0 0 0 0 1 0 12 0 0 0 0 0 0 0 0 0 0 0 0 0 0 1 0 0 0 0 0 0 1 0 0 0 0 0 5 0 5 0 0 0 0 4 5 0 2 1 1 0 0 0 0 0 1 0 2 0 1 0 0 2 1 0 0 1 0 0 1 0 0 1 0 0 0 1 0 1 0 0 0 0 0 1 0 14 0 1 0 1 1 0 0 0 0 0 0 0 1 0 0 0 0 0 0 0 0 0 0 1 0 0 0 1 4 0 0 0 3 5 0 0 0 0 0 0 0 0 0 0 0 0 1 0 0 0 0 0 1 0 1 0 1 1
510 15 6 7 0 8 4 11 3 2 7 5 4 3 4 4 8 0 0 2 4 6 4 0 8 3 5 0 4 7 0 2 3 3 2 1 3 11 1 5 0 0 0 0 0 0 0 0 0 1 0 0 0 0 0 0 0 0 0 0 0 1 2 5 4 0 0 3 0 0 0 0 0 1 0 0 0 0 0 0 0 0 0 2 0 0 1 0 0 0 1 1 0 0 0 1 0 0 0 0 0 0 0 0 12 0 0 0 0 0 0 0 1 0 0 0 0 0 0 0 0 0 0 0 0 0 0 0 1 0 0 0 7 0 10 0 0 0 0 5 6 0 2 1 2 0 0 0 0 1 1 0 2 0 0 0 0 2 1 0 1 0 1 0 1 0 0 1 0 0 0 1 0 2 0 0 0 0 0 0 2 7 0 0 0 1 4 0 0 0 1 0 0 0 1 0 0 0 0 0 1 0 0 0 0 1 0 0 0 1 3 0 0 0 4 6 0 0 0 0 0 0 0 0 1 0 1 0 2 1 1 1 1 0 2 0 1 0 1 2
582 19 5 8 0 11 4 16 4 3 5 4 7 2 5 5 9 0 0 4 15 5 8 0 7 4 8 5 9 6 0 1 6 4 4 0 3 12 1 10 0 0 0 0 0 0 0 1 0 1 0 0 0 0 0 0 0 0 0 0 0 1 4 10 10 0 0 4 0 2 0 1 1 1 0 0 0 0 0 0 0 1 0 4 0 0 0 0 5 0 1 0 0 0 0 1 1 0 0 0 0 0 0 1 16 1 0 0 0 1 0 0 0 1 0 0 0 0 0 0 0 0 0 0 0 0 0 0 0 0 0 0 9 0 15 0 0 0 0 4 8 0 16 1 1 0 0 0 0 0 2 0 1 0 1 1 1 2 3 0 0 0 0 0 1 0 0 1 0 0 0 0 0 1 0 1 0 0 0 0 0 3 0 0 0 1 3 0 1 0 0 1 0 0 1 0 0 0 0 0 0 1 0 0 0 1 0 0 0 1 7 0 0 0 3 4 0 0 0 0 1 0 0 0 1 0 1 1 0 1 1 1 1 1 1 0 1 0 2 1
1592 35 15 15 2 30 13 26 4 17 12 17 24 11 23 10 10 3 1 3 22 7 12 3 24 3 21 17 13 9 0 2 27 21 25 4 9 29 0 16 0 0 0 0 0 0 0 2 0 1 0 0 1 0 0 0 1 0 0 0 2 0 10 12 11 0 0 8 0 0 1 0 1 0 0 1 0 0 2 0 0 0 0 5 0 1 0 0 9 0 0 0 0 0 0 1 0 0 3 1 0 0 0 1 31 0 0 0 0 0 0 0 0 3 2 0 0 0 1 0 0 0 0 0 0 0 0 0 0 0 2 0 12 0 35 0 0 0 0 12 9 1 29 0 0 1 1 0 0 1 2 0 0 0 5 1 1 3 1 0 1 0 2 0 2 0 0 0 0 0 2 0 0 2 0 0 0 0 0 1 0 19 0 0 0 0 6 0 0 0 0 0 1 0 0 0 0 0 0 0 1 0 0 0 0 0 3 1 0 2 12 0 1 0 21 13 0 0 0 0 1 0 1 0 0 0 7 2 0 0 0 2 0 0 1 0 4 1 0 1
1513 17 15 9 7 12 9 9 9 3 12 3 6 7 3 3 13 1 0 3 11 9 10 6 19 4 12 17 8 9 0 1 6 7 8 5 11 16 0 18 0 0 0 0 0 2 0 2 1 1 0 0 2 0 0 0 0 0 1 0 0 1 9 20 14 1 0 9 0 0 1 0 1 0 0 0 1 0 1 0 0 0 0 7 0 0 0 0 6 0 1 1 0 0 0 4 0 0 5 0 0 0 0 0 9 2 0 0 0 0 0 0 0 1 1 0 0 0 0 0 0 0 0 0 0 0 0 0 0 0 0 0 9 0 14 1 0 0 0 12 7 0 9 0 1 2 0 1 1 2 2 0 0 1 4 1 2 0 1 0 0 0 0 2 0 0 0 0 2 0 3 1 1 0 0 0 0 1 0 2 0 7 1 1 0 0 3 0 0 0 0 0 0 1 1 0 0 0 0 0 0 1 0 0 0 1 0 1 1 2 5 0 1 0 2 7 0 0 0 0 0 0 0 0 0 0 2 1 2 1 0 3 3 0 3 2 1 1 0 1
363 15 9 8 3 18 5 15 6 1 9 6 10 5 4 5 8 1 0 3 18 14 7 0 12 2 17 7 12 5 3 1 12 12 7 0 4 14 0 16 0 0 1 0 0 2 0 1 1 1 0 0 4 0 0 0 1 0 1 0 1 1 9 18 7 1 1 6 0 0 1 0 2 0 0 0 0 0 0 0 0 0 0 8 1 0 0 0 6 0 1 4 0 0 0 4 0 0 4 0 0 0 0 0 18 2 0 1 0 0 0 0 1 1 1 0 0 0 0 0 0 0 0 0 0 0 0 0 0 0 0 0 12 0 17 1 0 1 0 10 9 1 8 0 1 3 0 1 1 4 2 0 0 0 2 2 3 0 1 0 0 0 0 3 0 0 0 0 2 0 1 0 0 0 0 1 0 1 1 2 1 7 1 2 0 0 2 0 0 0 1 1 0 1 1 0 0 0 0 0 1 1 0 1 0 1 0 1 1 1 7 0 0 0 2 5 0 0 0 1 1 0 0 0 2 0 0 1 1 0 0 3 0 0 2 2 0 0 0 1
1331 23 12 14 2 21 6 25 4 9 6 15 10 8 14 12 16 1 0 9 16 4 3 2 15 5 13 14 5 6 0 0 18 14 20 2 11 26 0 9 0 0 0 0 0 0 0 1 0 0 0 0 1 0 0 0 1 0 1 0 0 0 8 15 14 0 0 11 0 0 0 0 1 0 0 0 1 1 0 0 0 0 0 5 0 1 3 0 8 0 1 2 0 0 0 0 0 0 0 0 0 0 0 0 18 1 0 1 0 0 0 0 2 1 0 0 0 0 0 0 0 0 1 0 0 0 0 0 0 1 2 0 15 0 28 0 0 0 0 10 6 0 23 0 2 1 1 3 0 1 2 1 0 3 1 1 0 0 1 0 0 0 4 0 3 1 0 1 0 0 1 0 0 0 1 1 4 0 0 0 1 10 1 2 0 1 5 0 0 0 0 0 0 1 0 0 0 0 1 1 0 0 0 0 0 0 4 0 0 0 7 0 1 0 16 4 0 0 0 0 0 0 1 0 0 0 3 2 2 3 2 2 0 2 1 0 3 1 0 1
332 13 13 13 1 12 3 17 4 8 7 13 5 3 14 4 12 1 1 6 9 6 3 2 17 2 7 9 9 7 1 1 9 13 13 0 7 13 0 4 0 0 0 0 2 0 0 0 0 0 0 0 1 0 1 1 0 0 1 0 2 1 12 9 8 0 0 7 0 2 0 0 2 0 0 0 1 0 0 0 0 0 0 3 0 2 5 0 7 0 0 1 0 0 0 0 0 0 2 1 0 0 0 0 14 1 0 1 0 0 1 0 2 1 0 0 0 0 0 0 0 0 1 0 0 0 0 0 0 0 1 0 9 0 11 0 1 0 0 8 6 1 16 0 1 1 1 2 0 2 4 1 0 2 1 2 0 0 0 0 0 0 1 2 3 1 0 2 0 0 1 1 0 1 2 1 4 0 0 0 2 7 1 0 1 1 2 0 0 0 0 0 0 2 0 0 0 0 1 1 0 1 0 0 0 1 5 0 0 0 5 0 1 0 9 5 0 0 0 2 2 0 0 1 0 1 4 4 2 2 0 0 0 1 2 1 1 0 0 1
1802 27 12 7 2 25 6 26 6 6 10 8 11 5 15 13 12 1 0 12 18 6 4 3 15 4 11 15 6 4 0 0 8 7 19 4 13 30 1 18 1 0 0 0 0 0 0 1 0 1 0 0 1 0 0 0 0 1 0 3 1 0 6 13 16 0 0 10 0 1 0 1 1 1 0 0 0 0 1 0 0 0 1 4 0 0 1 0 16 0 0 0 0 0 0 0 0 0 0 0 0 0 0 0 19 0 0 1 0 0 0 0 1 3 0 0 0 0 1 0 0 0 0 0 0 0 0 0 1 0 1 0 10 0 26 0 0 2 0 7 8 7 22 0 0 0 1 0 0 0 2 0 0 1 2 0 1 1 2 0 0 0 2 0 1 0 1 0 0 0 1 0 0 1 0 0 0 0 0 0 2 5 0 0 0 0 10 0 0 0 0 0 0 0 0 0 0 0 0 0 1 0 0 0 0 0 0 0 0 3 4 0 0 0 15 9 0 0 1 0 0 0 0 0 0 0 4 1 1 0 0 2 0 0 2 2 1 2 1 0
452 15 9 5 0 15 6 15 10 3 4 2 5 4 3 4 6 0 0 7 10 5 6 0 9 2 7 8 5 4 0 0 2 1 5 1 5 12 0 12 0 0 0 0 0 0 0 1 0 0 0 0 0 0 0 0 0 1 0 2 1 0 3 14 12 1 0 8 0 0 0 0 1 0 0 0 0 0 0 0 0 0 0 1 0 0 0 0 7 0 0 0 0 0 0 0 0 0 1 1 0 0 0 0 7 0 0 2 0 0 1 1 0 3 0 0 0 0 0 0 0 0 0 0 0 0 0 0 1 1 1 0 5 0 10 0 0 1 1 4 5 1 7 0 0 0 0 0 0 0 0 0 0 0 0 1 2 1 0 0 0 0 0 0 1 1 0 0 0 0 0 0 0 1 0 0 0 0 0 1 0 1 0 0 0 0 6 0 0 0 0 0 0 0 1 1 0 0 0 0 0 1 0 0 0 1 0 0 0 1 3 0 0 0 3 5 0 0 1 0 0 0 0 0 1 0 1 0 1 1 0 0 0 0 0 3 0 1 1 0
347 18 7 7 0 16 5 17 9 8 9 10 10 5 9 5 5 1 0 8 15 6 3 1 10 1 10 6 7 2 0 0 9 8 9 0 8 19 0 9 0 0 0 0 0 0 0 0 0 1 0 0 0 0 0 0 0 1 0 2 1 0 2 9 11 0 0 5 0 0 0 0 0 1 0 0 0 0 0 0 0 1 0 1 0 1 1 0 8 0 1 2 0 0 1 0 0 0 0 0 0 0 0 0 14 1 0 2 0 0 0 0 1 2 0 0 0 0 0 0 0 0 0 0 0 0 0 0 1 0 0 0 8 0 17 0 0 2 0 3 6 3 10 0 0 1 1 0 0 0 0 0 0 0 1 0 1 0 0 0 0 1 1 0 0 0 0 0 0 1 0 0 0 1 1 0 0 0 0 0 1 7 0 0 1 0 7 0 0 0 0 0 0 0 0 0 0 1 0 0 1 0 0 0 0 0 0 0 0 2 2 0 0 0 15 9 0 0 2 0 0 0 0 0 0 0 3 0 0 0 0 1 0 0 2 2 0 1 1 0
3847 60 55 39 3 57 21 40 23 24 36 38 30 34 27 10 60 1 0 28 32 23 26 10 73 3 48 49 33 29 4 2 32 37 48 3 36 45 0 39 3 0 1 0 0 0 0 1 0 2 0 0 0 0 1 0 0 0 0 0 5 1 46 42 32 0 0 34 0 1 2 1 0 3 0 0 1 1 0 0 0 0 0 24 3 0 7 0 34 0 0 0 0 0 1 1 0 0 1 2 0 0 0 3 43 1 2 2 0 0 0 1 2 0 1 1 0 0 4 1 1 0 0 0 1 0 0 1 2 0 4 0 44 0 46 2 1 1 0 28 25 4 53 0 1 11 4 1 0 2 0 1 2 0 6 1 1 3 3 2 1 3 1 3 0 2 0 1 0 2 0 4 1 5 0 0 0 1 1 0 6 35 0 0 6 1 11 0 0 4 1 2 0 0 1 0 0 0 0 0 2 1 0 2 0 0 1 0 0 3 25 0 0 1 30 44 0 0 0 1 0 0 1 0 2 0 5 3 11 2 4 0 1 1 0 0 6 3 0 0
462 5 6 9 1 10 1 7 4 10 13 8 6 0 11 2 11 1 0 3 1 0 1 1 15 0 10 11 5 3 0 0 10 12 15 0 8 5 0 6 0 1 0 1 0 0 1 0 0 0 1 0 1 0 0 0 0 0 1 0 0 0 8 11 11 1 0 1 0 1 0 0 0 1 0 0 0 0 0 0 0 0 0 1 0 0 4 2 2 0 0 0 0 0 0 3 0 0 3 0 0 0 0 0 5 0 0 2 0 0 0 0 0 0 1 0 0 0 0 0 1 0 0 0 0 0 0 1 0 0 0 0 13 0 6 1 0 1 0 1 9 4 20 1 0 0 1 0 0 2 1 0 0 0 4 3 1 2 1 0 1 1 0 1 2 0 0 1 0 0 0 0 0 0 0 0 0 0 0 0 1 11 0 1 1 1 1 0 0 0 0 0 0 0 0 0 0 0 0 0 0 1 0 2 0 0 0 0 0 0 2 0 0 0 6 7 0 1 0 0 0 0 0 0 0 0 4 2 2 3 0 0 0 1 0 0 0 1 0 1
472 4 10 7 1 10 2 11 6 7 6 8 5 2 10 3 10 3 0 5 3 5 4 0 20 1 8 10 6 4 0 0 12 17 17 0 11 10 0 6 0 0 0 0 0 0 0 0 0 0 0 0 0 0 0 0 1 0 0 0 1 0 7 7 8 0 0 2 0 0 0 0 0 1 0 0 0 0 0 0 0 0 0 4 0 0 2 0 3 0 1 0 0 0 0 1 0 0 0 0 0 0 0 0 6 0 0 1 0 0 0 0 0 0 0 0 0 0 0 0 1 0 0 0 0 0 0 0 0 0 0 0 11 0 4 1 0 1 0 2 4 1 20 0 0 0 0 0 1 1 0 0 0 0 5 0 0 0 1 0 0 1 0 0 0 0 0 1 0 0 0 0 1 2 0 0 0 0 0 0 1 15 0 0 1 0 0 0 0 0 0 0 1 0 0 0 0 0 0 0 0 0 0 1 0 0 0 0 0 0 2 0 0 0 8 4 0 0 0 1 0 1 0 0 0 0 4 1 2 1 0 1 0 1 0 0 0 0 0 0
830 35 37 29 1 41 15 26 15 13 19 15 27 19 9 8 38 0 1 21 17 19 16 3 44 2 33 32 18 13 1 0 12 27 14 1 23 28 2 31 2 0 1 0 0 1 0 0 1 0 0 0 1 0 0 0 0 0 1 0 2 1 22 34 21 0 0 28 0 0 0 1 0 2 0 0 1 0 0 0 0 0 0 11 1 0 4 0 28 0 0 1 0 0 0 2 0 0 1 0 0 0 0 0 25 1 1 1 0 0 0 2 1 0 0 2 0 0 2 1 1 0 0 0 2 0 0 3 2 3 3 0 28 0 36 2 0 2 0 20 21 2 22 0 0 5 3 3 1 2 2 0 1 1 3 2 1 3 1 0 1 4 1 3 0 2 0 2 0 2 0 1 0 5 0 0 0 3 1 0 4 24 0 1 3 1 5 0 0 4 0 1 0 0 0 0 0 0 0 0 2 1 0 1 0 0 1 0 0 3 9 0 3 0 14 25 0 0 1 0 0 2 1 0 0 0 0 3 12 2 2 0 0 1 0 0 4 3 0 1
223 10 15 23 0 23 1 19 10 7 10 12 18 6 5 5 24 0 1 5 11 8 12 1 25 3 20 16 6 6 2 2 4 13 8 1 8 14 2 16 2 0 0 0 0 1 0 0 1 0 0 0 1 0 0 0 0 0 1 0 1 0 11 23 13 0 0 11 0 0 1 0 0 1 0 0 0 0 1 0 0 1 0 6 0 0 4 0 10 0 0 1 1 0 0 2 0 0 0 0 0 0 0 1 17 1 0 1 0 0 0 1 1 0 0 0 0 0 0 0 1 0 0 0 1 0 0 3 1 3 1 0 21 0 15 2 0 2 0 11 17 3 7 0 0 3 1 2 0 2 2 0 0 1 1 1 2 3 1 1 1 3 0 1 1 2 0 3 1 0 1 1 0 2 0 1 0 2 0 1 3 13 0 1 3 1 2 1 0 1 0 1 0 0 0 0 0 0 0 0 0 0 0 1 0 0 1 0 0 1 6 0 1 0 7 11 0 0 0 1 1 2 0 0 0 0 0 3 5 2 1 0 0 0 0 0 1 1 0 1
218 13 12 11 0 20 4 16 8 6 9 4 14 6 8 4 20 0 1 3 11 8 4 2 20 3 14 10 8 4 0 0 5 11 11 2 9 14 3 15 0 0 0 0 0 1 0 0 1 0 0 0 1 0 0 0 0 0 1 0 0 0 11 17 10 0 0 12 0 1 0 0 0 1 0 0 1 0 0 0 0 0 1 2 0 0 3 0 9 0 0 1 0 1 0 2 1 0 0 0 0 0 0 0 14 0 0 0 0 0 0 1 1 0 0 0 0 0 0 0 1 0 0 0 1 1 0 3 3 3 2 0 14 0 16 2 0 1 0 4 9 3 9 0 2 2 1 3 0 0 2 1 1 1 1 1 1 5 1 0 1 2 1 1 0 1 0 3 0 0 0 1 1 2 0 0 1 3 0 0 2 10 0 1 2 0 2 0 0 1 0 0 0 0 0 1 0 0 1 0 0 1 0 1 0 0 1 1 0 2 2 0 1 0 6 6 0 0 0 0 0 2 0 0 0 0 0 2 6 1 1 1 1 0 0 0 0 0 0 2
219 14 15 13 1 20 3 16 10 9 11 7 19 7 10 6 23 0 2 3 6 9 10 1 22 4 17 16 6 6 0 0 3 17 7 1 12 13 2 17 0 0 0 0 0 1 0 0 1 0 0 0 1 0 1 0 0 0 1 0 3 0 12 19 10 0 1 10 0 1 0 1 0 1 0 0 0 0 0 0 0 0 0 8 0 0 4 0 9 0 0 1 0 0 0 2 0 0 0 0 0 0 0 0 11 0 0 1 0 0 0 2 1 0 0 0 0 0 0 0 1 0 0 0 1 0 0 3 1 4 1 0 15 1 17 2 0 2 0 8 11 3 9 0 0 2 1 3 0 1 2 0 1 1 1 2 1 3 2 0 1 3 0 1 1 2 0 2 1 0 2 0 0 2 0 1 0 2 0 0 1 10 0 1 3 1 4 0 0 1 0 0 0 0 0 1 0 0 0 0 0 1 0 1 0 0 1 0 0 2 8 0 1 0 7 6 0 0 0 1 1 2 0 0 1 0 1 3 6 1 1 0 0 0 0 1 0 0 0 1
42 5 5 4 0 3 1 2 3 2 2 1 5 1 1 1 5 0 1 1 3 2 2 0 6 3 3 5 2 3 0 0 3 4 0 0 2 5 0 2 0 0 0 0 0 0 0 0 0 1 0 0 0 0 1 0 0 0 0 0 0 0 1 1 4 0 0 0 0 0 0 1 0 0 0 0 0 0 0 0 0 0 0 3 0 0 0 0 2 0 0 0 0 0 0 0 0 0 0 0 0 0 0 0 1 0 0 0 0 0 0 0 0 0 0 0 0 0 0 0 0 0 0 0 0 0 0 0 0 1 0 0 1 0 4 0 0 0 0 5 0 1 1 0 0 0 0 0 0 0 0 0 0 0 1 0 0 0 0 0 0 0 0 0 1 1 0 0 1 0 0 0 0 0 0 1 0 0 0 0 0 3 0 0 2 1 2 0 0 0 0 0 0 0 0 0 0 0 0 0 0 0 0 0 0 0 0 0 0 0 3 0 0 0 0 0 0 0 0 0 1 0 0 0 0 0 0 0 1 0 0 0 0 0 0 0 0 0 0 0
243 29 26 24 1 36 10 25 17 10 18 11 24 15 9 10 35 2 1 23 20 12 21 2 53 3 37 34 17 15 0 3 9 16 15 1 23 24 2 26 0 0 0 0 0 1 0 0 1 1 0 0 3 0 0 0 0 0 1 0 2 1 25 32 22 1 0 19 0 2 0 2 0 1 0 1 0 0 0 0 0 2 0 12 1 1 6 0 27 0 0 1 0 1 0 4 0 0 2 0 0 0 0 0 25 0 3 2 0 0 1 3 2 0 1 2 0 1 0 0 1 0 0 0 1 0 0 2 1 6 4 0 35 1 23 3 0 1 0 21 16 3 20 2 1 5 1 2 0 1 2 1 0 4 3 2 3 2 2 0 3 2 2 3 0 3 1 4 0 0 0 1 0 7 0 0 0 3 0 0 9 13 0 0 4 0 4 0 0 4 4 1 0 0 0 0 1 0 0 0 1 2 1 1 0 0 1 0 0 1 15 0 1 0 17 22 0 0 1 1 0 2 0 0 1 0 2 6 9 1 3 1 0 0 0 2 1 4 2 2
168 18 8 7 1 25 5 17 8 13 10 11 18 4 7 7 15 3 1 9 12 4 9 2 22 2 18 13 6 7 0 2 10 16 8 1 13 15 2 10 0 0 0 0 0 1 0 0 1 1 0 0 3 1 0 0 0 0 1 0 2 0 10 17 8 1 1 7 0 2 0 1 1 0 0 1 0 0 0 0 0 0 0 3 0 1 5 0 7 0 0 1 0 1 0 5 0 0 0 0 0 0 0 0 16 0 1 3 0 0 0 2 1 0 1 1 0 1 0 1 1 0 0 1 1 0 0 2 0 4 1 0 21 1 20 3 0 1 0 7 7 0 11 0 0 2 1 1 0 1 2 0 0 2 1 1 0 1 2 0 3 3 1 1 0 0 0 3 0 0 0 0 0 1 0 0 0 2 0 1 8 14 0 0 3 0 2 0 0 5 0 0 0 1 0 0 1 0 0 1 1 1 1 1 0 0 1 0 1 1 3 0 2 0 4 9 0 0 0 0 0 2 0 0 1 0 0 3 4 1 2 1 0 0 0 1 1 1 1 1
200 13 10 7 1 17 4 15 7 6 11 7 15 2 4 8 15 2 1 6 12 4 12 2 19 4 19 12 6 7 0 2 6 10 6 1 9 17 2 11 0 0 0 0 0 1 0 0 1 0 0 0 3 0 0 0 0 0 1 0 1 0 11 16 8 1 0 9 0 2 0 0 0 1 0 1 0 1 0 0 0 0 0 3 1 2 8 0 6 0 0 1 0 1 0 4 0 0 0 0 0 0 0 0 17 0 1 2 0 0 0 2 1 1 1 1 0 1 0 0 1 0 0 0 2 0 0 2 0 4 2 0 18 1 19 3 0 1 0 8 7 1 7 0 0 2 1 1 0 2 2 0 0 3 1 1 1 2 1 0 3 2 2 1 1 1 0 3 0 0 0 0 0 1 0 0 0 3 0 1 6 12 0 0 2 0 3 0 0 4 0 0 0 0 0 0 1 0 0 0 0 2 1 1 0 0 1 0 0 1 4 0 1 0 5 8 0 0 0 1 0 2 0 0 0 0 1 4 4 1 1 1 1 0 1 1 0 1 0 1
820 33 33 30 1 37 22 31 22 13 28 14 22 31 7 7 43 0 0 26 19 21 21 0 62 4 43 41 27 27 2 0 15 8 18 0 33 27 1 34 3 0 1 0 0 0 0 0 0 0 0 0 2 0 0 0 0 0 0 0 3 1 31 39 29 0 0 33 0 0 0 2 0 2 0 0 1 0 0 0 0 0 0 24 1 0 6 0 34 0 3 0 0 0 1 1 0 0 1 1 0 0 0 1 30 1 3 1 0 0 0 2 3 0 1 1 0 0 3 1 1 0 0 0 0 0 0 0 1 3 4 0 35 0 29 2 1 1 0 29 23 2 21 0 3 9 3 1 0 1 0 1 1 2 2 3 4 3 4 1 0 2 3 4 0 1 0 1 0 1 0 4 1 3 0 0 1 1 2 0 7 12 0 0 3 1 4 0 0 3 0 1 0 1 0 0 0 0 0 0 3 1 0 1 0 0 1 0 0 1 21 0 0 0 11 35 0 0 0 1 0 0 1 0 1 0 0 3 11 0 3 1 0 0 2 1 4 3 0 0
3686 50 58 59 2 54 19 51 35 24 26 37 43 17 34 13 84 0 0 36 37 21 29 13 81 2 51 70 29 13 2 3 37 46 44 4 49 50 4 37 1 0 0 0 0 0 0 0 0 1 0 0 1 0 1 0 0 1 0 1 4 4 33 51 53 1 0 33 0 1 3 1 0 0 1 1 0 3 0 1 0 1 2 29 1 0 9 0 31 0 0 0 0 0 1 5 0 0 0 2 1 0 0 0 58 1 4 0 0 0 0 5 3 2 0 0 0 0 0 0 0 0 0 0 0 0 0 0 0 2 2 0 57 0 69 0 1 0 0 34 33 4 48 0 1 2 0 0 2 2 1 1 0 1 5 1 1 1 1 1 2 0 1 0 1 3 0 1 2 0 1 0 0 7 0 0 0 0 0 1 10 49 0 1 4 2 10 0 0 2 1 1 0 1 1 0 0 0 0 1 1 1 0 1 0 1 0 0 0 2 27 0 2 1 34 33 0 0 2 1 0 0 1 0 1 0 2 6 4 1 1 0 1 1 0 2 3 1 0 5
1054 33 24 28 1 34 10 25 16 8 16 8 32 17 10 6 29 0 0 20 18 14 17 3 28 1 23 26 24 8 0 1 15 12 7 0 18 31 1 25 0 0 0 0 0 0 0 0 0 0 0 0 0 0 1 0 1 1 0 0 1 2 15 16 28 0 0 24 0 2 1 0 0 0 1 0 0 1 2 1 0 0 1 18 0 0 4 0 18 0 0 1 1 0 0 2 0 0 1 1 0 0 0 0 33 0 2 0 0 0 0 3 1 1 0 1 0 0 0 0 0 0 0 0 0 0 0 0 0 0 1 0 27 0 38 0 0 0 0 21 27 1 11 0 0 0 0 0 0 1 2 0 0 1 3 1 0 1 1 1 0 0 1 0 1 1 0 0 2 0 1 0 0 2 0 0 0 0 0 0 5 15 0 1 3 1 6 0 0 0 1 1 0 0 0 0 0 0 0 1 1 0 0 2 0 1 0 0 0 1 19 0 0 1 7 19 0 0 0 1 0 0 0 0 0 0 0 4 0 3 0 0 0 0 0 1 2 1 0 2
450 16 9 13 0 8 5 11 4 8 7 6 6 14 5 2 13 0 0 6 8 9 8 0 10 2 13 12 12 6 0 0 10 13 9 0 7 14 0 10 0 0 0 0 0 0 0 0 0 0 0 0 0 0 0 0 1 0 0 0 0 0 6 14 11 0 0 8 0 2 0 0 0 0 0 0 0 0 2 0 0 0 0 10 0 0 0 0 6 0 0 1 0 0 0 1 0 0 1 0 0 0 0 0 7 0 0 0 0 0 0 0 0 0 0 1 0 0 0 0 0 0 0 0 0 0 0 0 1 0 0 0 5 0 17 0 0 0 0 7 10 1 5 0 0 0 0 0 0 0 0 0 0 1 3 1 0 0 0 0 0 0 0 0 0 1 0 0 0 0 0 0 0 2 0 0 0 0 0 0 4 10 0 0 2 1 2 0 0 0 1 0 0 0 0 0 0 0 0 0 1 0 0 2 0 1 0 0 0 0 13 0 0 0 5 6 0 0 0 0 0 0 0 0 0 0 4 1 1 3 0 1 0 0 0 0 1 0 0 0
430 8 10 15 0 14 6 12 5 7 7 9 6 15 4 4 13 1 0 6 8 8 10 0 14 0 12 14 12 6 0 0 6 9 5 0 8 12 0 10 0 0 0 0 0 0 0 2 0 0 0 0 0 1 0 0 1 1 0 0 0 0 6 13 10 0 0 8 0 2 0 0 0 0 0 0 0 0 2 0 0 0 0 9 0 0 1 0 6 0 0 1 0 0 0 1 0 0 1 0 0 0 0 0 10 0 0 0 0 0 0 0 0 0 0 1 0 1 0 0 0 0 0 0 0 1 0 0 0 0 0 0 11 0 13 0 0 0 0 9 10 1 6 0 0 0 0 0 0 0 0 0 0 2 2 1 0 0 0 0 0 0 0 0 0 1 0 0 0 0 0 0 0 2 0 0 0 0 0 0 4 18 0 0 2 2 3 1 0 0 1 0 0 0 0 0 0 0 0 0 1 0 0 2 0 1 0 0 0 2 13 1 0 0 5 7 0 0 0 0 0 0 0 0 0 0 0 1 0 3 0 0 0 0 0 0 1 0 0 0
