57 4 1 6 0 10 0 5 0 3 3 5 3 0 2 2 2 1 0 1 2 3 1 0 4 0 3 1 3 2 0 0 3 1 1 0 4 5 0 4 0 0 1 0 0 0 0 1 0 0 0 0 0 0 0 0 0 0 0 0 0 0 2 1 6 0 0 2 0 0 0 0 0 0 0 0 0 0 0 0 0 0 0 3 0 1 1 0 2 0 0 1 0 0 0 0 0 0 1 0 0 0 0 0 5 1 0 1 0 0 0 0 0 0 1 1 0 1 0 1 0 0 0 0 0 0 1 0 0 0 0 0 2 0 9 0 0 0 0 2 2 1 3 0 0 0 0 0 0 0 0 0 0 0 1 0 0 0 0 0 0 0 0 0 0 1 0 0 0 0 0 0 0 1 0 0 0 0 0 0 1 7 0 0 1 1 0 0 0 0 0 0 0 0 0 0 0 0 0 0 0 0 0 0 0 0 0 0 0 1 2 0 0 0 5 4 0 0 0 0 1 0 0 0 1 0 0 0 0 1 1 0 0 0 0 0 0 0 0 0
53 4 0 7 0 10 0 4 0 2 3 7 5 0 2 2 3 1 0 1 2 1 1 0 3 0 1 1 0 2 0 0 1 2 1 0 3 4 0 4 0 0 0 1 0 0 0 1 1 0 0 0 0 0 1 0 0 0 0 0 0 0 2 0 5 0 0 2 0 0 0 0 0 0 0 0 0 0 0 0 0 0 1 2 0 0 1 0 2 0 0 2 0 0 0 0 0 0 1 0 0 0 0 0 6 0 0 1 0 1 0 0 0 0 0 1 0 1 0 0 0 0 0 0 0 0 0 0 0 0 0 0 2 0 9 0 0 0 0 2 2 1 5 0 0 0 0 0 0 0 0 0 0 0 0 0 0 0 0 0 0 0 0 0 0 0 0 0 0 0 1 0 0 0 0 0 0 0 0 0 1 8 0 0 0 1 0 0 0 0 0 0 0 1 0 0 0 0 0 0 0 0 0 0 0 0 0 0 0 1 2 0 1 0 3 3 0 0 0 0 0 0 0 0 1 0 0 0 1 1 0 0 0 0 0 0 0 0 0 0
234 6 4 9 0 6 2 3 3 2 5 4 9 9 2 1 9 0 1 6 4 5 9 1 6 2 8 8 11 6 0 0 5 3 1 0 5 6 0 7 0 0 0 0 1 0 0 1 0 1 0 0 0 0 0 0 1 0 0 0 1 0 4 12 9 0 0 5 0 0 0 0 0 0 0 0 0 0 1 0 0 0 0 4 0 0 0 0 6 0 0 1 0 0 0 0 0 0 1 0 0 0 0 0 4 0 0 0 0 0 0 0 0 0 0 1 0 0 0 0 0 0 0 0 0 0 0 0 1 0 0 0 6 0 13 0 0 0 0 7 8 1 7 0 0 0 0 0 0 0 1 0 0 2 2 1 0 0 0 0 0 0 0 0 0 1 0 0 0 0 0 0 1 1 0 0 0 0 0 0 2 4 0 0 1 0 2 0 0 0 0 0 0 0 1 0 0 0 0 0 0 0 0 1 0 0 0 0 0 1 5 0 0 0 3 6 0 0 0 0 0 0 0 0 0 0 0 1 1 1 1 1 0 1 1 0 0 0 0 0
330 17 12 16 1 17 8 14 10 4 11 3 20 13 5 3 25 0 0 17 9 11 12 2 21 1 19 13 13 8 0 0 8 5 3 0 17 16 2 16 0 0 0 0 0 0 0 0 0 0 0 0 3 0 1 0 1 1 0 0 1 0 9 14 13 0 0 12 0 1 1 0 0 0 1 0 0 2 0 1 0 0 1 10 1 2 3 0 11 0 1 2 0 0 0 1 0 0 1 0 0 0 0 0 18 0 1 2 1 0 0 2 1 1 0 1 0 0 0 1 0 0 0 0 0 0 0 0 0 1 1 0 11 0 27 0 0 0 0 15 17 2 4 0 0 0 0 0 0 1 0 0 0 1 2 0 1 1 1 0 0 0 3 0 2 1 1 1 2 0 0 0 1 3 0 0 0 1 0 0 4 7 0 1 3 0 2 0 0 0 1 1 0 0 0 0 0 0 0 0 1 0 0 2 0 1 2 1 0 0 11 0 0 1 5 16 0 0 0 0 0 0 0 0 3 0 0 5 0 1 1 0 0 0 0 3 2 1 0 1
43 4 2 4 0 3 0 2 0 1 5 1 1 0 3 0 3 0 0 3 2 0 1 1 2 1 1 1 0 2 0 0 0 1 0 0 4 9 1 3 0 0 0 0 0 0 0 0 0 0 0 0 0 0 1 0 0 1 0 0 0 0 1 1 4 0 0 2 0 0 1 0 0 0 0 0 0 1 0 0 0 1 0 0 0 2 0 0 4 0 0 1 0 0 0 0 0 0 0 0 0 0 0 0 1 0 0 2 0 0 0 0 0 0 0 0 0 0 0 1 0 0 0 0 0 0 0 0 0 1 1 0 2 0 7 0 0 0 1 2 1 1 2 0 0 0 0 0 0 0 0 0 0 0 0 0 0 0 1 0 0 0 1 0 0 0 1 0 0 0 0 0 0 1 0 1 1 0 0 0 1 0 0 0 1 1 1 0 0 0 0 0 0 0 0 0 0 0 0 0 0 0 0 0 0 0 0 1 0 0 1 0 0 0 1 6 0 0 0 0 0 0 0 0 0 0 1 2 0 1 0 0 0 0 0 0 0 0 0 0
186 4 5 6 0 7 2 5 1 1 4 3 9 8 2 1 10 0 0 7 4 5 8 1 4 0 9 7 11 6 0 0 4 1 5 1 4 6 0 7 0 0 0 0 0 0 0 0 0 0 0 0 1 0 0 0 1 1 0 0 0 1 4 7 3 0 0 5 0 0 1 0 0 0 0 0 0 0 1 0 0 0 0 5 1 0 1 0 4 0 0 1 0 1 0 0 0 0 1 0 0 0 0 0 3 0 1 2 1 0 0 1 0 0 0 1 0 0 0 0 0 0 0 0 0 0 0 1 0 2 0 0 7 0 14 0 0 1 0 6 6 1 1 0 0 0 0 1 0 0 0 0 0 2 2 2 0 0 0 0 0 0 2 0 1 1 0 0 0 0 0 0 2 0 0 0 0 0 0 1 2 1 0 0 2 0 0 0 0 0 0 0 0 0 1 0 0 0 0 0 0 0 0 1 0 0 3 2 0 0 7 0 0 0 3 6 0 0 0 0 2 0 1 0 2 0 0 2 1 2 0 0 1 0 1 1 0 0 0 0
153 6 3 6 0 7 1 6 1 1 4 2 7 5 1 2 8 0 0 3 5 5 6 1 1 0 4 6 9 5 0 0 4 1 1 0 3 6 0 6 0 0 0 0 0 0 0 0 0 1 0 0 1 0 0 0 1 1 0 0 0 0 1 5 3 0 0 7 0 0 1 0 0 0 0 0 0 0 0 0 0 1 1 4 1 0 0 0 3 0 0 1 0 0 0 0 0 0 1 0 0 0 0 0 4 0 0 4 1 0 0 0 0 1 0 1 0 0 0 0 0 0 0 0 0 0 0 0 0 1 0 0 5 0 12 0 0 0 0 5 5 2 1 0 0 0 0 0 0 0 0 0 0 1 2 0 0 0 0 0 0 0 1 0 0 1 0 0 0 0 0 0 1 0 0 0 0 0 0 1 3 0 0 0 1 0 0 0 0 0 0 0 0 0 0 0 0 0 0 0 0 0 0 1 0 0 2 2 0 0 4 0 0 0 1 6 0 0 0 0 0 1 0 0 3 0 0 2 0 2 0 1 0 0 0 0 0 1 0 0
928 29 33 37 0 39 20 39 32 10 26 8 36 24 12 8 47 0 0 28 21 19 30 2 60 1 41 41 27 15 0 1 18 15 12 0 30 45 2 43 0 0 0 0 0 0 0 0 0 0 0 0 0 0 1 0 0 1 0 2 5 2 28 35 30 1 0 30 0 2 2 1 1 0 1 0 0 1 1 1 0 0 2 19 0 0 7 0 19 0 0 0 0 1 1 3 0 0 0 1 0 0 0 0 40 1 3 1 0 0 1 5 4 2 0 0 0 0 0 0 0 0 0 0 0 0 0 0 0 1 1 0 34 0 48 0 0 0 0 32 27 2 15 0 0 0 2 0 0 1 0 0 0 1 2 1 1 1 0 1 0 0 1 0 3 1 0 0 2 0 0 1 0 1 0 0 1 0 0 1 5 20 0 1 8 2 7 0 0 1 1 1 0 0 0 0 0 0 0 1 3 1 0 1 0 1 0 0 0 1 21 0 0 1 12 24 0 0 1 1 0 0 1 0 0 0 2 4 3 0 0 1 1 0 1 1 3 2 0 4
119 0 6 9 0 5 2 5 4 3 5 1 5 5 1 1 12 0 0 4 1 3 8 0 13 0 11 7 2 0 0 0 4 5 5 0 7 6 0 15 0 0 0 0 0 0 0 0 0 0 0 0 0 0 1 0 0 0 0 1 1 0 8 8 5 0 0 4 0 1 0 0 1 0 0 0 0 0 0 0 0 0 0 2 0 0 1 0 2 0 0 0 0 1 0 0 0 0 0 0 0 0 0 0 2 0 0 0 0 1 0 0 0 0 1 0 0 0 0 0 0 0 0 0 0 0 0 0 0 0 0 0 4 0 3 0 0 0 0 5 4 0 1 0 0 0 1 0 0 0 1 0 0 0 0 0 0 1 0 0 0 0 0 0 2 1 0 0 0 0 0 0 1 0 0 0 0 0 0 2 1 7 0 0 1 0 0 0 0 0 0 0 1 0 0 0 0 0 0 0 0 0 0 0 0 0 0 0 0 0 4 0 0 0 5 8 0 0 0 0 0 0 0 0 0 0 1 1 1 0 0 1 0 0 1 0 1 1 0 0
190 3 6 10 0 6 3 5 5 5 4 7 4 8 0 1 14 0 0 6 3 6 7 0 14 1 17 7 2 1 1 0 8 6 4 0 4 3 0 12 0 1 1 0 0 0 0 0 1 0 0 0 1 0 0 0 0 0 1 1 1 0 3 6 4 0 0 4 0 1 0 0 0 0 0 0 0 0 0 0 0 2 0 5 0 0 1 0 2 0 0 0 0 1 0 0 0 0 0 0 0 0 1 0 2 0 0 0 0 0 0 1 0 0 0 0 1 0 0 0 0 0 0 0 0 0 0 1 0 0 1 0 3 0 6 0 0 0 0 7 5 0 4 0 0 0 1 0 0 0 0 0 0 0 1 0 0 0 0 0 0 0 0 0 1 0 0 0 1 0 0 0 0 0 0 0 0 0 0 1 2 10 0 0 1 0 1 0 0 0 1 0 0 0 0 0 0 0 0 0 1 0 0 0 0 0 0 0 0 0 6 0 0 0 3 4 0 0 0 0 0 0 0 0 0 0 1 0 1 2 1 1 0 0 0 1 2 1 1 0
387 8 7 11 0 11 4 8 9 8 5 3 8 12 7 3 13 0 0 6 4 5 10 0 18 5 13 15 6 3 0 0 11 6 9 0 7 15 0 17 0 0 1 0 0 0 0 0 0 0 0 0 0 0 0 0 0 0 0 1 0 0 8 10 7 0 0 5 0 1 0 0 1 0 0 0 1 0 0 0 0 0 0 5 0 0 1 0 3 0 0 0 0 1 0 0 0 0 0 0 0 1 0 1 8 0 0 3 0 0 1 1 1 2 1 0 0 0 0 0 1 0 0 0 0 0 0 0 0 1 0 0 10 0 10 0 0 0 0 9 5 0 15 0 0 0 0 1 0 0 0 0 0 0 0 0 1 0 0 0 0 0 0 0 1 0 0 0 0 0 0 0 0 1 0 0 0 0 0 1 2 9 0 0 3 1 2 0 0 0 1 1 0 0 0 0 0 0 0 0 1 0 0 0 0 1 0 0 0 0 5 0 0 0 9 8 0 0 0 0 0 0 0 1 0 0 1 0 1 0 0 1 0 0 0 1 1 2 0 0
30 0 0 0 0 1 0 0 0 0 0 0 0 0 0 0 2 0 0 0 0 0 1 0 1 1 1 1 1 0 0 0 0 0 2 0 1 1 0 0 0 0 0 0 0 0 0 0 0 0 0 0 0 0 0 0 0 1 0 0 0 0 0 1 1 0 0 0 0 0 0 0 0 0 0 0 0 0 0 0 0 0 0 0 0 0 0 0 0 0 0 0 0 0 0 0 0 0 0 0 0 0 0 0 0 0 0 1 0 0 0 0 0 1 0 0 0 0 0 1 0 0 0 0 0 0 0 0 0 0 0 0 0 0 2 0 0 0 0 0 0 0 2 0 0 0 0 0 0 0 0 0 0 0 0 0 0 0 0 0 0 0 0 0 0 0 0 0 0 0 0 0 0 0 0 0 0 0 0 0 0 0 0 0 0 0 0 0 0 0 0 0 0 0 0 0 0 0 0 0 0 0 0 0 0 0 0 0 0 0 0 0 0 0 1 1 0 0 0 0 0 0 0 0 0 0 0 0 0 0 0 0 0 0 0 0 0 1 0 0
47 1 0 1 0 1 0 1 0 0 1 0 0 2 3 1 2 1 0 1 0 0 0 0 1 1 3 2 1 0 0 0 0 2 2 0 1 2 0 2 0 0 0 0 0 0 0 0 0 0 0 0 0 0 0 0 0 0 0 0 0 0 1 2 1 0 0 0 0 0 0 0 0 0 0 0 0 0 0 0 1 0 0 0 0 0 0 0 0 0 0 0 0 0 0 0 0 0 0 0 0 0 0 0 0 0 0 1 0 0 0 0 0 0 0 0 0 0 0 0 0 0 0 0 0 0 0 0 0 0 0 0 1 0 3 0 0 0 0 0 0 0 4 0 0 0 0 0 0 0 0 0 0 0 0 0 0 0 0 0 0 0 0 0 0 0 0 0 0 0 0 0 0 0 0 0 0 0 0 0 1 1 0 0 0 0 0 0 0 0 0 0 0 0 0 0 0 0 0 0 0 0 0 0 0 0 0 0 0 0 0 0 0 0 2 1 0 0 0 0 0 0 0 0 0 0 0 0 0 0 0 0 0 0 0 0 1 1 0 0
186 7 6 6 0 9 2 4 4 4 4 3 5 9 3 3 11 1 0 3 4 4 5 0 13 2 12 8 5 1 0 0 9 5 7 0 3 4 0 11 0 0 0 0 0 1 0 0 1 1 0 0 1 1 2 0 0 0 0 1 0 0 2 5 6 0 0 2 0 1 0 0 0 0 0 0 0 0 0 0 0 0 0 7 0 0 1 0 1 0 0 0 0 1 0 1 0 0 0 0 0 1 0 0 2 0 0 1 0 0 0 0 0 0 0 0 0 0 0 0 0 0 0 0 0 0 1 0 0 0 0 0 5 0 6 0 0 0 0 6 0 1 6 0 1 0 0 1 1 0 0 0 0 0 0 0 1 1 0 0 1 0 0 0 2 0 0 0 0 0 0 0 0 0 2 0 0 0 0 1 3 8 0 0 1 0 3 0 0 0 1 1 0 0 0 0 0 0 0 0 1 0 0 0 0 1 0 0 0 0 7 0 0 0 5 1 0 0 0 0 0 0 0 0 0 0 0 0 1 0 0 1 0 0 0 1 1 1 0 0
15 0 2 0 0 0 0 0 0 0 1 0 0 0 0 0 2 0 0 0 2 1 0 0 2 1 1 0 1 0 0 0 1 0 2 0 1 0 0 0 0 0 0 0 0 1 0 0 0 0 0 0 1 0 2 0 0 0 0 0 0 0 0 0 0 0 0 0 0 0 0 0 0 0 0 0 0 0 0 0 0 0 0 1 0 0 0 0 0 0 0 0 0 0 0 0 0 0 0 0 0 0 0 0 1 0 0 1 0 0 0 0 0 0 0 0 0 0 0 0 0 0 0 0 0 0 0 0 0 0 0 0 0 0 1 0 0 0 0 0 0 1 2 0 0 0 0 0 0 0 0 0 0 0 0 0 0 0 0 0 0 0 0 0 1 0 0 0 0 0 0 0 0 0 0 0 0 0 0 0 0 0 0 0 0 0 1 0 0 0 0 1 0 0 0 0 0 0 0 0 0 0 0 0 0 0 0 0 0 0 1 0 0 0 1 0 0 0 0 0 0 0 0 0 0 0 0 0 0 0 0 0 0 0 0 1 0 0 0 0
883 44 31 30 0 44 17 39 23 9 25 12 32 20 17 9 48 0 0 25 29 15 29 2 53 5 39 31 26 9 0 2 18 21 16 0 28 41 2 29 1 0 1 0 0 0 0 0 0 0 0 1 0 0 1 1 0 1 0 2 7 3 23 31 27 1 0 24 0 3 2 2 2 0 1 0 1 1 1 1 0 0 3 23 0 0 8 0 24 0 0 0 0 2 1 3 2 1 0 4 0 0 1 1 38 1 3 1 0 0 0 6 4 1 1 0 0 0 0 1 0 0 1 0 1 0 0 2 1 0 2 0 26 1 44 1 0 1 0 30 21 4 21 0 0 2 1 0 0 2 1 0 0 1 2 2 1 1 0 1 1 1 3 0 2 2 1 1 2 0 1 2 0 1 0 0 0 0 1 1 4 18 0 2 5 2 9 0 0 1 1 1 0 0 0 0 0 0 0 1 2 0 1 1 0 1 1 0 0 1 21 0 0 1 11 21 0 0 2 1 1 0 1 0 1 0 3 3 1 1 0 0 2 0 4 1 4 3 1 3
536 17 12 7 1 18 8 13 10 4 7 7 9 9 8 3 16 0 0 2 8 7 13 0 17 1 13 10 8 3 0 2 11 14 7 0 11 12 0 9 0 0 1 0 0 0 0 0 0 0 0 0 0 0 0 1 0 0 0 1 4 2 1 12 9 0 0 4 0 2 0 0 2 0 2 0 1 0 0 0 0 0 1 9 0 0 1 0 5 0 0 0 0 2 0 0 2 1 0 3 0 0 0 1 8 0 0 3 0 0 0 0 0 0 0 0 0 0 0 0 0 0 1 0 1 0 0 1 1 0 0 0 6 1 9 1 0 1 0 12 1 2 8 0 0 0 0 0 1 1 0 0 0 0 1 1 1 0 0 0 0 0 2 0 1 2 0 1 2 0 1 1 0 0 0 1 0 0 1 1 3 7 0 1 2 1 2 0 0 0 1 0 0 0 0 0 0 0 0 0 1 0 1 1 0 1 1 0 0 0 8 0 0 0 4 5 0 0 0 0 0 0 0 0 1 0 0 1 4 0 0 0 4 0 1 0 1 1 0 0
142 12 8 3 0 12 3 9 5 2 5 4 9 4 2 7 8 0 0 2 4 4 8 0 13 1 9 7 7 2 0 1 4 9 1 0 4 11 0 4 0 0 1 0 0 0 0 0 0 0 0 0 0 0 0 1 0 0 0 1 2 3 4 6 4 1 0 5 0 1 0 1 2 0 0 0 0 0 0 0 0 1 2 3 0 0 1 0 7 0 0 0 0 0 0 1 2 0 0 3 0 0 0 0 7 0 0 2 0 0 0 0 0 0 0 0 0 1 0 0 0 0 0 0 0 0 0 1 1 0 0 0 7 1 8 1 0 0 0 6 2 1 3 0 0 0 0 0 1 0 0 0 0 0 1 1 1 1 0 0 0 1 2 0 0 0 0 1 0 0 1 0 0 0 0 0 0 1 1 0 1 4 0 1 1 0 3 0 0 0 0 0 0 0 0 0 0 0 0 0 0 0 1 0 0 1 0 0 0 0 4 0 2 0 3 9 0 0 0 0 0 0 0 0 1 0 1 0 1 0 0 2 1 0 1 0 0 0 0 0
394 13 10 9 5 16 10 9 11 7 10 5 9 9 7 2 17 0 0 2 9 7 16 1 21 1 14 10 5 4 0 1 11 12 6 0 11 12 0 11 0 0 1 0 0 0 0 0 0 0 0 0 0 0 0 1 0 0 0 1 4 1 2 17 8 0 0 4 0 2 0 0 3 0 0 0 1 0 1 0 0 0 1 9 0 0 1 0 5 0 0 0 0 1 0 0 3 1 0 3 0 0 0 2 11 2 0 0 0 0 0 0 0 0 2 0 0 0 0 0 0 0 1 0 0 0 0 1 2 0 0 0 7 1 6 1 0 0 0 12 4 1 9 0 0 0 0 0 0 1 0 0 0 0 2 1 1 0 0 0 0 1 2 1 1 1 0 1 0 0 1 1 0 0 0 1 0 0 1 1 3 9 0 1 5 1 2 0 0 0 1 2 0 0 0 0 2 0 0 0 1 1 1 2 0 1 1 0 0 1 10 0 0 0 6 6 0 0 0 1 0 0 0 0 1 0 0 0 0 0 2 0 1 0 1 0 1 1 0 0
139 9 5 5 4 12 5 5 6 4 3 2 9 6 2 2 7 0 0 2 6 3 7 0 11 1 8 5 2 4 0 0 13 5 2 0 4 6 0 3 0 0 1 0 0 0 0 0 0 1 0 0 0 0 0 1 0 0 0 1 1 0 2 7 3 0 0 2 0 3 0 0 2 0 0 0 0 0 0 0 0 0 0 4 0 0 0 0 3 0 0 0 0 0 0 1 2 0 0 2 0 0 0 0 11 1 0 1 0 0 0 0 0 0 1 0 0 0 0 0 0 0 0 0 0 0 0 1 1 0 0 0 8 1 1 1 0 0 0 7 3 0 6 0 0 0 0 0 0 0 0 0 0 0 2 0 1 0 0 0 0 1 2 1 0 0 0 1 0 0 0 0 0 0 0 0 0 0 1 0 0 4 0 0 1 0 1 0 0 1 1 1 0 0 0 0 1 0 0 0 1 1 1 0 0 0 0 0 0 1 7 0 0 0 0 4 0 0 0 1 0 0 0 0 1 0 0 0 0 0 1 0 0 0 1 1 0 0 0 0
402 17 9 9 0 12 7 9 12 4 8 5 11 11 9 2 13 0 0 2 10 9 13 0 19 1 21 10 11 2 0 1 7 16 8 0 8 16 0 10 0 0 1 0 0 0 0 0 0 0 1 0 0 0 0 1 0 0 0 1 3 1 3 15 7 0 0 4 0 2 0 0 3 0 0 0 1 0 1 0 0 0 1 8 0 0 1 0 7 0 0 0 0 1 0 0 2 1 0 3 0 0 0 1 13 0 0 0 0 0 0 0 0 0 0 0 0 0 0 1 0 0 1 0 0 0 0 1 1 0 0 0 8 1 10 2 0 0 0 8 1 1 5 0 0 0 0 0 0 2 0 0 0 0 2 1 1 0 0 0 0 0 2 0 2 1 0 1 0 0 1 1 0 0 0 0 0 0 1 1 2 11 0 1 2 1 3 0 0 1 1 0 0 0 0 0 0 0 0 0 1 0 1 1 0 1 1 0 0 1 12 0 0 0 7 9 0 0 0 1 1 0 0 0 1 0 1 1 0 1 0 0 2 0 2 0 1 1 0 0
560 24 13 13 2 28 10 18 16 9 13 5 23 11 9 6 32 0 0 24 16 13 11 1 35 2 21 15 10 3 0 1 10 15 5 0 24 26 1 18 4 1 1 0 0 1 0 0 0 0 0 0 2 1 1 1 0 4 0 1 2 1 10 14 18 0 0 21 0 1 1 0 1 0 1 0 1 2 0 1 0 0 2 14 0 0 4 0 9 0 0 1 0 0 0 2 1 0 0 2 0 0 2 0 24 0 2 10 0 0 0 5 1 1 0 2 1 0 4 0 0 0 1 0 0 1 0 3 0 2 1 0 18 5 27 1 0 0 0 15 14 2 8 0 5 1 0 0 0 2 2 0 0 1 1 3 0 1 0 1 1 1 3 0 3 1 0 0 5 0 3 0 0 1 0 0 3 1 0 0 7 9 1 1 2 1 5 2 0 4 1 1 1 0 0 2 0 0 0 1 1 0 1 1 0 1 2 0 0 0 10 0 0 1 5 17 0 0 1 1 0 0 0 0 2 0 0 3 0 0 0 0 2 0 1 1 2 1 0 3
357 7 10 8 1 10 3 10 9 8 8 2 7 7 4 1 16 0 1 7 11 5 6 3 21 2 14 9 4 3 1 0 6 11 4 0 8 11 0 7 1 0 2 0 0 1 0 1 0 0 0 0 2 0 0 1 0 1 0 1 1 0 5 11 8 0 0 13 0 0 0 0 1 0 0 0 1 1 0 0 0 0 1 7 0 0 0 0 10 0 0 1 0 0 0 0 2 0 1 2 0 0 1 0 8 0 0 0 0 0 0 2 0 0 0 2 0 0 2 0 0 0 1 0 0 1 0 1 0 1 0 0 7 1 10 1 0 0 0 5 3 1 8 0 1 1 0 0 0 1 1 0 0 1 1 6 0 0 2 0 0 1 2 0 0 0 0 0 4 0 4 1 0 1 0 0 0 2 0 0 2 6 0 0 0 0 2 0 0 2 0 0 1 0 0 1 0 0 0 0 0 0 1 0 0 0 2 0 0 0 2 0 0 0 5 10 0 0 1 1 1 0 0 0 2 0 0 0 0 2 0 0 2 0 1 0 0 0 0 0
160 8 5 4 1 7 3 9 5 5 3 3 7 6 0 2 6 0 1 5 6 7 6 1 10 2 4 4 6 3 0 0 5 10 1 0 7 6 0 1 1 0 1 0 0 1 0 0 0 0 0 0 2 0 0 1 0 1 0 1 1 0 3 6 3 0 0 5 0 0 0 0 1 0 0 0 0 0 0 0 0 0 1 4 0 0 0 0 3 0 0 1 0 0 0 0 2 0 1 2 0 0 1 0 10 0 0 0 0 0 0 1 0 0 0 2 0 0 2 0 0 0 0 0 0 1 0 0 0 0 0 0 3 0 6 1 0 0 0 9 0 0 6 0 0 0 0 0 0 0 0 0 0 1 1 3 0 0 0 0 0 1 2 0 0 1 0 0 2 1 2 0 0 0 0 0 0 0 0 0 1 4 0 0 1 0 1 0 0 2 1 0 1 0 0 2 0 0 0 0 0 0 1 0 0 0 1 0 0 0 2 0 1 0 1 6 0 0 0 0 1 0 0 0 2 0 0 0 1 1 1 0 2 0 1 0 0 0 0 0
539 18 9 10 1 26 8 16 11 5 13 3 20 10 8 6 25 0 0 12 15 10 9 1 23 2 14 11 8 3 0 1 13 12 3 0 12 15 1 8 1 0 1 0 0 1 0 0 0 0 0 0 1 0 1 1 0 0 0 1 1 1 6 9 11 0 0 13 0 1 0 0 1 0 1 0 1 2 0 1 0 0 3 9 0 0 4 0 6 0 0 0 0 0 0 1 1 0 0 2 0 0 1 0 21 0 1 2 0 0 0 3 1 1 0 0 1 0 1 0 0 0 0 0 0 0 0 1 0 0 1 0 12 0 20 1 0 0 1 15 9 0 10 0 0 0 0 0 0 2 0 0 0 1 1 2 0 1 0 1 0 0 2 0 1 0 0 0 2 0 1 0 0 1 0 0 0 0 0 0 2 7 0 1 2 1 4 0 0 1 2 1 0 0 0 1 0 0 0 0 1 0 1 1 0 1 1 0 0 0 9 0 0 1 2 10 0 0 0 1 0 0 0 0 0 0 0 0 0 1 1 0 2 0 1 2 2 1 0 1
1137 30 24 18 2 35 10 23 21 11 15 8 31 11 8 6 23 0 1 15 18 10 12 3 30 1 22 20 13 5 1 1 16 11 5 0 13 31 1 22 0 0 0 0 0 0 0 0 0 0 0 0 0 0 1 0 0 1 0 0 3 2 11 16 29 0 0 13 0 1 1 0 0 0 1 0 0 1 0 1 0 0 1 14 0 2 5 0 18 0 0 0 0 0 0 2 0 0 0 1 0 0 0 0 37 0 2 0 0 0 0 3 3 1 0 1 0 0 0 0 0 0 0 0 0 0 0 0 0 0 2 0 30 0 46 1 0 0 1 19 24 1 9 0 0 1 0 0 1 2 0 1 0 0 0 0 1 2 0 2 1 0 1 0 1 0 1 1 4 0 0 0 0 0 0 1 0 0 0 0 4 13 0 1 3 1 4 0 0 0 1 1 0 0 0 0 0 0 0 1 1 1 0 1 0 2 0 0 0 1 12 0 0 1 7 13 0 0 0 1 0 0 0 0 0 0 0 4 0 0 2 1 0 1 0 2 2 1 0 2
505 22 14 13 1 23 9 16 14 7 7 7 22 8 7 3 17 0 0 10 13 8 7 1 19 2 14 12 6 2 0 0 10 12 4 0 9 23 1 13 0 0 1 0 0 0 0 2 0 0 0 0 0 0 1 0 0 0 0 0 3 0 10 7 14 0 0 10 0 1 0 0 0 0 1 0 0 1 0 1 0 0 1 8 0 0 3 0 16 0 0 0 0 0 0 1 0 0 0 0 0 0 0 0 20 0 1 0 0 0 0 2 3 1 0 0 0 0 0 0 0 0 0 0 0 0 0 1 0 2 2 0 12 0 31 0 0 0 0 13 15 2 4 0 0 2 0 0 1 1 0 1 0 0 1 0 0 1 0 1 0 0 1 0 2 0 1 0 4 0 0 0 0 0 0 1 0 0 0 0 4 10 0 1 3 0 4 0 0 0 1 1 0 0 0 0 0 0 0 0 1 1 1 1 0 2 0 0 0 0 9 0 1 1 8 11 0 0 0 1 0 0 0 0 0 0 2 1 0 0 2 1 0 2 0 2 2 1 1 1
169 8 4 4 1 6 1 4 4 3 2 2 3 3 5 0 3 0 0 1 6 2 1 0 7 2 7 4 0 0 0 0 6 5 4 0 2 9 0 3 0 0 0 0 0 0 0 0 0 1 0 0 0 0 0 0 0 0 0 0 1 0 3 2 5 0 0 1 0 0 0 0 0 0 0 0 0 0 0 0 0 0 0 0 0 0 0 0 6 0 0 0 0 0 0 0 0 0 1 0 0 0 0 1 8 0 1 0 0 0 0 0 1 0 1 0 0 0 0 0 0 0 0 0 0 0 0 0 0 3 1 0 2 0 10 0 0 0 0 2 3 0 0 0 1 1 0 0 1 0 1 0 0 0 0 0 0 1 0 1 0 0 0 1 0 0 0 0 2 0 0 1 0 0 0 1 0 0 0 0 0 7 0 0 1 0 1 0 0 0 0 0 0 0 0 0 0 0 0 0 0 1 0 0 0 0 0 0 0 0 2 0 0 0 3 5 0 0 0 0 0 0 0 0 0 0 1 1 0 1 1 1 0 2 0 1 1 0 0 0
79 9 1 4 0 1 1 2 2 5 0 1 2 1 2 0 2 0 0 0 4 0 0 0 2 2 3 2 0 1 0 0 1 4 0 0 1 4 0 1 0 0 0 0 0 0 0 0 0 0 0 0 0 0 0 0 0 0 0 0 0 0 1 3 2 0 0 0 0 0 0 0 0 1 0 0 0 0 0 0 0 0 0 0 0 0 0 0 4 0 0 0 0 0 0 0 0 0 1 0 0 0 0 2 5 0 0 1 0 0 0 0 0 0 1 0 0 0 0 0 1 0 0 0 0 0 0 0 0 2 1 0 1 0 1 0 0 0 0 0 0 0 1 0 0 1 0 0 0 0 1 0 0 0 0 0 0 1 0 0 0 0 0 0 0 0 0 0 0 0 0 0 0 0 0 1 0 0 0 0 1 6 0 0 0 0 2 0 0 0 0 0 0 0 0 0 0 0 0 0 0 0 0 0 0 0 0 0 0 0 1 0 0 0 2 3 0 0 0 0 0 0 0 0 0 0 1 2 0 1 0 1 0 1 0 1 1 0 0 0
949 33 38 34 2 33 10 29 20 8 19 6 28 15 10 7 39 1 0 20 17 10 17 3 47 2 32 25 21 7 1 1 12 14 4 0 18 26 1 26 0 0 2 0 0 0 0 0 0 0 0 0 2 1 1 0 0 1 0 0 2 2 16 28 28 0 0 22 0 3 1 0 0 0 1 0 0 4 0 1 1 0 1 16 0 0 4 0 24 0 1 1 0 0 0 3 0 0 0 1 0 0 0 1 35 2 3 0 0 0 1 4 1 1 0 0 0 0 0 0 0 0 1 0 0 0 0 1 0 0 3 0 31 0 36 0 0 1 0 22 27 0 7 0 1 3 3 2 0 1 2 0 0 1 0 0 1 2 2 1 0 1 6 0 1 0 0 0 4 0 1 1 0 1 0 1 0 0 0 1 4 10 0 1 4 1 4 0 0 0 2 1 0 0 0 0 0 0 0 1 1 1 0 1 0 1 0 0 0 1 15 0 1 1 4 24 1 0 0 1 0 0 0 0 0 0 2 5 3 1 0 0 0 0 1 8 3 2 0 2
14 0 3 3 1 1 0 0 1 1 0 0 0 0 0 0 1 0 0 1 0 0 0 0 6 0 3 4 0 0 0 0 1 1 0 0 2 0 0 3 1 0 2 0 0 0 1 0 0 0 0 0 2 0 0 0 0 0 1 0 0 0 1 2 2 0 0 4 0 0 0 0 0 0 0 0 0 0 0 0 0 0 0 0 0 0 0 0 1 0 0 0 0 0 0 1 0 0 0 0 0 0 0 0 2 0 0 0 0 0 0 0 0 0 0 0 0 0 0 0 0 0 0 0 0 0 0 0 0 0 0 0 0 0 1 0 0 0 0 0 1 0 1 0 0 0 1 0 0 0 0 0 0 2 0 0 0 0 0 0 0 0 0 0 0 0 0 0 0 0 0 1 0 0 0 0 0 0 0 0 0 0 0 0 0 0 1 0 0 0 0 0 0 0 0 0 0 0 0 0 0 0 0 0 0 0 0 0 0 0 0 0 0 0 0 4 0 0 0 0 0 0 0 0 1 0 0 0 0 1 0 0 0 0 0 1 0 0 0 0
21 2 6 6 1 1 0 3 2 3 1 1 1 2 3 0 5 0 0 4 3 0 0 0 7 2 5 5 1 1 0 0 1 3 5 0 2 3 0 4 0 0 1 0 0 0 0 0 0 0 0 0 2 0 0 0 0 0 0 0 1 1 1 4 4 0 0 5 0 0 0 0 0 0 0 0 0 0 0 0 0 0 0 0 0 0 0 0 2 0 0 0 0 0 0 1 0 0 0 0 0 0 0 0 2 0 0 0 0 0 0 0 0 0 0 0 0 0 0 0 0 0 0 0 0 0 0 0 0 1 1 0 2 0 6 0 0 0 0 2 4 0 3 0 0 0 2 1 1 0 0 0 0 1 0 0 1 0 0 0 0 0 0 0 0 0 0 1 0 0 1 1 0 0 0 0 0 0 0 0 0 1 0 0 1 0 0 0 0 0 0 0 0 0 0 0 0 0 0 1 0 0 0 0 0 0 0 0 0 0 0 0 0 0 0 7 0 0 0 0 0 0 0 0 0 0 0 0 0 1 0 0 0 0 0 1 1 0 0 0
568 17 15 13 0 15 8 17 4 6 4 4 8 9 4 4 15 1 0 3 6 6 10 0 19 1 13 8 11 4 1 1 7 8 4 0 7 11 0 10 0 0 1 0 0 0 0 0 0 1 0 1 2 0 2 0 0 0 0 1 1 0 4 15 6 0 0 7 0 4 0 0 0 0 0 0 0 0 0 0 0 0 1 6 0 0 0 0 4 0 0 1 0 0 0 1 0 0 0 0 0 0 0 1 11 1 0 4 0 0 0 0 0 0 0 0 0 0 0 0 1 0 0 0 0 0 0 0 0 0 1 0 9 0 8 1 0 0 0 9 5 2 6 0 0 0 2 0 0 0 0 0 0 1 0 0 0 0 0 0 1 1 1 0 1 0 0 0 2 0 0 0 1 1 1 0 0 0 0 1 4 10 0 0 3 1 1 0 0 0 1 0 0 0 0 0 0 0 0 0 1 1 0 1 0 1 0 0 0 0 9 0 0 0 1 5 0 0 0 0 0 0 0 0 0 0 2 1 2 0 1 0 2 0 1 3 1 0 2 0
1773 37 40 31 1 36 12 30 35 12 33 12 31 13 17 21 43 0 0 32 20 14 22 4 47 4 45 40 21 8 0 0 13 14 7 0 33 49 3 36 1 0 0 0 0 0 0 0 0 0 0 0 0 0 1 0 1 1 0 1 1 2 18 32 43 0 0 33 0 0 2 1 0 0 1 0 0 2 1 1 0 0 2 19 0 0 7 0 28 0 0 0 0 0 1 3 0 0 1 1 0 0 0 0 41 1 3 0 0 0 0 4 2 1 0 0 0 0 0 0 0 0 0 0 0 0 0 3 0 0 2 0 36 0 48 0 0 0 0 21 34 4 4 0 0 0 0 0 0 1 0 0 1 1 0 0 0 2 0 1 0 0 1 2 1 1 0 2 1 0 0 2 0 1 1 1 0 0 0 1 4 11 0 1 4 2 12 0 0 1 0 1 0 0 1 0 0 0 0 1 0 0 0 0 0 0 0 0 0 1 16 0 0 1 12 38 0 0 0 0 0 0 0 0 0 0 1 3 1 0 1 0 0 0 0 1 2 1 0 3
183 9 9 9 0 2 2 4 7 2 4 8 4 3 0 5 13 0 0 5 3 3 6 0 11 0 8 9 4 2 0 0 3 7 3 0 7 3 0 8 1 0 0 0 0 0 0 0 0 0 0 0 0 0 0 0 1 0 0 0 0 0 6 11 12 0 0 5 0 0 0 0 0 0 0 0 1 0 1 0 0 0 0 3 0 0 0 0 5 0 0 0 0 0 0 0 0 0 0 0 0 0 0 0 5 0 0 0 0 0 0 0 0 0 0 0 0 0 0 0 0 0 0 0 0 0 0 0 0 0 0 0 5 0 4 0 0 0 0 3 6 0 0 0 0 0 0 0 0 0 0 0 0 0 0 0 0 0 0 0 0 0 0 0 0 0 0 0 0 0 0 0 0 0 1 0 0 1 0 1 1 5 0 0 1 0 5 0 0 0 0 0 0 0 0 0 0 0 0 0 1 0 0 1 0 1 0 0 0 0 3 0 0 0 4 6 0 0 0 0 0 0 0 0 0 0 1 0 0 0 0 1 1 0 0 0 0 0 0 1
255 6 13 15 0 2 4 7 11 5 8 12 2 5 6 13 19 1 0 9 6 3 4 0 23 0 17 18 5 5 0 0 7 9 7 0 18 6 1 14 0 0 0 0 0 0 0 0 0 0 0 0 0 0 1 0 1 0 0 0 2 1 13 19 16 0 0 10 0 0 0 0 0 0 0 0 0 0 2 0 0 0 0 7 0 0 1 0 8 0 0 0 0 0 0 0 0 0 0 0 0 0 1 0 4 1 0 1 0 0 0 1 1 0 0 1 0 0 2 0 0 0 0 0 0 0 0 2 0 0 1 0 7 0 9 0 0 0 0 4 13 0 2 0 0 1 0 0 0 0 0 0 0 0 0 0 0 1 0 0 0 1 0 0 0 0 0 0 0 0 0 0 0 2 1 0 0 0 0 0 5 8 0 0 0 0 4 1 0 0 0 2 0 0 1 0 0 0 0 0 0 0 0 0 0 0 0 0 0 0 3 0 1 0 8 14 0 0 0 0 0 0 0 0 1 0 1 0 1 0 0 0 1 0 0 0 0 0 0 2
214 10 13 12 1 1 5 3 11 1 8 11 4 7 3 12 13 0 0 7 5 5 8 0 15 0 15 16 6 6 0 1 2 9 3 1 11 4 1 11 0 0 0 0 0 0 0 0 0 0 0 0 1 0 0 0 1 0 0 0 0 0 6 15 15 0 0 7 0 0 1 0 2 0 0 0 1 1 2 0 2 0 0 7 0 1 1 0 5 0 0 3 0 0 0 0 0 0 0 0 0 0 1 0 4 0 0 0 0 0 0 0 1 0 1 1 0 0 0 0 0 0 0 0 0 0 0 1 1 1 0 0 9 0 5 0 0 0 0 3 7 1 0 0 0 1 0 0 0 0 1 1 1 0 0 0 3 2 1 0 0 0 0 0 0 0 0 1 0 0 0 0 0 1 1 0 0 0 0 1 2 7 0 0 2 0 4 0 1 0 0 0 0 0 0 0 0 0 0 0 0 0 0 0 0 0 0 0 0 0 4 0 1 0 7 15 0 0 2 0 0 0 0 0 0 0 0 0 1 0 0 0 0 0 0 0 1 0 0 1
348 15 16 13 0 20 4 10 14 5 15 7 16 6 5 16 22 0 0 14 8 9 12 1 30 1 15 17 9 3 1 0 6 12 4 0 14 14 2 15 1 0 0 0 0 0 0 0 0 0 0 0 0 0 1 0 1 0 0 0 1 0 9 11 22 0 0 11 0 0 0 0 0 0 1 1 0 1 0 1 0 0 1 8 0 0 4 0 8 0 0 0 0 0 0 1 0 0 0 0 0 0 0 0 21 0 2 0 0 0 0 2 3 2 0 0 0 0 0 0 0 0 0 0 0 0 0 2 2 0 1 0 15 0 27 0 0 0 0 11 19 0 4 0 0 0 1 0 0 1 0 0 0 0 1 0 0 1 0 0 0 0 1 0 1 0 0 0 1 0 0 0 0 1 1 0 0 0 0 1 1 8 0 1 3 2 6 0 0 0 0 1 0 0 0 0 0 0 0 0 0 0 0 0 0 0 1 0 0 1 9 0 0 1 7 19 0 0 0 0 0 0 0 0 0 0 2 4 2 0 3 0 0 0 0 1 2 1 0 2
300 11 18 21 0 4 4 3 14 5 13 11 15 7 6 14 23 0 1 13 2 7 14 4 25 1 19 14 10 7 0 0 1 10 5 1 23 10 2 15 1 0 0 0 0 0 0 0 0 1 0 0 1 0 1 0 1 1 0 0 0 1 13 20 20 0 0 12 1 0 0 0 0 0 0 0 0 1 0 0 0 0 1 6 0 0 2 0 8 0 1 0 0 0 0 1 0 0 0 0 0 0 0 0 15 0 0 0 0 0 1 0 1 1 0 0 1 0 0 0 0 0 1 0 0 0 0 2 1 0 1 0 12 0 21 0 0 0 0 13 19 0 2 0 0 0 0 1 0 1 0 0 0 0 2 0 1 1 0 0 0 0 0 0 3 5 0 0 1 0 0 0 0 0 1 0 0 0 0 1 0 4 0 0 3 0 7 0 0 0 0 0 0 0 1 0 0 0 0 0 0 0 0 0 0 0 0 0 0 0 10 0 0 1 6 18 0 0 0 0 0 0 0 0 2 0 2 1 1 0 1 0 0 2 0 1 1 1 0 2
326 9 14 15 0 6 7 11 11 3 9 14 12 6 8 13 19 0 0 13 5 6 10 1 26 0 17 14 11 5 0 0 5 8 10 0 15 11 2 13 2 0 0 0 0 0 0 0 0 0 0 0 0 0 1 0 1 0 0 0 1 0 8 14 16 0 0 9 0 0 0 2 0 0 0 0 1 1 1 0 0 0 1 7 0 0 2 0 6 0 0 0 0 0 1 0 0 0 0 0 0 0 0 0 14 0 0 0 1 0 0 0 1 2 0 0 0 0 0 0 0 0 0 0 0 0 0 2 0 1 1 0 13 0 20 0 0 1 0 11 17 0 6 0 0 1 0 0 0 1 0 0 0 0 0 0 0 1 0 0 0 0 0 0 1 0 1 0 1 0 0 0 0 0 1 0 0 0 0 1 1 4 0 1 3 0 5 0 0 0 0 0 0 0 0 0 0 0 0 0 1 0 0 0 0 0 0 0 0 0 8 0 0 1 7 17 0 0 0 0 0 0 0 0 1 0 1 0 2 0 0 1 0 0 1 0 1 1 0 1
1110 34 26 12 3 32 8 22 16 14 24 14 28 7 9 20 15 1 0 23 19 13 16 6 28 2 18 15 22 8 4 0 11 19 8 5 10 36 4 16 1 0 3 0 0 0 0 0 0 1 0 0 1 0 1 0 2 2 0 0 0 1 10 13 23 1 1 20 0 0 2 0 0 0 1 0 0 1 0 1 0 0 1 12 0 0 4 0 13 0 0 0 0 1 0 1 0 0 1 1 0 0 0 0 39 0 4 1 0 0 0 5 1 1 0 0 0 0 0 0 0 0 0 0 0 0 0 0 0 2 1 0 35 0 39 1 0 0 0 16 21 2 8 0 0 0 1 0 0 1 0 0 0 0 0 0 0 1 0 1 0 0 1 0 2 0 0 1 1 0 0 0 0 0 0 0 0 1 0 1 3 14 0 1 4 0 11 0 0 1 0 1 0 0 1 0 0 0 0 1 0 0 0 0 0 0 0 0 0 1 13 0 1 1 8 11 0 0 0 0 0 0 0 0 1 0 0 2 2 1 1 1 0 0 1 1 2 2 0 2
144 3 7 4 1 7 1 6 3 4 8 4 3 0 1 2 3 0 0 6 4 2 1 3 7 1 3 3 4 4 3 0 4 6 3 4 2 11 1 0 0 0 2 0 0 0 0 0 0 1 0 0 1 0 0 0 0 1 0 0 1 0 3 3 3 0 1 3 0 0 0 0 0 0 0 0 0 0 0 0 0 0 0 1 0 0 0 0 2 0 0 0 0 0 0 1 0 0 1 0 0 0 0 0 8 0 2 1 0 0 0 0 0 0 0 0 1 0 0 0 0 0 0 0 0 0 0 0 0 1 1 0 8 0 7 1 0 0 0 1 3 1 6 0 0 0 1 0 0 0 0 0 0 0 0 0 0 0 0 0 0 1 0 0 0 1 0 0 0 0 0 0 0 0 0 0 0 0 0 0 0 7 0 0 0 0 2 0 0 0 0 0 0 0 0 0 0 0 0 0 0 0 0 0 0 0 0 0 0 0 1 0 0 0 1 1 0 0 0 0 0 0 1 0 0 0 0 0 3 1 0 1 0 1 1 0 0 0 0 0
9 1 0 0 0 0 0 1 2 0 0 1 0 0 0 0 2 0 0 1 0 0 0 0 1 1 0 1 0 0 0 0 0 1 0 0 2 3 0 0 0 0 0 0 0 0 0 0 0 0 0 0 0 0 0 0 0 1 0 0 1 0 0 0 0 0 0 0 0 0 0 0 0 0 0 0 0 0 0 0 0 0 0 0 0 0 0 0 0 0 0 0 0 0 0 0 0 0 0 0 0 0 0 0 0 0 0 1 0 0 0 0 0 0 0 0 1 0 0 0 0 0 0 0 0 0 0 0 0 0 0 0 0 0 1 0 0 0 0 0 0 0 1 0 0 0 0 0 0 0 0 0 0 0 0 0 0 0 0 0 0 1 0 0 0 1 0 0 0 0 0 0 0 0 0 0 0 0 0 0 0 0 0 0 0 0 0 0 0 0 0 0 0 0 0 0 0 0 0 0 0 0 0 0 0 0 0 0 0 0 0 0 0 0 1 0 0 0 0 0 0 0 0 0 0 0 0 0 0 0 0 0 0 0 0 0 0 0 0 0
391 24 14 13 0 27 6 19 13 4 10 11 17 4 6 17 17 1 0 14 12 13 18 2 21 1 17 8 16 6 0 0 9 16 6 1 10 21 2 10 0 0 1 0 0 0 0 0 0 1 0 0 1 0 1 0 1 1 0 1 2 0 13 14 12 1 1 12 0 2 0 0 0 0 1 0 0 2 0 1 0 0 1 7 0 0 6 0 4 0 0 1 0 0 0 2 0 0 2 0 0 0 0 0 30 1 2 0 0 0 0 4 4 1 0 0 0 0 0 0 0 0 0 0 0 0 0 0 0 0 1 0 23 0 30 1 0 0 0 17 14 2 3 0 0 0 0 0 0 1 0 0 0 0 0 0 0 1 0 0 0 0 2 0 2 0 0 0 1 2 0 0 0 2 0 0 0 0 0 1 2 11 0 1 3 0 9 1 0 0 1 1 0 0 1 0 0 0 0 0 0 0 0 0 0 0 0 0 0 0 13 0 0 1 8 13 0 0 0 2 0 0 0 0 0 0 1 0 0 0 0 1 0 0 1 1 1 1 0 1
24 2 5 5 0 7 2 1 3 2 1 1 1 1 0 1 2 0 0 3 0 3 2 1 6 1 4 4 4 1 0 0 4 3 1 1 3 7 0 0 0 0 1 0 0 0 0 0 0 0 0 0 0 0 0 0 0 0 0 0 2 0 4 6 1 0 1 3 0 1 0 0 0 0 0 0 0 1 0 0 0 0 0 0 0 0 3 0 0 0 0 2 0 0 0 0 0 0 0 0 0 0 0 0 3 1 1 0 0 0 0 0 2 0 0 0 0 0 0 0 0 0 0 0 0 0 0 0 0 0 0 0 4 0 8 0 0 0 0 1 2 1 2 0 0 0 0 0 0 0 0 0 0 0 0 0 0 0 0 0 0 0 0 0 0 0 0 0 0 0 0 0 0 1 0 1 0 0 0 0 3 2 0 0 0 0 1 0 0 0 0 0 0 0 1 0 0 0 0 0 0 0 0 0 0 0 0 0 1 0 2 0 0 0 2 3 0 0 0 1 0 0 0 0 0 0 0 0 0 0 0 2 0 0 0 0 0 0 0 0
71 8 6 8 0 10 3 13 4 3 5 3 1 2 0 3 2 1 0 5 4 5 5 1 9 1 5 3 7 10 0 0 3 5 1 1 4 10 0 2 0 0 1 0 0 0 0 0 0 1 0 0 1 0 0 0 0 1 0 0 2 1 8 7 3 1 1 6 0 2 0 0 0 0 0 0 0 1 0 0 0 0 0 1 0 0 2 0 2 0 0 1 0 0 0 0 0 0 2 0 0 0 0 0 12 1 1 0 0 0 0 0 3 0 0 0 0 0 0 0 0 0 0 0 0 0 0 0 0 0 0 0 6 0 11 1 0 0 0 2 5 2 4 0 0 0 0 0 0 1 0 0 0 0 0 0 0 1 0 0 0 0 0 0 0 0 0 0 0 0 0 0 0 1 0 0 0 0 0 0 3 10 0 0 0 0 4 0 0 0 1 0 0 0 0 0 0 0 0 0 0 0 0 0 0 0 0 0 0 0 5 0 0 0 0 5 0 0 0 2 0 0 0 0 0 0 1 0 0 0 1 1 0 0 0 0 0 0 0 0
188 5 9 7 0 14 4 13 6 2 8 5 3 2 2 5 7 2 0 5 5 8 9 1 11 0 9 5 8 6 0 0 6 6 6 1 6 12 0 5 0 0 1 0 0 0 0 0 0 1 0 0 1 0 0 0 1 1 0 1 2 0 8 8 4 1 1 5 0 1 0 0 0 0 0 0 0 1 0 0 0 0 0 2 0 0 2 0 2 0 0 1 0 0 0 0 0 0 1 0 0 0 0 0 14 1 1 0 0 0 0 0 2 1 0 0 0 0 0 0 0 1 0 0 0 0 0 0 0 0 0 0 11 0 8 1 0 0 0 6 6 2 5 0 0 0 0 0 0 0 0 0 0 0 0 0 1 0 0 0 1 1 0 1 1 0 0 0 0 0 0 0 0 1 0 0 0 0 0 0 1 7 0 0 0 0 3 0 0 1 1 0 0 0 1 1 0 0 0 0 0 0 0 0 0 0 0 0 0 0 6 0 0 0 3 4 0 1 0 2 0 0 1 0 0 0 0 0 0 0 1 2 0 0 2 0 1 0 1 0
14 0 3 2 0 1 3 1 1 0 3 1 0 0 1 2 2 1 0 1 1 2 1 0 4 0 4 1 2 1 0 0 1 1 1 0 4 1 0 1 0 0 0 0 0 0 0 0 0 0 0 0 0 0 0 0 0 0 0 0 2 0 3 2 2 0 0 0 0 0 0 0 0 0 0 0 0 1 0 0 0 0 0 0 0 0 2 0 1 0 0 0 0 0 0 0 0 0 0 0 0 0 0 0 3 0 0 0 0 0 0 0 0 1 0 0 0 0 0 0 0 1 0 0 0 0 0 0 0 0 0 0 0 0 1 0 0 0 0 0 2 0 2 0 0 0 1 0 0 0 0 0 0 0 0 0 0 0 0 0 0 1 0 1 0 0 0 0 0 0 0 0 0 0 0 0 1 0 0 0 1 0 0 0 0 0 3 0 0 0 0 0 0 0 0 0 0 0 0 0 0 0 0 0 0 0 0 0 0 0 1 0 0 0 1 3 0 0 0 1 0 0 0 0 0 0 0 0 0 0 0 0 0 0 0 0 0 0 1 0
11 0 2 1 0 0 3 1 0 0 3 2 0 0 2 3 2 1 0 1 1 1 0 0 5 0 4 1 1 1 0 0 1 1 1 0 3 1 0 1 0 0 0 0 0 0 0 0 0 0 0 0 0 0 0 0 0 0 0 0 2 0 3 2 2 0 0 0 0 0 0 0 0 0 0 0 0 1 0 0 0 0 0 0 0 0 2 0 0 0 0 0 0 0 0 0 0 0 0 0 0 0 0 0 2 0 0 0 0 0 0 0 0 1 0 0 0 0 0 0 0 1 0 0 0 0 0 0 0 0 0 0 0 0 1 0 0 0 0 0 2 0 2 0 0 0 0 0 0 0 0 0 0 1 0 0 0 0 0 0 0 1 0 1 0 0 0 0 0 0 0 0 0 0 0 0 0 0 0 0 1 0 0 0 0 0 2 0 0 0 0 0 0 0 0 0 0 0 0 0 0 0 0 0 0 0 0 0 0 0 0 0 0 0 0 3 0 0 0 1 0 0 1 0 0 0 0 0 0 0 0 0 1 0 0 0 0 0 1 0
331 12 12 10 0 12 6 13 2 2 8 11 7 5 7 16 9 1 0 10 5 10 17 3 18 0 10 4 14 5 0 0 4 9 5 1 8 11 2 8 0 0 1 0 0 0 0 0 0 1 0 0 1 0 2 0 1 2 0 0 1 0 9 7 11 1 2 8 0 2 0 2 0 0 0 0 0 1 1 0 0 0 1 7 0 0 3 0 2 0 0 1 0 0 0 0 0 0 1 1 0 0 0 0 18 1 1 0 0 0 0 0 1 3 0 0 0 0 0 0 0 0 0 0 0 1 0 0 0 0 0 1 16 0 16 1 0 1 0 12 9 1 3 0 0 0 0 1 1 1 0 0 0 0 0 0 0 1 0 0 0 0 0 1 1 0 0 1 1 0 1 0 1 0 0 0 0 0 0 2 1 9 0 0 2 0 5 0 0 0 1 0 0 0 0 0 0 0 0 0 0 1 0 0 1 0 0 0 0 0 11 0 0 1 6 8 0 0 0 1 0 0 0 0 0 0 0 0 0 0 0 1 0 0 0 0 1 2 0 0
398 17 12 8 3 20 5 14 6 3 10 8 20 4 7 19 13 2 2 11 9 13 17 3 23 1 14 6 14 7 0 1 4 10 8 1 13 18 2 10 0 0 3 0 0 0 0 0 1 2 0 0 2 0 1 0 1 1 0 0 0 0 7 7 10 1 1 9 0 0 0 0 0 0 1 0 0 2 0 1 0 0 1 6 0 0 3 0 4 0 0 2 0 0 0 2 0 0 2 1 0 0 0 0 26 0 2 1 0 0 0 3 1 1 0 0 0 0 0 0 0 0 0 0 0 0 1 0 0 1 2 0 21 0 28 1 0 0 0 14 14 2 3 1 0 0 0 0 0 1 0 0 0 1 0 1 0 1 1 0 0 0 1 0 4 0 0 1 1 0 0 0 0 1 0 0 0 1 0 1 1 10 0 4 4 0 10 0 0 0 3 2 0 0 0 0 0 0 0 0 0 0 0 0 1 0 0 0 0 0 11 0 0 1 7 11 0 0 0 0 1 0 0 0 0 0 1 1 2 0 0 1 0 0 0 1 2 1 0 1
421 18 9 7 0 15 2 10 4 5 10 11 13 4 4 14 9 1 1 12 7 9 13 2 12 0 17 4 14 8 0 0 5 9 7 1 9 18 2 10 0 0 1 0 0 0 0 0 0 1 0 0 1 0 2 0 1 1 0 0 0 1 7 6 8 1 1 9 0 0 0 0 0 0 0 0 0 1 0 0 0 0 2 10 0 0 2 0 6 0 0 0 0 0 0 0 1 0 1 0 0 0 0 0 21 0 2 0 0 0 0 3 1 1 0 1 0 0 1 0 0 0 0 0 0 0 0 0 0 0 1 0 16 0 21 1 0 0 0 11 10 2 7 0 0 0 0 0 0 1 1 0 0 0 0 0 0 1 0 0 0 0 0 0 2 0 0 0 1 0 1 0 0 1 0 0 0 0 0 1 0 11 0 1 3 0 6 0 0 1 0 2 0 0 1 0 0 0 0 0 1 0 0 0 0 0 0 0 0 1 9 0 0 1 5 6 0 0 0 0 0 0 0 0 0 0 1 0 0 1 1 1 0 0 0 0 1 2 1 1
68 7 2 2 0 5 1 0 0 0 3 3 1 2 2 1 1 0 1 3 1 1 1 1 3 1 2 0 2 2 0 0 3 2 4 1 0 5 0 2 0 0 1 0 0 0 0 0 0 0 0 0 0 0 1 0 0 0 0 0 0 1 0 3 2 0 1 2 0 0 0 0 0 0 0 0 0 0 0 0 0 0 0 1 0 0 0 0 2 0 0 0 0 0 0 0 0 0 0 0 0 0 0 0 2 0 1 0 0 0 0 0 0 0 0 1 0 0 0 0 0 0 0 0 0 0 0 0 0 0 0 0 3 0 0 0 0 0 0 0 1 2 1 0 0 0 0 0 0 0 1 0 0 0 0 0 0 0 0 0 0 0 0 0 0 0 0 0 0 0 0 0 0 1 0 0 0 0 0 0 1 3 0 0 0 0 1 0 0 1 0 1 0 0 0 0 0 0 0 0 1 0 0 0 0 0 0 0 0 1 1 0 0 0 4 0 0 0 0 0 0 0 0 0 0 0 0 0 0 0 0 1 0 0 0 0 0 1 0 0
388 17 13 9 0 20 7 16 6 3 13 10 18 3 5 16 18 1 0 11 11 11 17 2 21 1 17 7 15 8 0 0 4 11 5 1 10 18 2 13 0 0 1 0 0 0 0 0 0 1 0 0 1 0 1 0 1 1 0 1 2 0 10 9 13 1 1 9 0 2 0 0 0 1 1 0 0 1 1 1 0 0 1 8 0 0 5 0 4 0 0 0 0 0 0 1 0 0 1 0 0 0 0 1 25 1 2 0 0 0 0 2 2 1 1 0 0 0 0 0 0 0 0 0 0 0 0 1 0 0 1 0 22 0 26 1 0 0 0 18 16 2 2 0 0 1 0 0 0 1 0 0 0 0 0 0 1 1 0 0 0 0 2 0 3 0 0 3 1 0 0 1 0 0 0 1 0 0 0 1 0 11 0 1 5 1 8 0 0 0 0 1 1 0 0 0 1 0 0 0 0 0 0 0 0 0 0 0 0 0 12 0 0 1 7 11 0 0 0 0 0 0 0 0 0 0 0 0 2 3 0 2 1 0 0 2 1 1 0 1
48 0 3 2 1 3 1 4 1 0 4 3 2 0 0 3 6 0 0 3 1 1 5 1 6 0 7 3 0 4 0 0 2 2 3 1 3 0 0 4 0 0 2 0 0 0 0 0 0 0 0 0 0 0 0 0 0 0 0 1 2 0 2 3 1 0 1 2 0 1 0 0 0 0 0 0 0 0 0 0 0 0 0 2 0 0 1 0 1 0 0 0 0 0 0 0 0 0 1 0 0 0 0 1 2 1 1 1 0 0 0 0 1 0 0 0 0 0 0 0 0 0 0 0 0 0 0 1 0 0 0 0 6 0 1 0 0 1 0 2 4 1 1 0 0 0 0 0 0 0 0 0 0 1 0 0 1 0 0 0 0 0 1 0 1 0 0 1 0 0 0 0 0 0 0 1 0 0 0 0 0 3 0 0 2 1 1 0 0 0 0 0 0 0 0 0 0 0 0 0 0 0 0 0 0 0 0 0 0 0 1 0 0 0 2 1 0 0 0 0 0 0 0 0 0 0 0 0 1 2 0 1 0 0 0 0 0 0 0 0
566 27 28 13 0 23 7 21 2 13 16 12 19 8 9 17 27 0 0 15 13 18 19 0 24 4 24 16 22 13 1 0 4 12 10 0 20 32 2 14 2 0 0 0 0 0 0 0 1 1 0 0 0 1 1 0 1 1 0 0 0 0 12 21 20 0 1 13 0 3 1 1 0 0 0 0 1 1 0 0 0 0 1 10 0 0 1 0 20 0 0 0 0 0 1 0 1 0 0 0 0 0 0 0 31 0 0 1 1 0 0 1 2 1 0 0 0 0 0 0 0 0 0 0 0 0 0 1 1 2 1 0 23 0 32 3 3 0 1 21 15 3 6 0 1 3 0 0 0 2 0 0 0 2 0 0 0 1 0 0 0 0 1 0 0 1 0 1 3 0 1 0 0 0 0 0 0 0 0 2 1 8 0 2 2 1 12 0 0 0 0 0 0 0 1 0 0 0 0 0 3 2 1 2 0 0 0 0 0 1 18 0 1 1 10 10 0 0 0 0 1 0 0 0 0 0 0 5 3 1 1 0 1 0 1 1 4 1 0 3
303 15 10 6 0 18 1 16 0 1 7 13 11 4 4 13 13 0 0 10 4 6 13 1 18 1 12 2 14 7 1 0 0 11 4 0 9 15 2 7 0 0 0 0 0 0 0 0 0 0 0 0 0 0 2 1 1 0 1 0 0 0 7 11 7 0 0 10 0 1 0 0 0 0 0 0 0 2 0 0 0 0 2 6 0 0 1 0 4 0 0 0 1 0 0 1 0 0 0 0 0 0 0 0 15 0 1 5 1 0 0 1 1 1 0 0 0 0 0 0 0 0 0 0 0 1 0 1 1 2 2 0 13 0 21 1 1 0 0 11 8 1 1 0 0 0 0 0 0 4 0 0 0 0 0 0 0 1 0 0 0 0 2 1 1 2 0 0 3 0 1 0 0 0 0 0 2 0 0 1 2 4 0 1 2 0 8 0 0 0 0 1 0 0 0 0 0 0 0 0 1 2 1 2 0 0 0 0 0 0 10 0 0 2 7 11 0 0 0 0 0 0 1 0 1 0 0 3 0 1 1 0 0 0 2 1 2 1 0 1
335 18 18 12 0 20 3 18 4 3 11 9 14 5 4 13 21 0 0 11 14 10 15 2 21 2 16 8 22 12 0 1 3 10 6 3 16 17 2 9 1 0 0 0 0 0 0 0 0 0 0 0 0 0 1 0 1 1 0 0 1 1 10 15 8 0 0 16 1 1 0 0 0 0 0 0 0 1 0 1 0 0 1 14 0 0 3 0 5 0 0 0 0 0 0 2 0 0 0 0 0 0 0 0 15 0 1 0 1 0 1 3 1 1 0 0 0 0 0 0 0 0 0 0 0 0 0 0 2 2 1 0 16 0 27 1 1 0 1 19 9 0 3 0 1 1 1 0 0 2 0 0 0 0 3 0 0 3 1 0 3 0 0 0 2 1 0 1 1 0 1 0 0 0 0 0 0 0 0 1 2 8 0 1 5 0 10 0 0 0 0 2 0 0 1 1 0 0 0 0 0 2 1 0 0 0 0 0 0 0 14 0 0 2 5 12 0 0 0 2 0 0 0 0 1 0 0 1 0 0 2 0 2 1 0 0 2 1 0 2
528 25 14 6 3 16 4 25 5 9 11 14 15 9 18 14 15 1 0 11 11 11 11 1 12 2 13 6 16 5 1 1 8 11 9 0 3 31 1 8 1 0 0 0 0 0 0 0 0 0 0 0 1 0 0 1 1 1 0 0 1 0 4 13 7 0 0 13 0 0 1 0 0 0 0 0 1 1 0 0 0 1 0 4 0 0 1 0 7 0 1 1 0 0 0 1 0 0 0 1 0 0 0 1 18 2 0 0 0 1 0 3 0 0 0 2 1 1 0 1 0 0 0 0 0 0 0 0 1 0 1 0 20 0 22 3 0 0 0 14 10 1 11 0 1 2 2 2 0 1 1 0 0 0 1 0 0 3 0 0 0 1 0 1 0 0 0 1 0 0 0 1 0 2 0 0 0 0 0 1 1 10 0 0 2 1 9 0 0 0 0 1 1 1 1 0 1 0 0 0 1 0 0 0 0 0 0 3 0 0 9 0 0 0 10 11 0 0 0 1 0 0 1 0 2 0 0 1 2 2 1 0 1 0 1 1 1 0 0 0
172 7 7 5 2 10 0 12 2 5 6 2 8 4 2 2 10 1 0 5 8 6 6 3 6 0 8 9 9 4 2 0 2 2 5 1 4 16 0 3 1 0 0 0 0 0 0 0 0 0 0 0 1 0 0 1 1 0 0 0 0 1 1 9 3 0 1 5 0 1 1 0 0 0 0 0 0 0 0 0 0 1 0 3 0 0 1 0 4 0 0 1 0 0 0 0 0 0 0 1 0 0 0 1 8 0 0 1 0 0 0 3 0 0 0 2 1 1 0 1 0 0 0 0 0 0 0 0 0 0 1 0 7 0 11 2 1 0 0 7 7 1 12 0 0 1 1 1 0 0 0 0 0 0 0 1 0 2 0 0 0 1 0 0 0 0 1 1 0 0 0 0 0 1 0 1 0 0 0 1 1 2 0 0 2 1 3 0 0 0 0 2 1 0 1 0 2 0 0 0 0 0 0 0 0 0 0 3 0 0 4 1 0 0 3 10 0 0 0 1 0 0 1 0 1 0 0 0 3 1 1 0 1 0 0 1 2 0 0 0
42 5 1 4 2 8 1 6 1 2 5 2 4 4 0 2 5 0 0 2 4 3 3 2 2 0 1 2 6 3 0 0 2 1 2 0 2 15 0 2 0 0 0 0 0 0 0 0 0 0 0 0 0 0 0 1 0 0 0 0 1 0 0 1 0 1 1 2 0 0 0 0 0 0 0 0 0 0 0 0 0 0 1 0 0 0 0 1 3 0 0 1 0 0 0 0 0 0 0 0 0 0 0 1 4 0 0 2 0 0 0 1 0 0 0 0 1 1 0 1 0 0 0 0 0 0 0 0 1 0 0 0 5 1 9 1 0 0 0 3 3 1 4 0 0 1 1 0 0 0 0 0 0 0 0 1 0 2 0 0 0 0 0 0 0 0 1 0 0 0 2 1 0 0 0 1 0 0 0 1 1 2 0 0 1 0 2 0 0 0 0 2 1 0 0 0 0 0 0 0 0 0 0 1 0 0 0 1 0 0 2 1 0 0 0 5 0 0 0 1 1 0 1 0 1 0 0 0 2 2 0 0 1 0 0 1 1 0 0 1
8 6 1 2 1 3 1 0 1 1 3 4 4 3 2 2 5 1 0 2 2 0 2 2 2 0 2 2 2 3 0 0 1 1 1 0 1 13 0 1 0 0 0 0 0 0 0 0 0 0 0 0 0 0 0 1 0 0 0 0 0 0 0 1 0 1 1 3 0 0 0 0 0 0 0 0 1 0 0 0 0 0 0 0 0 0 0 0 3 0 0 1 0 0 0 0 0 0 0 0 0 0 0 1 4 0 0 1 0 0 0 1 0 0 0 0 1 1 0 1 0 0 0 0 0 0 0 0 0 0 0 0 3 0 8 0 0 0 0 2 3 0 4 0 0 1 1 0 0 0 0 0 0 0 0 1 0 2 0 1 0 0 0 0 0 0 1 0 0 0 0 0 0 0 0 1 0 0 0 1 0 1 0 0 1 0 2 0 1 0 0 2 0 0 0 0 0 0 0 0 0 0 0 0 0 0 0 1 0 0 0 1 0 0 0 3 0 0 0 1 0 0 1 0 1 0 0 0 3 0 0 0 1 0 0 2 1 0 0 2
805 26 8 8 2 13 7 16 0 11 9 7 15 7 14 16 11 1 0 6 8 12 15 0 9 5 13 6 21 5 0 0 3 7 7 0 9 24 2 8 4 0 0 0 0 0 0 0 0 0 0 0 0 0 0 0 1 1 0 0 1 0 6 10 9 0 0 9 0 1 0 1 0 0 0 0 0 1 2 0 0 0 1 7 1 0 0 0 3 0 0 0 0 0 1 0 0 0 3 0 0 0 0 1 14 0 0 0 0 0 0 0 0 0 0 0 1 0 0 0 0 0 0 0 0 0 0 0 0 3 0 0 16 0 22 2 1 0 0 15 9 2 5 0 0 0 0 0 0 1 0 0 0 2 0 1 0 1 0 0 0 1 0 0 0 1 0 0 0 0 0 0 0 0 0 0 0 1 0 1 0 3 0 0 3 1 7 0 1 0 1 2 0 0 1 0 0 0 0 0 2 1 0 0 0 0 0 1 0 1 13 0 0 1 14 3 0 0 0 0 0 0 0 0 0 0 2 1 1 0 1 0 0 0 0 0 3 1 0 2
150 6 1 2 0 9 2 7 2 4 2 6 4 0 3 4 1 1 0 1 1 5 7 0 4 1 2 1 9 3 0 0 0 4 1 0 4 4 1 3 1 0 0 0 0 0 0 0 0 0 0 0 0 0 0 0 1 1 0 0 0 0 1 4 1 0 0 1 0 0 0 1 0 0 0 0 0 0 1 0 0 0 0 2 1 0 1 0 1 0 1 0 0 0 0 0 0 0 0 0 0 0 0 0 4 0 0 2 0 0 0 0 1 1 0 0 0 0 0 1 0 0 0 0 0 0 0 0 0 2 1 0 9 0 5 1 0 0 0 4 1 0 2 0 0 0 0 0 0 0 0 0 0 2 0 0 0 0 0 0 0 0 0 0 0 0 0 0 0 0 0 0 0 0 0 0 0 0 0 1 1 3 0 0 3 0 5 0 0 0 2 1 0 0 0 0 0 0 0 0 0 1 0 0 0 0 0 1 0 0 5 0 0 0 6 2 0 0 0 0 0 0 0 0 0 0 0 0 2 1 1 0 0 0 0 0 1 0 0 0
312 10 5 5 1 10 3 15 2 2 6 9 12 1 4 11 8 1 2 5 6 7 10 1 5 2 7 3 10 3 1 1 5 13 2 0 6 8 1 3 0 0 0 0 0 0 0 0 0 0 0 0 0 0 0 0 1 1 0 0 0 0 2 12 5 0 1 6 0 1 0 1 0 0 0 0 0 0 1 0 0 1 0 3 1 0 0 0 1 0 0 0 0 0 0 0 0 0 0 0 0 0 0 1 8 0 0 0 0 0 0 1 0 0 0 0 1 0 0 0 0 0 1 0 0 0 0 0 0 1 0 0 12 0 13 1 1 0 0 8 5 0 8 0 0 0 1 0 0 0 0 0 0 1 0 0 0 0 0 0 0 0 0 0 0 0 0 0 0 0 0 0 0 0 0 0 0 1 0 1 0 6 0 0 2 0 5 0 0 1 0 1 0 0 0 0 0 0 0 0 0 1 0 0 0 1 0 1 0 0 8 0 0 1 6 3 0 0 0 0 0 0 0 0 0 0 1 0 0 0 1 0 0 0 0 0 2 0 0 0
417 17 8 5 1 11 3 18 2 4 6 9 11 6 8 16 12 0 0 10 8 10 14 1 14 1 12 5 15 5 0 0 4 9 4 0 8 10 2 7 0 0 0 0 0 0 0 0 0 0 0 0 0 0 1 0 1 0 0 0 0 0 4 10 10 0 0 10 0 2 0 0 0 0 0 0 0 1 0 0 0 0 1 7 0 0 1 0 2 0 0 0 0 1 0 0 0 0 0 0 0 0 0 0 15 0 0 0 0 0 0 0 1 1 0 0 0 0 0 0 0 0 0 0 0 0 0 0 0 0 1 0 15 0 16 1 0 0 0 17 10 0 6 0 0 0 0 0 0 1 0 0 1 0 0 0 1 1 1 0 0 1 0 1 1 0 0 0 1 0 0 0 0 1 0 0 0 0 0 1 0 3 0 0 2 0 6 0 0 0 0 0 0 0 0 0 1 0 0 0 0 0 0 0 0 0 0 0 0 0 10 0 1 1 5 7 0 0 0 1 0 0 0 0 0 0 4 1 0 0 0 0 0 0 0 0 1 2 0 1
320 7 4 3 1 10 3 15 1 7 3 9 4 3 5 6 3 0 0 3 10 7 7 0 3 1 5 4 10 3 0 0 3 9 5 0 4 8 1 2 0 0 0 0 0 0 0 0 0 0 0 0 0 0 0 0 1 0 0 0 0 0 2 8 3 0 0 4 0 2 0 0 0 0 0 1 0 1 0 0 0 0 0 3 1 0 0 0 0 0 0 1 0 0 0 0 0 0 0 0 0 0 0 0 6 0 0 0 0 0 0 0 0 0 0 0 0 0 0 0 0 0 0 0 0 0 0 0 0 0 0 0 7 0 10 1 0 0 0 9 2 0 3 0 0 0 0 0 0 0 0 1 1 1 0 0 2 0 0 1 0 0 0 0 0 0 0 0 0 0 0 0 0 0 0 0 0 0 0 0 0 4 0 0 1 0 3 0 0 0 0 0 0 0 2 0 1 0 0 0 0 0 0 0 0 0 0 0 0 0 3 0 0 1 5 5 0 0 0 0 0 0 0 0 0 0 0 0 0 0 0 0 0 0 0 0 0 3 0 0
519 18 7 2 0 19 4 18 4 4 8 8 17 2 5 15 11 1 0 9 10 8 13 1 12 1 10 4 13 4 0 0 7 8 3 0 5 16 2 8 0 0 0 0 0 0 0 0 0 0 0 0 0 0 1 0 1 0 0 0 1 0 3 7 7 0 0 7 0 0 0 0 0 0 1 0 0 1 0 2 0 0 1 6 0 0 3 0 3 0 0 0 0 0 0 1 0 0 0 1 0 0 0 0 22 0 1 1 1 0 0 3 1 1 0 0 0 0 0 0 0 0 0 0 0 0 0 0 0 1 1 0 15 0 22 1 0 0 0 11 10 0 5 0 0 0 0 0 0 1 0 0 0 0 0 0 1 1 0 0 0 0 1 0 1 0 0 0 1 0 0 0 0 0 0 0 0 0 0 1 1 5 0 1 3 0 7 0 0 0 1 1 0 0 1 0 0 0 0 0 0 0 0 0 0 0 0 0 0 0 10 0 1 1 7 9 0 0 0 0 0 1 0 0 0 0 1 0 0 0 0 0 0 1 0 1 1 1 0 1
631 18 8 8 0 10 2 10 0 7 7 8 11 5 5 13 9 0 0 12 7 9 12 0 14 1 10 4 11 4 0 0 5 8 5 0 12 14 2 6 0 0 0 0 0 0 0 0 0 0 1 0 1 0 2 0 1 1 0 0 0 0 5 5 8 0 0 11 0 0 0 0 0 0 0 0 0 1 1 0 0 0 1 5 0 1 1 0 5 0 0 1 0 0 1 0 0 0 0 0 0 0 0 0 13 0 0 6 0 0 0 0 1 1 0 0 0 0 2 0 0 0 0 0 0 0 0 1 0 0 0 0 15 1 18 2 0 0 0 13 7 0 6 0 2 0 0 0 0 2 0 0 0 0 0 2 0 1 0 0 1 0 0 0 0 1 0 0 2 0 0 0 0 2 0 0 0 0 0 2 1 3 0 0 3 0 6 0 0 3 0 0 0 0 1 0 0 0 0 0 0 0 0 0 0 0 1 0 0 0 9 0 0 1 6 7 0 0 0 0 0 0 0 0 0 0 0 3 0 0 1 0 0 0 0 0 1 1 0 1
98 3 0 1 0 2 1 1 0 0 0 2 0 1 1 0 1 0 0 3 1 0 0 0 4 0 1 0 0 0 0 0 1 2 0 1 2 3 0 2 0 0 0 0 0 0 0 0 0 0 1 0 1 0 1 0 0 0 0 0 0 0 1 1 0 0 0 0 0 0 0 0 0 0 0 0 0 0 1 0 0 0 0 1 0 1 0 0 3 0 0 0 0 0 1 1 0 0 0 0 0 0 0 0 1 0 0 3 0 0 0 0 0 0 0 0 0 0 1 0 0 0 0 0 0 0 0 1 0 0 0 0 1 0 2 0 0 0 0 2 0 0 3 0 1 0 0 0 0 1 0 0 0 0 0 1 0 0 0 0 0 0 0 0 0 1 0 0 0 0 1 0 0 2 0 0 0 0 0 0 2 0 0 0 0 0 0 0 0 1 0 0 0 0 0 0 0 1 0 0 0 0 0 0 0 0 1 0 2 0 0 0 0 0 1 1 0 0 0 0 0 0 0 0 0 0 0 1 0 0 1 0 0 0 0 0 0 0 0 0
103 2 0 1 0 0 1 0 0 0 0 0 1 1 1 1 1 0 0 3 0 0 0 0 4 0 2 0 0 0 0 0 1 1 2 0 2 3 0 1 0 0 0 0 0 0 0 0 0 0 1 0 1 0 1 0 0 0 0 0 0 0 2 0 0 0 0 0 0 0 0 0 0 0 0 0 0 0 1 0 0 0 0 0 0 1 0 0 3 0 0 1 0 0 1 0 0 0 0 0 0 0 0 0 0 0 0 5 0 0 0 0 0 0 0 0 0 0 1 0 0 0 0 0 0 0 0 1 0 0 0 0 1 0 3 0 0 0 0 0 0 0 2 0 1 0 0 0 0 1 0 0 0 0 0 1 0 0 0 0 0 0 0 0 0 1 0 0 0 0 0 0 0 2 0 0 1 0 0 0 0 1 0 0 0 0 1 0 0 2 0 0 0 0 0 0 0 0 0 0 0 0 0 0 0 0 1 0 1 0 0 0 0 0 1 3 0 0 0 0 0 0 0 0 0 0 0 1 0 0 1 0 0 1 0 0 0 0 0 0
436 9 8 7 0 14 2 14 5 7 6 11 12 3 5 12 15 0 0 10 8 7 12 1 10 0 10 4 13 4 0 0 2 7 9 0 7 11 2 6 0 0 0 0 0 0 0 0 0 0 0 0 2 0 1 0 1 0 0 0 0 0 5 8 8 0 0 10 0 0 0 0 0 0 0 0 0 1 0 0 0 0 1 6 0 0 1 0 2 0 0 0 0 0 0 0 0 0 0 0 0 0 0 0 23 0 0 0 0 0 0 0 1 2 0 0 0 0 0 0 0 0 0 0 0 0 0 0 0 0 2 0 17 0 19 1 0 0 0 12 10 0 2 0 0 2 0 0 0 1 0 0 0 0 1 0 0 1 0 1 0 0 0 0 2 0 0 1 1 0 0 0 0 0 0 0 0 0 1 1 0 4 0 0 2 0 8 0 0 0 0 0 0 0 1 0 0 0 0 0 2 0 0 0 0 0 0 0 0 0 10 0 0 1 5 8 0 0 0 0 0 0 0 0 0 0 0 0 1 0 1 0 0 0 2 0 1 1 0 1
72 0 0 2 0 5 1 5 4 4 1 5 3 1 2 0 3 0 0 0 1 0 2 1 1 0 2 0 3 1 0 0 1 0 5 0 1 2 0 0 0 0 0 0 0 0 0 0 0 0 0 0 2 0 0 0 0 0 0 0 0 0 1 2 0 0 0 1 0 0 0 0 0 0 0 0 0 0 0 0 0 0 0 0 0 0 0 0 1 0 0 0 0 0 0 0 0 0 0 0 0 0 0 0 6 0 0 0 0 0 0 0 0 1 0 0 0 0 0 0 0 0 0 0 0 0 0 0 0 1 0 0 5 0 2 0 0 0 0 0 1 0 1 0 0 1 0 0 0 0 0 0 0 0 0 0 0 0 0 0 0 0 0 0 0 0 0 1 0 0 0 0 0 1 0 0 0 0 0 0 0 0 0 1 0 0 3 0 0 0 0 0 0 0 0 0 0 0 0 0 1 0 0 0 0 0 1 0 0 0 2 0 0 0 4 2 0 0 0 0 0 0 0 0 0 0 0 0 0 0 0 0 0 0 0 0 0 0 0 0
419 20 10 10 0 18 3 17 10 4 11 9 18 3 7 13 19 0 0 12 15 9 11 1 18 1 15 6 17 4 1 0 7 7 7 0 10 16 2 10 0 0 1 0 0 0 0 0 1 0 0 0 1 0 1 0 2 0 0 0 0 0 4 11 10 0 0 14 0 0 0 0 0 0 1 0 1 2 1 1 0 0 1 9 0 1 3 0 5 0 0 0 0 0 0 1 0 0 0 0 0 0 0 0 18 0 1 0 0 0 0 4 1 2 0 0 0 0 0 0 0 0 0 0 0 0 0 0 0 2 1 0 16 0 29 1 0 0 0 14 15 0 5 2 1 0 0 0 0 1 0 0 0 0 1 0 0 2 0 1 1 0 0 1 2 0 0 2 1 0 1 0 0 1 0 0 0 0 0 1 0 7 0 1 3 1 7 0 0 1 0 1 0 0 2 0 0 0 0 0 0 0 0 0 0 0 0 0 0 0 13 0 0 1 8 12 0 0 0 0 0 0 0 0 0 0 2 3 0 0 0 0 0 0 1 2 1 1 0 1
562 15 9 8 0 19 4 13 0 5 6 10 11 6 7 17 14 0 0 15 6 11 12 0 11 1 13 6 16 5 0 0 2 10 8 0 12 10 2 8 0 0 0 0 0 0 0 0 0 0 0 0 0 0 1 0 1 1 0 0 1 0 2 5 7 0 0 12 1 1 0 0 0 0 0 0 0 1 0 0 0 0 1 9 0 0 1 0 1 0 0 0 0 0 0 0 0 0 0 0 0 0 1 0 13 0 0 2 0 0 0 0 1 1 0 0 0 0 1 1 0 0 0 0 0 0 0 0 0 3 0 0 14 2 13 1 0 0 0 12 7 1 4 0 0 0 0 0 0 1 0 0 0 0 0 0 0 1 1 1 2 1 0 0 1 2 0 0 3 0 1 0 0 0 0 0 0 0 0 1 2 8 0 0 4 1 6 0 1 0 0 0 0 1 1 0 0 0 0 0 0 0 1 0 0 0 0 0 0 0 11 0 0 1 7 3 0 0 2 0 0 0 0 0 0 1 1 1 3 0 2 1 2 0 1 0 2 1 0 1
650 14 4 1 0 14 4 12 0 7 4 9 5 5 6 15 6 0 0 2 7 12 9 0 11 2 4 1 14 3 0 0 4 6 8 0 2 15 1 5 0 0 1 0 1 0 0 0 0 0 0 0 0 1 0 0 1 0 0 0 0 0 0 5 2 0 0 6 0 0 0 1 0 0 0 0 0 0 0 0 0 0 2 4 0 0 0 0 1 0 0 1 0 0 0 0 0 0 0 1 0 1 0 0 7 0 0 2 0 0 0 0 0 0 0 0 1 0 0 0 0 1 0 0 0 0 1 0 0 0 0 0 9 0 13 1 0 0 0 8 1 1 5 0 0 0 0 0 0 0 0 0 0 1 0 0 0 0 0 0 0 0 0 0 0 1 0 0 2 0 1 0 0 0 0 0 0 0 0 1 1 3 0 0 5 1 8 0 0 0 0 0 0 0 1 1 0 0 0 0 0 0 0 0 0 0 0 0 0 0 7 0 0 0 6 2 0 0 0 0 0 0 0 0 1 0 0 0 2 0 0 0 2 0 0 0 1 0 1 0
18047 20 29 0 14 49 22 6 21 2 30 38 0 5 23 7 2 5 11 12 2 0 1 19 26 4 4 17 36 20 6 11 11 11 15 31 9 24 6 0 0 0 1 0 0 0 1 1 0 16 0 0 0 0 0 0 0 0 0 0 5 0 0 2 1 3 0 12 0 0 3 0 0 0 0 0 0 0 0 0 0 1 0 5 1 0 0 0 1 0 0 0 0 0 0 0 0 0 0 0 0 0 0 0 2 0 9 0 0 0 1 4 0 0 0 0 0 0 0 0 0 0 0 0 0 0 0 0 0 0 1 0 4 0 6 0 0 0 3 1 1 0 20 0 0 0 0 0 0 0 0 0 0 0 0 0 0 0 0 0 0 0 0 0 0 0 0 0 0 0 0 0 0 2 0 0 0 0 0 0 0 6 0 1 4 0 1 0 0 0 0 0 0 0 0 0 0 0 0 0 0 0 0 0 0 0 0 0 0 16 1 0 1 0 9 0 0 0 0 0 0 0 0 0 0 0 10 0 2 1 0 1 0 0 0 0 1 1 0 0
156 0 0 0 0 1 0 0 0 0 0 0 1 0 0 0 0 0 0 0 0 0 0 0 0 0 1 0 1 0 0 0 0 1 0 0 0 0 0 0 0 0 0 0 0 0 0 0 0 0 0 0 0 0 0 0 0 0 0 0 0 0 0 0 0 0 0 0 0 0 0 0 0 0 0 0 0 0 0 0 0 0 0 2 0 0 0 0 0 0 0 0 0 0 0 0 0 0 1 0 0 0 0 0 0 0 0 0 0 0 0 0 0 0 0 0 0 0 0 0 0 0 0 0 0 0 0 0 0 0 0 0 0 0 1 0 0 0 0 0 0 0 0 0 0 0 0 0 0 0 0 0 0 0 0 0 0 0 0 0 0 0 0 0 0 0 0 0 0 0 0 0 0 0 0 0 0 0 0 0 0 0 0 0 0 0 0 0 0 0 0 0 0 0 0 0 0 0 0 0 0 0 0 0 0 0 0 0 0 0 0 0 1 0 0 1 0 0 0 0 0 0 0 0 1 0 1 0 0 0 0 0 0 0 0 0 0 0 0 0
473 4 0 1 0 0 0 1 0 4 2 0 1 2 0 0 1 0 0 0 2 0 0 1 5 0 1 2 0 0 0 0 2 1 2 0 1 2 0 0 0 0 0 0 1 0 0 0 0 0 0 0 0 1 0 0 0 0 0 0 0 1 1 0 1 0 0 1 0 0 0 1 0 0 0 0 0 1 0 1 0 0 1 0 0 0 0 0 1 0 0 0 0 0 0 0 0 0 1 1 0 0 0 0 1 0 0 0 0 0 0 0 0 0 0 0 0 0 0 0 0 0 0 0 0 0 0 0 1 1 0 0 0 1 1 0 0 0 0 0 1 2 3 0 0 0 0 0 0 0 0 0 0 1 0 1 0 0 0 0 0 0 0 0 0 0 0 1 0 0 0 0 0 0 0 0 0 0 0 0 0 0 0 0 0 0 0 0 0 0 1 0 0 0 1 1 0 0 0 0 1 1 0 0 0 0 0 0 0 0 0 0 0 1 1 0 0 0 0 0 0 0 0 0 1 0 1 0 0 0 0 2 0 0 0 0 0 0 0 0
704 1 0 0 0 1 0 1 1 0 1 0 0 1 1 2 0 0 0 1 0 0 0 0 0 0 0 0 0 2 0 0 0 2 0 1 0 0 0 0 0 0 0 0 0 0 0 0 0 0 0 0 0 0 0 0 0 0 0 0 0 0 0 0 0 0 0 1 0 0 0 0 0 0 1 0 0 0 0 0 0 0 0 0 0 0 0 0 0 0 0 0 0 0 0 0 0 0 0 0 0 0 0 0 1 0 0 0 0 0 0 0 0 0 0 0 0 0 0 0 0 0 0 0 0 0 0 0 0 0 0 0 0 0 1 0 0 1 0 0 0 0 1 0 0 0 0 0 0 0 0 0 0 0 0 0 0 0 0 0 0 0 0 0 0 0 0 0 0 0 0 0 0 0 0 0 0 0 0 0 0 1 0 0 0 0 1 0 0 0 0 0 0 0 0 0 0 0 0 0 0 0 0 0 0 0 0 0 0 0 0 0 0 0 1 0 0 0 0 0 0 0 0 0 0 0 0 0 1 0 0 0 0 0 0 0 0 0 0 0
520 1 2 0 0 1 0 1 4 2 2 1 1 0 2 1 4 0 0 2 2 0 0 0 1 0 1 1 1 1 0 0 2 2 2 0 3 1 0 2 0 0 1 0 0 0 0 0 0 0 0 0 0 0 0 0 0 0 0 0 0 0 2 1 0 0 0 0 0 0 1 0 0 0 0 0 0 0 0 0 0 0 0 0 0 0 1 0 3 0 0 0 0 0 0 0 0 0 0 0 0 0 0 0 3 0 0 0 0 0 0 0 0 1 0 0 0 0 0 0 0 0 0 0 0 0 0 0 0 0 0 0 1 0 3 0 0 0 0 1 0 0 1 0 0 0 0 0 0 0 0 0 0 0 0 0 0 0 0 0 0 0 0 0 0 0 0 0 0 0 1 0 0 0 0 0 0 0 0 0 0 2 0 0 0 0 2 0 0 0 0 1 0 0 0 0 0 0 0 0 0 0 0 0 0 0 0 0 0 0 0 0 0 0 3 1 0 0 0 0 0 0 0 0 0 0 0 0 1 0 0 0 1 0 0 0 0 0 0 0
898 1 1 3 0 2 1 4 0 1 2 4 4 0 1 0 1 1 0 0 4 0 1 0 3 1 3 3 1 0 0 0 0 2 1 0 3 4 0 0 0 0 1 0 0 0 1 0 1 0 0 0 0 0 0 0 0 1 1 0 0 0 0 3 1 0 0 2 0 0 0 1 0 0 0 0 0 1 0 0 0 0 0 0 0 0 0 0 2 0 0 0 0 0 0 0 0 0 0 0 0 0 0 0 2 0 0 0 0 0 0 0 1 0 0 0 0 0 0 0 0 0 0 0 0 1 0 0 0 0 1 0 3 0 2 0 0 0 0 3 1 0 1 0 0 0 0 2 0 0 0 0 1 0 0 2 0 0 0 0 0 0 0 0 0 0 0 0 0 0 0 0 0 0 0 0 0 0 0 0 0 1 0 0 0 1 1 0 0 0 1 0 0 0 1 0 0 0 0 0 0 0 0 0 0 0 0 0 0 0 1 0 0 0 2 2 0 0 0 0 0 0 0 0 1 0 0 1 1 0 0 0 0 0 0 1 0 0 0 1
8 1 0 2 0 0 1 1 0 1 1 0 2 0 0 0 1 0 0 0 2 0 0 0 2 0 0 0 0 0 0 0 0 2 1 0 0 1 0 0 0 0 0 0 0 0 0 0 0 0 0 0 0 0 0 0 0 0 0 0 0 0 0 1 0 0 0 1 0 0 0 1 0 0 0 0 0 0 0 0 0 0 0 0 0 0 0 0 1 0 0 0 0 0 0 0 0 0 0 0 0 0 0 0 1 0 0 0 0 0 0 1 0 0 0 0 0 0 0 0 0 0 0 0 0 0 0 0 0 0 0 0 2 0 1 0 0 0 0 0 1 0 1 0 0 0 0 0 0 0 0 0 0 0 0 0 0 0 0 0 0 0 0 0 0 0 0 0 0 0 0 0 0 0 0 0 0 0 0 0 0 1 0 0 0 0 0 0 0 0 0 0 0 0 0 0 0 0 0 0 0 0 0 0 0 0 0 0 0 0 1 0 0 0 1 0 0 0 0 0 0 0 0 0 0 0 0 1 0 0 0 0 0 0 0 0 0 0 0 1
344 1 2 2 0 2 2 4 0 1 0 0 0 1 0 0 2 0 0 0 3 0 2 1 3 2 1 2 3 1 0 0 0 1 1 0 1 5 0 0 0 0 0 0 0 0 1 0 0 1 0 0 0 0 0 0 0 1 1 0 0 0 0 2 2 0 0 4 0 0 0 1 0 0 0 0 0 1 0 0 0 0 0 1 0 1 0 0 0 0 1 0 0 0 0 0 0 0 0 0 0 0 0 0 0 1 0 0 0 0 0 0 1 0 0 1 0 0 2 0 0 0 0 0 0 0 0 0 0 0 1 0 1 0 4 0 0 0 0 2 1 0 0 0 0 0 0 0 0 0 0 0 0 1 0 2 0 0 0 0 0 0 0 0 0 0 0 1 0 0 0 0 0 0 0 0 0 0 2 1 0 2 0 0 1 1 0 0 0 0 0 0 0 0 0 0 0 0 0 0 0 0 0 0 0 0 0 0 0 0 1 0 0 0 2 0 0 0 0 0 1 0 0 0 0 0 0 1 2 0 0 0 0 0 1 1 0 0 0 2
160 2 2 2 0 2 2 2 0 1 1 0 0 0 1 0 2 0 0 0 2 0 1 1 2 1 1 0 0 0 0 0 0 1 1 1 2 2 0 1 0 0 0 0 0 0 0 1 0 1 0 0 0 0 0 0 0 1 0 0 0 0 0 1 2 0 0 2 0 0 0 1 0 0 0 0 0 0 0 0 0 0 0 0 0 0 0 0 0 0 1 0 0 0 0 0 0 0 0 0 0 0 0 0 0 0 0 0 0 0 0 0 0 0 0 1 0 0 0 0 0 0 0 0 0 0 0 0 0 0 0 0 1 0 3 0 0 0 0 1 0 0 1 0 0 0 0 0 0 0 0 0 0 0 0 0 0 0 0 0 0 0 0 0 0 0 0 0 0 0 0 0 0 0 0 0 0 0 0 0 0 1 0 0 0 1 0 0 0 0 0 0 0 0 1 0 0 0 0 0 0 0 0 0 0 0 0 0 0 0 0 0 0 0 3 0 0 0 0 0 0 0 0 0 0 0 0 1 2 0 0 0 0 0 0 1 0 0 0 1
330 1 2 2 0 2 0 1 0 1 0 2 0 0 0 1 2 0 0 0 3 0 1 0 3 1 2 0 1 0 1 0 0 2 2 0 1 2 0 1 0 0 0 0 0 0 0 0 0 0 0 0 0 0 0 0 0 1 0 0 0 0 0 3 5 0 0 3 0 0 0 1 0 0 0 0 0 0 0 0 0 0 0 0 0 0 0 0 0 0 0 0 0 0 0 0 0 0 0 0 0 0 0 0 0 0 0 0 0 0 0 2 1 0 0 0 0 0 0 0 0 0 0 0 0 0 0 0 0 0 1 0 1 0 2 0 0 0 0 2 0 0 0 0 0 0 0 0 0 0 0 0 0 0 0 1 0 0 0 0 0 0 0 0 0 0 0 0 0 0 1 0 0 0 0 0 0 0 0 0 0 1 0 0 1 1 0 0 0 0 0 0 0 0 0 0 0 1 0 0 0 0 0 0 0 0 0 0 0 0 1 0 0 1 2 0 0 0 0 0 0 0 0 0 0 0 0 1 1 0 0 0 0 0 0 1 0 0 0 1
189 1 1 2 0 2 0 2 0 1 1 0 0 0 3 2 1 0 1 0 4 0 3 0 5 1 3 0 1 1 0 0 0 1 2 0 1 4 0 1 0 0 0 0 0 0 0 0 0 0 0 0 0 0 0 0 0 1 1 0 0 0 0 3 4 0 0 2 0 0 0 2 0 0 0 0 0 2 0 0 0 1 0 0 0 0 0 1 0 0 0 0 0 0 0 0 0 0 0 0 1 0 0 0 1 0 0 0 0 0 0 1 1 0 0 0 0 0 0 0 0 0 0 0 0 0 0 0 0 0 2 0 1 0 2 0 0 0 0 4 0 0 0 0 0 0 0 0 0 0 0 0 0 0 0 3 1 0 0 0 0 0 0 0 0 0 0 0 1 0 0 0 0 0 0 1 0 0 0 0 0 2 0 0 1 1 0 0 0 0 0 0 2 0 0 0 0 0 0 0 0 0 0 0 0 0 0 0 0 0 0 0 0 0 2 0 0 0 0 0 0 0 0 0 0 0 0 1 3 1 0 0 1 0 0 1 0 0 0 1
1532 8 17 14 5 5 7 7 14 3 6 10 10 3 6 2 19 0 0 3 2 6 5 1 27 1 19 28 9 7 0 0 5 5 4 2 18 6 0 12 0 0 0 0 0 0 0 0 0 0 0 0 1 0 0 0 0 0 0 1 2 0 27 28 10 0 0 20 0 0 0 0 0 0 0 0 0 0 0 0 0 0 0 4 0 0 0 0 21 0 0 0 0 0 0 0 0 0 0 0 0 0 0 0 8 1 1 0 0 0 0 0 0 0 0 0 0 0 0 0 1 0 0 0 0 0 0 1 0 0 0 0 5 0 12 0 0 0 0 14 15 5 8 2 2 0 0 0 0 0 1 0 0 1 0 0 0 0 0 0 0 0 0 0 0 0 0 0 0 0 0 0 0 4 0 0 0 0 0 0 11 4 0 0 0 0 1 0 0 1 0 0 0 0 0 0 0 0 0 0 0 0 0 0 0 0 0 0 0 0 4 0 0 0 10 13 0 0 0 1 0 0 0 0 0 0 0 0 3 0 0 0 0 0 0 0 0 1 0 0
792 4 6 1 1 0 2 2 5 2 3 2 7 3 1 1 4 2 0 2 2 2 6 0 5 1 5 13 8 3 0 0 4 2 2 0 3 3 0 1 0 0 0 0 0 0 0 0 0 0 0 0 0 0 0 0 0 0 0 0 2 0 7 6 6 0 0 4 0 0 0 0 0 0 0 0 0 0 0 0 0 0 0 2 0 0 0 0 4 0 1 0 0 0 0 0 0 0 0 0 0 0 0 0 4 0 1 0 0 0 0 1 0 1 0 0 0 0 0 0 1 1 0 0 0 0 0 0 0 0 0 0 5 0 2 0 0 0 0 2 5 2 3 0 0 0 0 0 0 0 0 0 0 1 0 1 0 0 0 0 0 1 1 0 0 0 0 0 0 0 0 2 0 1 1 0 0 0 0 0 5 1 0 0 1 0 1 0 0 0 0 0 0 0 0 0 0 0 0 0 0 0 1 0 0 0 0 0 0 0 4 0 0 0 7 8 0 0 0 0 1 0 0 0 0 0 1 0 1 0 0 0 0 0 0 0 0 1 0 0
61 4 5 1 1 1 0 2 2 1 1 2 2 2 1 0 1 0 0 0 4 0 1 0 2 1 1 5 2 1 0 0 1 2 1 0 1 2 0 1 0 0 0 0 0 0 0 0 0 0 0 0 0 0 0 0 0 0 0 0 1 0 4 3 3 0 0 3 0 0 0 0 0 0 0 0 0 0 0 1 0 0 0 2 0 0 0 0 1 0 0 0 0 0 0 0 0 0 0 0 0 0 0 0 2 0 1 0 0 0 0 0 0 1 0 0 0 0 0 0 0 0 0 0 0 0 0 0 0 0 0 0 1 0 2 0 0 0 0 2 2 1 2 0 0 0 0 0 0 0 0 0 0 0 0 1 0 0 0 0 0 1 1 0 1 0 0 0 0 0 0 1 0 0 0 0 0 0 0 0 2 0 0 0 0 0 1 0 0 0 0 0 0 0 0 0 0 0 0 0 0 0 1 0 0 0 0 0 0 0 3 0 0 0 5 2 0 0 0 0 0 0 0 0 0 0 1 0 1 0 0 0 0 0 0 0 0 0 0 0
200 6 8 1 1 1 2 3 3 2 2 3 7 2 1 1 4 1 0 1 3 3 6 0 5 2 3 13 10 5 0 0 4 3 3 0 3 3 0 1 0 0 0 0 0 0 0 0 0 0 0 0 0 0 0 0 0 0 0 0 3 0 7 4 5 0 0 3 0 0 0 0 0 0 0 0 0 0 0 0 0 0 0 2 0 0 0 0 5 0 0 0 0 0 0 0 0 0 1 0 0 0 0 0 3 0 1 0 0 0 0 1 0 0 0 0 0 0 0 0 1 0 0 0 0 0 0 0 0 1 0 0 5 0 3 0 0 0 0 4 5 2 6 0 0 0 0 0 0 0 0 0 0 1 0 2 0 0 0 0 0 0 0 0 0 0 0 0 0 0 0 1 0 1 1 0 0 0 0 0 5 1 0 0 1 0 1 0 0 0 0 1 0 0 0 0 1 0 0 0 0 0 1 0 0 0 0 0 0 0 4 0 0 0 6 5 0 0 0 0 2 0 0 0 0 0 1 1 1 0 0 0 0 0 0 1 0 1 1 0
100 4 7 1 0 1 0 4 1 2 2 3 5 2 1 0 2 1 0 0 3 1 4 0 3 3 2 8 4 3 0 0 2 5 1 0 3 3 0 2 0 0 0 0 0 0 0 0 0 0 0 0 0 0 0 0 0 0 0 0 2 0 5 3 4 0 0 4 0 0 0 1 0 0 0 0 0 0 0 0 0 0 0 3 0 0 0 0 2 0 0 0 0 0 0 0 0 0 1 0 0 0 1 0 2 0 1 0 0 0 0 1 0 0 0 0 0 0 0 0 1 0 0 0 0 0 0 0 0 0 0 0 3 0 2 0 0 0 0 2 4 2 2 0 0 0 0 0 0 0 0 0 0 1 0 1 0 0 0 0 0 0 0 0 0 0 0 0 0 0 0 1 0 0 0 0 0 0 0 1 3 1 0 0 0 0 1 0 0 0 0 0 0 0 0 1 0 0 0 0 0 0 1 0 0 0 0 0 0 0 3 0 0 0 4 4 0 0 0 1 0 0 0 0 0 0 1 0 1 0 0 0 0 0 0 1 0 0 1 0
53 7 7 2 1 1 0 3 1 2 2 3 5 2 2 0 2 1 0 0 3 2 5 0 4 2 2 8 5 3 0 0 2 3 1 0 3 4 0 1 0 0 0 0 0 0 0 0 0 0 0 0 0 0 0 0 0 0 0 0 2 0 6 4 5 0 0 4 0 0 0 0 0 0 0 0 1 0 0 0 0 0 0 2 0 0 0 0 2 0 0 0 0 0 0 0 0 0 1 0 0 0 0 0 2 0 1 0 0 0 0 1 0 0 0 0 0 0 0 0 1 0 0 0 0 0 0 0 0 0 0 0 3 0 3 0 0 0 0 2 4 2 2 0 0 0 0 0 0 0 1 0 0 1 0 1 0 0 0 0 0 0 0 0 0 0 0 1 0 0 0 1 0 0 0 0 0 0 0 0 4 0 0 0 0 0 1 0 0 0 0 0 0 0 0 0 0 0 0 0 0 0 1 0 0 0 0 0 0 0 4 0 0 0 4 4 0 0 0 0 1 0 0 0 0 0 1 2 1 0 0 0 0 0 0 0 1 1 1 0
1919 3 1 0 1 5 1 6 4 2 0 3 6 0 3 0 6 0 1 1 4 4 1 0 3 0 4 4 2 1 0 0 3 3 1 2 3 4 0 2 0 0 0 0 0 0 0 0 0 0 0 0 0 0 0 0 1 0 0 0 0 0 1 6 5 0 0 2 0 0 0 0 0 0 1 0 0 0 1 0 0 0 0 2 1 0 0 0 2 1 0 1 0 0 0 0 0 0 0 0 0 0 0 0 2 0 0 1 0 0 0 3 0 0 0 1 0 0 0 0 0 0 0 0 0 0 0 0 0 0 1 0 7 0 4 0 0 0 0 2 5 1 0 0 0 0 0 0 0 0 1 0 0 0 0 0 0 0 0 0 0 0 0 0 1 0 0 0 0 0 0 0 0 0 0 0 0 0 0 0 0 5 0 0 0 0 2 0 0 1 0 0 0 0 0 0 0 0 0 0 0 0 0 0 0 0 0 1 0 0 0 0 0 0 5 1 0 0 0 0 0 0 0 0 0 0 0 0 0 0 1 0 0 0 0 0 0 0 0 0
897 4 2 0 0 9 0 6 5 1 0 4 2 0 2 0 1 0 0 4 5 3 1 0 2 0 8 3 1 0 1 0 3 1 1 0 5 5 0 2 0 0 0 0 0 0 0 0 0 1 0 0 0 0 0 0 0 0 0 0 0 0 1 1 6 0 0 0 0 0 0 0 0 0 0 0 0 0 0 0 0 0 0 3 0 0 2 0 1 1 0 1 0 0 0 0 0 0 0 0 0 0 0 0 3 0 0 0 0 0 0 0 0 0 0 0 0 0 1 0 0 0 0 0 0 0 0 0 0 0 0 0 7 0 3 0 0 0 0 1 2 0 4 0 0 0 0 0 0 0 1 0 0 0 0 0 2 0 0 1 3 0 0 0 1 0 0 0 0 0 0 0 0 0 0 0 0 0 0 0 0 3 0 0 0 0 1 0 0 1 0 0 0 0 0 0 0 0 0 0 0 0 0 0 0 0 0 0 0 3 2 0 0 0 4 2 0 0 0 0 0 0 0 0 0 0 0 0 0 0 0 0 0 0 0 0 0 0 0 0
299 6 3 0 0 10 1 4 4 1 2 1 3 0 0 1 1 0 0 1 3 3 1 0 0 0 1 0 0 0 0 0 3 1 0 1 2 5 0 1 0 0 0 0 0 0 0 0 0 1 1 0 0 0 0 0 0 0 0 0 0 0 1 0 5 1 0 0 0 0 0 0 0 0 0 0 0 0 0 0 0 0 0 2 0 0 0 0 0 1 0 0 0 0 0 1 0 0 0 0 0 0 0 0 2 0 0 0 0 0 0 0 0 0 0 1 0 0 1 0 0 0 0 0 0 1 0 0 1 0 0 0 4 0 3 0 0 1 0 1 0 0 0 1 0 0 0 0 0 0 1 0 0 0 0 0 0 1 0 0 1 0 0 0 0 0 0 0 0 0 0 0 0 0 0 0 0 0 0 0 0 1 0 2 0 1 0 0 0 1 1 0 0 0 0 0 0 0 0 0 0 0 0 1 0 0 0 0 0 0 1 0 0 0 2 2 0 0 0 0 0 0 0 0 0 0 0 0 0 0 0 0 0 0 0 2 0 1 0 0
206 3 2 1 0 11 1 7 3 1 3 5 2 1 1 2 2 0 0 3 5 4 0 0 1 0 5 0 1 0 0 0 4 1 0 0 3 5 0 2 0 0 0 0 0 0 0 0 0 1 1 0 0 0 0 0 0 0 0 0 0 0 2 1 4 0 0 1 0 0 0 0 0 0 0 0 0 0 0 0 0 0 0 2 0 0 1 0 0 1 0 0 0 0 0 1 0 0 0 0 0 0 0 0 2 0 0 0 0 0 0 0 0 0 0 0 0 0 1 0 0 0 0 0 0 0 0 0 0 0 0 0 5 0 2 0 0 1 0 2 1 0 1 0 0 0 0 0 0 0 1 0 0 0 1 1 0 1 0 0 2 0 0 1 1 0 0 0 1 0 0 0 0 0 0 0 0 0 0 0 1 1 0 1 0 0 3 0 0 1 0 0 0 0 0 0 0 0 0 0 1 0 0 0 0 0 0 0 0 1 3 0 0 0 2 3 0 0 0 0 0 0 0 0 0 0 0 0 0 0 0 1 0 0 0 0 0 0 0 0
113 6 2 2 0 10 1 4 3 1 2 3 2 0 2 1 1 0 0 4 3 4 1 0 1 0 1 0 1 0 0 0 3 1 1 0 4 6 0 2 0 0 0 0 0 0 0 0 0 1 1 0 0 0 0 0 0 0 0 0 0 0 1 2 4 0 0 1 0 0 0 0 0 0 0 0 0 0 0 0 0 0 0 2 0 0 0 0 0 1 0 0 0 0 0 0 0 0 0 0 0 0 0 0 2 0 0 0 0 0 0 0 0 0 0 0 0 0 1 0 0 0 0 0 0 0 0 0 0 0 0 0 3 0 2 0 0 1 0 0 0 0 1 0 0 0 0 0 0 0 1 0 0 0 0 0 0 1 0 0 1 0 0 0 0 0 1 0 0 0 1 0 0 0 0 0 0 0 0 0 0 1 0 1 0 0 2 0 0 1 0 0 0 0 0 0 0 0 0 0 0 0 0 0 0 0 0 0 0 1 1 0 0 0 2 2 0 0 0 0 0 0 0 0 0 0 0 0 0 0 0 0 0 0 0 0 0 0 0 0
65 4 2 1 1 9 1 4 4 1 2 5 2 0 0 1 0 0 0 6 3 4 0 0 1 0 2 1 1 0 0 0 2 1 0 0 3 6 0 3 0 0 0 0 0 0 0 0 0 1 1 0 0 0 0 0 0 0 0 0 0 0 1 2 4 0 0 0 0 0 0 1 0 0 0 0 0 0 1 0 0 0 0 2 0 0 1 0 0 1 0 0 0 0 0 0 0 0 0 0 0 0 0 0 2 0 0 0 0 0 0 0 0 0 0 0 0 0 1 0 0 0 0 0 0 0 0 0 0 0 0 0 3 0 3 0 0 1 0 0 0 0 0 0 0 0 0 0 0 0 1 0 0 0 0 0 0 1 0 0 1 0 0 0 0 0 0 0 1 0 0 0 0 0 0 0 0 0 0 0 0 1 0 1 0 0 2 0 0 1 0 0 0 0 0 0 0 0 0 0 0 0 0 0 0 0 0 0 0 1 1 0 0 0 2 2 0 0 0 0 0 0 0 0 0 0 0 0 1 0 0 0 0 0 0 0 0 0 0 0
5 2 1 0 1 2 1 1 3 0 2 0 1 0 0 0 0 0 0 0 1 0 0 0 0 0 1 0 1 0 0 0 0 0 0 0 1 4 0 0 0 0 0 0 0 0 0 0 0 0 0 0 0 0 0 0 0 0 0 0 0 0 1 1 1 0 0 0 0 0 0 0 0 0 0 0 0 0 0 0 0 0 0 1 0 0 1 0 0 0 0 0 0 0 0 0 0 0 0 0 0 0 0 0 0 0 0 0 0 0 0 0 0 0 0 0 0 0 1 0 0 0 0 0 0 0 0 0 0 0 0 0 1 0 0 0 0 0 0 0 0 0 0 0 0 0 0 0 0 0 1 0 0 0 0 0 0 0 0 0 0 0 0 0 0 0 1 0 0 0 0 0 0 0 0 0 0 0 0 0 0 0 0 1 0 0 0 0 0 0 0 0 0 0 0 0 0 0 0 0 0 0 0 0 0 0 0 0 0 0 1 0 0 0 0 1 0 0 0 0 0 0 0 0 0 0 0 0 0 0 0 0 0 0 0 1 0 0 0 0
