857 8 5 5 2 21 8 13 3 1 0 3 7 13 6 9 5 2 0 2 9 9 7 0 7 5 6 6 11 9 0 1 7 4 4 2 5 9 0 1 0 0 0 0 0 0 0 0 0 0 0 0 0 0 0 0 0 0 0 0 0 0 4 3 5 0 0 3 0 0 0 0 4 0 0 0 0 2 0 0 1 0 0 6 0 0 0 0 4 0 0 0 0 0 0 1 0 0 0 0 0 0 0 0 9 0 0 0 0 0 0 0 0 0 0 0 0 0 0 0 0 0 0 0 0 0 0 0 1 0 2 0 8 0 8 0 0 0 0 10 6 0 6 0 0 0 0 0 0 0 0 0 0 0 0 0 1 0 0 0 0 0 0 0 0 0 0 0 1 0 2 0 0 2 0 0 0 0 0 1 3 3 0 0 2 0 3 0 0 0 1 0 0 0 1 0 1 0 0 0 0 1 0 0 0 0 0 0 0 1 4 0 0 0 3 4 0 0 0 0 0 0 0 0 0 0 4 0 1 1 0 1 0 1 0 0 1 0 0 2
549 8 3 5 1 11 8 10 1 1 1 5 2 10 0 2 4 0 0 0 5 8 3 0 6 2 4 5 9 10 0 1 3 2 2 0 2 6 0 0 0 0 0 0 0 0 0 0 0 0 0 0 0 0 0 0 0 0 0 0 0 0 5 3 2 0 0 3 0 0 0 0 2 0 0 1 1 2 1 0 1 0 0 2 0 0 0 0 0 0 0 0 0 0 0 0 0 0 0 0 0 0 0 1 6 0 0 0 0 0 0 0 0 0 0 0 0 0 0 0 0 0 0 0 0 0 0 0 0 0 3 0 4 0 8 0 0 0 0 6 1 0 3 0 0 0 0 0 0 0 0 0 0 0 0 0 0 0 0 0 0 0 0 0 0 0 0 0 1 0 2 0 0 1 0 0 0 0 0 1 0 2 0 0 0 0 4 0 0 0 0 1 0 0 1 0 0 0 0 0 0 3 0 0 0 0 0 0 0 0 2 0 0 0 3 1 0 0 0 0 0 0 0 0 0 0 1 0 0 0 0 0 0 0 0 0 1 0 0 0
439 7 6 3 0 14 5 12 0 5 1 0 3 9 3 4 4 1 0 2 5 10 4 2 2 3 3 1 11 4 0 1 0 0 4 0 0 7 1 0 0 0 0 0 0 0 0 0 0 1 0 0 0 0 0 0 0 0 0 0 1 0 3 3 3 0 0 3 0 0 0 0 2 0 0 0 0 1 0 0 1 0 0 5 2 0 0 0 3 0 0 0 0 0 0 0 1 0 0 0 0 0 0 0 7 0 0 0 0 0 0 0 0 0 0 0 0 0 0 0 0 0 0 0 0 0 0 0 0 0 2 0 8 1 9 0 1 0 0 9 5 0 4 0 0 0 0 0 0 0 0 0 0 0 1 0 0 0 0 0 0 0 0 1 0 0 0 1 0 0 0 0 0 0 0 0 0 0 0 1 0 0 0 0 0 0 2 0 0 0 0 0 0 0 1 0 0 0 0 0 0 2 0 0 0 0 0 0 0 0 3 0 0 0 3 0 0 0 1 0 0 0 0 0 0 0 0 1 0 3 0 1 0 0 0 0 0 0 0 0
590 9 8 2 4 14 4 9 1 1 2 5 3 5 0 4 2 1 0 1 5 5 1 0 5 3 1 10 11 6 1 0 0 3 2 0 2 6 0 0 0 0 0 0 0 0 0 0 0 1 0 0 0 0 0 0 1 0 0 0 3 0 0 0 2 0 0 3 0 0 0 0 3 0 0 0 0 1 0 0 1 0 0 3 0 0 0 0 2 0 0 0 0 0 0 0 0 0 0 0 0 0 1 1 5 0 0 0 0 0 0 0 0 0 0 0 0 0 0 0 0 0 0 0 0 0 0 0 0 0 2 0 7 0 6 0 0 0 0 6 0 0 0 0 0 0 0 0 0 0 0 0 0 0 1 0 0 0 0 0 0 0 0 0 0 0 0 0 0 0 2 0 0 0 0 0 0 0 0 1 2 1 0 0 0 0 1 0 0 0 2 0 0 1 1 1 0 0 0 0 0 1 0 1 0 0 0 0 0 1 5 0 0 0 2 0 0 0 1 0 0 0 0 0 0 0 0 0 1 0 0 0 0 0 0 0 0 0 0 1
186 9 1 2 1 15 3 9 2 1 3 6 5 2 0 3 3 0 0 1 5 5 1 0 2 4 1 2 8 2 0 0 0 4 2 0 1 7 0 0 0 0 0 0 0 0 0 0 0 1 0 0 0 0 0 0 1 0 0 0 2 0 0 0 2 0 0 2 0 0 0 0 2 0 0 0 0 0 0 0 1 0 0 2 0 0 0 0 1 0 0 0 0 0 0 0 0 0 0 0 0 0 0 1 5 0 0 0 0 0 0 1 0 0 0 0 0 0 0 0 0 0 0 0 0 0 0 0 0 0 2 0 6 0 6 0 0 0 0 4 0 0 0 0 0 0 0 0 0 0 0 0 0 0 1 0 0 0 0 0 0 0 0 0 0 0 0 0 0 0 1 0 0 1 0 0 0 0 0 1 1 1 0 0 0 0 1 0 0 0 0 0 0 0 1 2 0 0 0 0 0 1 0 0 0 0 0 0 0 0 4 0 0 0 1 0 0 0 1 0 0 0 0 0 0 0 0 0 0 0 0 0 0 0 0 0 0 0 0 0
183 6 1 2 1 13 3 9 0 3 2 2 3 2 1 5 2 0 0 1 5 5 2 0 3 4 3 2 8 2 0 0 2 0 4 0 0 7 0 0 0 0 0 0 0 0 0 0 0 1 0 0 0 0 0 0 1 0 0 0 2 0 0 1 2 0 0 3 0 0 0 0 2 0 0 0 0 0 0 0 1 0 0 2 0 0 0 0 1 0 0 0 0 0 0 0 0 0 0 0 0 0 0 1 8 0 0 0 0 0 0 0 0 0 0 0 0 0 0 0 0 0 0 0 0 0 0 0 0 0 2 0 8 0 6 0 0 0 0 5 0 0 3 0 0 0 0 0 0 0 0 0 0 0 0 0 0 0 0 0 0 0 0 0 0 0 0 0 0 0 1 0 0 0 0 0 0 0 0 1 1 1 0 0 0 0 2 0 0 0 0 0 0 0 1 1 0 0 0 0 0 1 0 0 0 0 0 0 0 0 5 0 0 0 1 0 0 0 1 0 0 0 0 0 0 0 0 0 0 0 0 1 0 0 0 0 0 0 0 0
379 12 1 5 0 14 4 10 0 1 2 5 4 5 0 3 1 0 0 1 6 5 3 0 4 5 3 2 8 4 0 0 0 4 4 0 1 9 0 1 0 0 0 0 0 0 0 1 0 1 0 0 0 0 0 0 0 0 0 0 1 0 0 1 4 0 0 2 0 1 0 1 2 0 0 0 0 1 0 0 1 0 0 3 0 0 0 0 2 0 0 0 0 0 0 0 0 0 0 0 0 0 0 1 5 0 0 0 0 0 0 0 0 0 0 0 0 0 0 0 0 0 0 0 0 0 0 0 0 0 2 0 5 0 7 0 0 0 0 8 0 0 0 0 0 0 0 0 0 0 0 0 0 0 1 0 0 0 0 0 0 0 0 0 0 0 0 1 0 0 0 0 0 1 0 0 0 0 0 1 0 2 0 0 1 0 2 0 0 1 0 0 0 1 1 0 0 0 0 0 0 1 0 0 0 0 0 0 0 0 3 0 0 0 1 0 0 0 0 0 0 0 0 0 0 0 0 0 0 0 0 0 0 0 0 0 0 0 0 0
741 4 2 4 3 12 3 6 3 1 4 0 3 4 1 4 1 1 0 4 7 6 2 0 6 1 7 7 10 3 0 0 1 0 0 1 2 6 0 5 0 0 0 0 0 0 0 0 0 0 0 0 0 0 0 0 0 0 0 0 0 0 1 5 4 0 0 4 0 0 0 0 3 0 0 0 0 1 0 0 1 0 0 3 0 0 0 0 1 0 0 0 0 0 0 1 0 0 2 0 0 0 0 0 7 0 0 0 0 0 0 1 0 0 0 0 0 0 0 0 0 0 0 0 0 0 0 0 0 0 2 0 3 0 6 0 0 0 0 5 0 0 2 0 0 1 0 0 0 0 0 0 0 0 0 0 0 0 0 0 0 0 0 0 1 0 0 1 0 0 1 0 0 0 0 0 0 0 0 1 1 0 0 0 1 0 2 0 0 0 0 0 0 0 1 0 0 0 0 0 0 1 1 0 0 0 0 0 0 1 2 0 0 0 3 11 0 0 0 1 0 0 0 0 0 0 1 0 1 0 0 0 0 0 0 1 0 0 0 0
254 7 2 6 2 11 5 9 3 0 3 0 4 5 2 2 2 0 1 1 8 9 5 0 10 1 4 4 11 6 0 0 4 1 2 2 1 6 0 5 0 0 0 0 0 0 0 0 0 0 0 0 0 0 0 0 0 0 0 0 0 0 2 6 4 0 0 2 0 1 0 0 2 0 0 0 0 1 0 0 1 0 0 4 0 0 0 0 1 0 0 0 0 0 0 0 0 0 1 0 0 0 0 0 6 0 0 0 0 0 0 2 0 0 0 0 0 0 0 0 0 0 0 0 0 0 0 0 0 1 2 0 4 0 7 0 0 0 0 6 2 0 4 0 0 1 0 0 0 0 0 0 1 0 0 0 0 0 0 0 0 0 0 0 0 0 0 1 1 0 0 0 0 0 0 0 0 0 0 1 0 3 0 0 1 0 1 0 0 0 0 0 1 0 1 0 0 0 0 0 0 1 2 0 0 2 0 0 0 1 1 0 0 0 5 11 0 0 0 0 0 0 0 0 0 0 0 0 0 0 0 0 0 0 0 2 0 0 0 0
112 6 2 8 1 11 2 7 1 1 2 1 4 4 0 1 1 0 1 1 8 8 7 0 7 1 3 3 8 6 0 0 1 2 1 2 0 5 0 4 0 0 0 0 0 0 0 0 0 0 0 0 0 0 0 0 0 0 0 0 0 0 2 6 4 0 0 2 0 0 0 0 2 0 0 0 0 0 0 0 1 0 0 3 0 0 0 0 1 0 0 0 0 0 0 0 0 0 1 0 0 0 0 0 4 0 0 0 0 0 0 2 0 0 0 0 0 0 0 0 0 0 0 0 0 0 0 0 0 0 2 0 4 0 5 0 0 0 0 4 0 0 2 0 0 1 0 0 0 0 0 0 0 0 0 0 0 0 0 0 0 0 0 0 0 0 0 1 1 0 1 0 0 0 0 0 0 0 0 1 0 1 0 0 1 0 1 0 0 0 0 0 0 0 1 0 0 0 0 0 1 1 1 0 0 0 0 0 0 1 3 0 0 0 2 10 0 0 0 0 0 0 0 0 0 0 0 1 0 0 0 0 0 1 0 1 0 0 0 0
31 2 1 2 0 2 1 2 0 0 2 1 2 2 0 1 0 0 1 0 7 2 2 0 3 0 2 3 2 3 0 0 2 0 0 2 0 3 0 3 0 0 0 0 0 0 0 0 0 0 0 0 0 0 0 0 0 0 0 0 0 0 2 3 3 0 0 2 0 0 0 0 0 0 0 0 0 0 0 0 0 0 0 0 0 0 0 0 0 0 0 0 0 0 0 0 0 0 1 0 0 0 0 0 0 0 0 0 0 0 0 1 0 0 0 0 0 0 0 0 0 0 0 0 0 0 0 0 0 0 1 0 2 0 0 0 0 0 0 2 0 0 1 0 0 1 0 0 0 0 0 0 0 0 0 0 0 0 1 0 0 0 0 0 0 0 0 0 0 0 0 0 0 0 0 0 0 0 0 1 0 0 0 0 1 0 1 0 0 0 0 0 0 0 0 0 0 0 0 1 1 0 0 0 0 0 0 0 0 1 1 0 0 0 1 5 0 0 0 0 0 0 0 0 0 0 0 0 0 0 0 0 0 0 0 0 0 0 0 0
21 1 0 1 0 0 1 1 0 0 1 0 2 2 0 1 0 0 0 0 7 3 2 0 3 0 2 2 2 2 0 0 1 1 0 2 0 3 0 2 1 0 0 0 0 0 0 0 0 0 0 0 0 0 0 0 0 0 0 0 0 0 2 2 1 0 0 2 0 0 0 0 0 0 0 0 0 0 0 0 0 0 0 0 0 0 0 0 0 0 0 0 0 0 0 0 0 0 1 0 0 0 0 0 0 0 0 0 0 0 0 1 0 0 0 0 0 0 0 0 0 0 0 0 0 0 0 0 0 0 0 0 0 0 0 0 0 0 0 1 0 0 1 0 0 1 0 0 0 0 0 0 0 0 0 0 0 0 0 0 0 1 0 0 0 0 0 0 0 0 0 0 0 0 0 0 0 0 0 1 0 0 0 0 1 0 0 0 0 0 0 0 0 0 0 0 0 0 0 0 0 0 0 0 0 0 0 0 0 1 1 0 0 0 1 5 0 0 0 0 0 0 0 0 0 0 0 0 0 1 0 0 0 0 0 0 0 0 0 0
122 5 1 3 1 12 5 8 1 0 2 0 3 4 2 1 1 0 1 1 7 6 4 0 6 0 3 3 9 5 0 0 0 0 1 1 0 5 0 4 0 0 0 0 0 0 0 0 0 0 0 0 0 0 0 0 0 0 0 0 0 0 3 4 3 0 0 3 0 0 0 1 1 0 0 0 0 0 0 0 1 0 0 2 0 0 0 0 1 0 0 0 0 0 0 0 0 0 1 0 0 0 0 0 3 0 0 0 0 0 0 3 0 0 0 0 0 0 0 0 0 0 0 0 0 0 0 0 0 0 2 0 4 0 5 0 0 0 0 6 0 0 1 0 0 1 0 0 0 0 0 0 0 0 1 0 0 0 0 0 0 0 0 0 0 0 0 1 1 0 1 0 0 0 0 0 0 0 0 1 0 0 0 0 0 0 1 0 0 0 1 0 0 0 1 0 0 0 0 0 0 1 1 0 0 0 0 0 0 1 3 0 0 0 2 8 0 0 0 0 0 0 0 0 0 0 0 1 0 0 0 0 0 0 0 2 0 0 1 0
99 5 1 3 1 6 2 4 1 0 2 0 4 3 1 2 2 0 1 1 6 4 3 0 5 0 3 2 6 6 0 0 0 0 0 1 0 4 0 4 0 0 0 0 0 0 0 0 0 0 0 0 0 0 0 0 0 0 0 0 0 0 2 4 3 0 0 2 0 0 0 0 0 0 0 0 0 0 0 0 1 0 0 1 0 0 1 0 1 0 0 0 0 0 0 0 0 0 1 0 0 0 0 0 5 0 0 0 0 0 0 2 0 0 0 0 0 0 0 0 0 0 0 0 0 0 0 0 0 0 2 0 6 0 4 0 0 0 0 4 0 0 1 0 1 1 0 0 0 0 0 0 0 0 0 0 0 0 0 0 0 0 0 0 0 0 0 1 1 0 0 0 0 0 0 0 0 0 0 1 0 1 0 0 0 0 2 0 1 0 0 0 0 0 1 0 0 0 0 0 0 1 1 0 0 0 0 0 0 1 1 0 0 0 3 7 0 0 0 0 0 0 0 0 0 0 0 0 0 0 0 0 0 0 0 1 0 0 0 0
690 5 1 4 1 18 6 11 1 1 0 5 3 9 2 2 5 0 0 1 9 7 4 0 2 1 5 6 13 6 0 1 5 1 2 0 3 4 0 0 0 0 0 0 0 0 0 0 0 0 0 0 0 0 0 0 0 0 0 0 0 0 3 2 2 0 0 6 0 0 0 0 2 0 2 0 0 2 0 0 1 0 0 4 0 0 0 0 0 0 0 0 0 0 0 0 0 0 0 0 0 0 0 0 4 0 0 0 0 0 0 0 0 0 0 0 0 0 0 0 0 0 0 0 0 0 0 0 0 0 3 0 3 0 6 0 0 0 0 6 2 0 7 0 0 0 0 0 0 0 0 0 0 0 0 0 0 0 0 0 0 0 0 0 0 0 0 0 0 0 2 0 0 1 0 0 0 0 0 1 1 5 0 0 0 0 1 0 0 0 0 0 0 0 1 0 0 0 0 0 0 1 0 0 0 0 0 0 0 0 1 0 0 0 1 0 0 0 0 0 0 0 0 0 0 0 2 0 2 0 0 0 0 0 0 0 1 0 1 0
12708 18 21 3 11 47 22 9 16 7 22 28 0 6 22 17 5 21 9 8 7 0 0 22 22 4 6 22 25 9 9 11 18 7 38 22 8 33 6 0 0 0 1 0 0 0 0 2 0 10 0 0 0 0 0 0 0 0 0 0 6 2 1 4 1 2 0 20 0 0 2 0 0 0 0 0 0 0 0 0 0 1 0 1 3 0 0 0 1 0 0 0 0 0 0 0 0 0 0 0 0 0 0 0 6 1 5 0 0 0 1 2 0 0 0 0 0 0 0 0 1 0 0 0 0 0 0 0 0 0 0 0 1 0 13 0 0 0 5 1 1 0 43 0 0 0 0 0 2 0 0 0 0 0 0 0 0 0 2 0 0 0 0 0 1 0 0 0 0 0 0 0 0 0 0 0 0 0 0 0 0 6 0 1 0 0 5 0 0 0 0 0 1 0 0 0 0 0 0 0 0 0 0 0 0 0 0 0 0 16 0 0 0 0 11 0 0 0 0 0 1 0 0 0 0 0 6 0 0 3 0 1 0 0 0 0 0 0 0 0
120 5 0 0 0 0 1 0 0 0 0 0 0 1 1 0 0 0 0 0 1 0 0 0 1 0 0 1 0 0 0 0 0 1 2 0 0 1 0 1 0 0 0 0 0 0 0 0 0 0 0 0 0 0 0 0 0 0 0 0 0 0 0 0 0 0 0 0 0 0 0 0 0 0 0 0 0 0 0 0 0 0 0 0 0 0 0 0 0 0 0 0 0 0 0 0 0 0 0 0 0 0 0 0 0 0 0 0 0 0 0 0 0 0 0 0 0 0 0 0 0 0 0 0 0 0 0 0 0 0 0 0 1 0 1 0 0 0 0 0 1 0 0 0 0 0 1 0 0 0 0 0 0 0 1 0 0 0 0 0 0 0 0 0 0 0 0 0 0 0 0 0 0 1 0 0 0 0 0 0 0 0 0 0 0 0 0 0 0 0 0 0 0 0 0 1 0 0 0 0 0 0 0 0 0 0 0 0 0 0 0 0 0 0 1 0 0 0 0 0 0 0 0 0 0 0 0 0 0 0 0 0 0 0 0 0 0 0 0 0
309 4 1 0 0 1 3 0 1 0 0 0 1 2 0 0 1 0 0 0 2 0 0 0 0 0 4 2 1 2 0 0 1 0 0 0 4 1 0 1 0 0 0 0 0 0 0 0 0 0 0 0 0 0 0 0 0 0 0 0 0 0 1 5 0 0 0 0 1 0 0 0 0 0 0 0 0 0 0 0 0 0 0 0 0 0 0 0 0 0 0 0 0 0 0 0 0 0 0 0 0 0 0 0 3 0 0 1 0 0 0 0 0 2 0 0 0 0 0 0 0 0 0 0 0 0 0 1 0 1 0 0 1 0 1 0 0 0 0 0 0 1 0 0 0 0 0 0 0 0 0 1 0 0 0 0 1 0 0 0 1 0 0 0 0 0 0 0 0 0 0 0 0 0 0 0 0 0 0 0 0 0 0 0 0 0 0 0 1 0 0 0 0 0 0 0 0 0 0 0 0 0 0 0 0 0 0 0 0 0 2 0 0 0 2 0 0 0 0 0 0 0 0 0 0 0 0 0 0 0 0 0 0 0 0 1 0 0 0 0
856 1 1 1 2 5 1 1 2 3 2 1 0 1 2 1 0 0 0 0 0 0 1 0 2 1 0 2 0 0 0 0 0 0 2 0 1 2 0 0 0 0 0 0 0 0 0 0 0 0 0 0 0 0 0 0 0 0 0 0 0 0 0 1 1 0 0 3 0 0 0 0 0 0 1 0 0 0 0 0 0 0 0 0 0 0 0 0 0 0 0 0 0 0 0 0 0 0 0 0 0 0 0 0 0 0 1 0 0 0 0 0 0 0 0 0 0 0 0 0 0 0 0 0 0 0 0 0 0 0 0 0 0 0 0 0 0 0 0 0 1 0 3 0 0 0 0 0 0 0 0 0 0 0 0 0 1 0 0 0 0 0 0 0 0 0 0 0 0 0 0 0 0 0 0 0 0 0 0 0 0 0 0 0 0 0 2 0 0 0 0 0 0 0 0 0 0 0 0 0 0 0 0 0 0 0 0 0 0 3 0 0 0 0 2 0 0 0 0 0 0 0 0 0 0 0 0 0 0 0 0 0 0 0 0 0 0 0 0 0
293 6 4 0 1 5 1 1 1 2 3 0 2 2 2 2 6 0 0 1 3 0 3 0 2 1 0 1 0 5 0 0 5 2 5 0 3 3 0 0 0 0 0 0 0 0 0 0 0 0 0 0 0 0 0 0 0 0 0 0 0 0 1 2 1 0 0 4 0 0 0 0 0 0 1 0 0 0 0 0 0 0 0 0 0 0 1 0 1 0 0 0 0 0 0 0 0 0 0 0 0 0 0 0 2 0 1 0 0 0 0 0 0 0 0 0 0 0 0 0 0 0 0 0 0 0 0 0 0 0 0 0 0 0 0 0 0 0 0 2 2 0 6 0 0 0 0 0 0 0 0 0 0 0 0 0 1 0 0 0 0 0 0 0 0 1 0 0 0 0 0 0 0 0 0 0 0 0 0 0 0 0 0 0 0 0 2 0 0 0 0 0 0 0 0 0 0 0 0 0 0 0 0 0 0 0 0 0 0 3 0 0 0 0 1 1 0 0 0 0 0 0 0 0 0 0 1 0 0 0 0 0 0 0 0 0 1 0 0 0
515 4 5 5 0 8 2 5 5 1 5 2 1 3 4 1 2 0 0 2 0 1 3 0 7 1 6 9 4 1 0 0 3 1 1 0 2 4 0 1 0 0 0 0 0 0 0 0 0 1 0 0 0 0 0 0 0 0 0 0 0 0 1 4 5 0 0 3 0 1 0 0 0 0 1 0 0 0 0 0 0 0 0 0 0 0 0 0 2 0 0 0 0 0 0 1 0 0 0 0 0 0 0 0 3 0 0 0 0 0 0 0 0 0 0 0 0 0 0 0 0 0 0 0 0 0 0 0 0 0 1 0 2 0 5 0 0 0 0 4 3 0 4 0 0 0 0 0 0 0 0 0 0 0 1 0 0 0 1 0 0 0 0 0 0 1 0 0 0 0 0 0 0 0 0 0 0 0 0 0 0 3 0 0 0 0 2 0 0 0 0 0 0 0 0 0 0 0 0 0 0 1 0 0 0 0 0 0 0 1 1 0 0 0 3 0 0 0 1 0 0 0 0 0 0 0 0 1 0 0 0 1 0 0 0 0 0 0 0 0
440 15 5 1 0 15 2 5 1 9 3 6 3 1 5 5 2 0 0 3 6 1 0 3 3 3 4 2 2 0 0 0 14 11 5 3 3 9 0 1 0 0 0 0 0 0 0 0 0 2 0 0 0 0 0 0 0 0 0 0 0 0 0 5 3 0 0 3 0 0 0 0 0 0 1 0 0 0 0 0 0 0 1 1 0 0 0 0 2 0 0 0 0 0 0 0 0 0 0 0 0 0 0 0 11 0 0 0 0 0 0 0 0 0 0 0 0 0 0 0 0 0 0 1 0 0 0 0 0 0 0 0 11 0 14 0 0 0 0 0 3 0 17 0 0 0 0 0 0 0 0 0 0 0 0 0 0 0 0 0 0 0 0 0 0 0 0 0 0 0 0 0 0 0 0 0 0 0 0 0 0 10 0 0 0 0 1 0 0 0 0 0 0 0 0 0 0 0 0 0 0 0 0 0 0 0 0 0 0 1 2 0 0 0 6 1 0 0 0 0 0 0 0 0 1 0 0 0 0 0 0 0 0 0 0 0 0 0 0 0
622 2 2 1 1 5 3 2 3 0 2 0 1 3 0 1 2 0 0 2 1 0 1 2 3 1 2 4 4 2 0 0 3 1 0 2 1 5 0 0 2 0 0 0 0 0 0 0 0 1 0 0 0 0 0 0 0 0 0 2 2 0 0 5 0 0 0 2 0 0 0 0 0 0 1 0 0 0 0 0 1 0 0 1 0 0 0 0 0 0 0 0 0 0 0 0 0 0 0 0 0 0 0 1 3 1 0 0 0 0 0 0 0 0 0 0 0 0 0 0 0 0 0 0 0 0 0 0 0 0 0 0 2 0 0 0 0 0 0 0 2 0 4 0 0 0 0 0 0 0 0 0 0 0 0 0 0 0 0 0 0 0 0 0 0 0 0 0 0 0 0 0 0 0 0 0 0 0 0 0 0 2 0 0 0 0 0 0 0 0 0 0 0 1 0 0 0 0 0 0 1 0 0 0 0 0 0 0 0 2 2 0 1 0 0 0 0 0 0 0 0 0 0 0 0 0 0 0 1 0 0 0 0 0 0 0 0 0 0 2
127 2 2 0 1 3 3 1 2 1 1 2 2 2 0 1 1 0 0 2 2 0 0 1 3 2 0 2 3 2 0 0 0 0 0 1 0 6 0 1 1 0 0 0 0 0 0 0 0 1 0 0 0 0 0 0 0 0 0 0 1 0 0 3 1 0 0 2 0 0 0 0 0 0 1 0 0 0 0 0 1 0 0 0 0 0 0 0 0 0 0 0 0 0 0 0 0 0 0 0 0 0 0 1 2 0 0 0 0 0 0 0 0 0 0 0 0 0 0 0 0 0 0 0 0 0 0 0 0 0 0 0 2 0 2 0 0 0 0 0 1 0 0 0 0 0 0 0 0 0 0 0 0 0 0 0 0 0 1 0 0 0 0 0 0 0 0 0 0 0 0 0 0 0 0 0 0 0 0 0 2 1 0 0 1 0 0 0 0 0 0 0 0 0 0 0 0 0 0 0 1 0 0 0 0 0 0 0 0 2 1 0 0 0 1 0 0 0 0 0 0 0 0 0 0 0 0 0 1 0 0 0 0 1 0 0 0 1 0 1
448 7 4 4 0 6 0 2 5 3 1 1 0 3 3 1 2 1 0 3 2 0 4 0 5 2 2 3 2 1 0 0 2 6 6 0 6 9 0 4 0 0 0 0 0 0 0 0 0 3 0 0 0 0 0 0 0 0 0 0 0 0 0 6 1 0 0 4 0 0 0 0 1 0 1 0 0 0 0 0 0 0 0 0 0 0 0 0 3 0 0 0 0 0 0 0 0 0 0 0 0 0 0 0 6 1 0 0 0 0 0 0 0 1 0 0 0 0 0 0 0 0 0 0 0 0 0 1 1 0 0 0 3 0 5 0 0 0 1 0 2 1 0 0 0 0 0 0 0 0 0 0 0 0 0 0 0 1 0 0 0 0 1 0 0 1 0 0 0 0 1 0 0 0 0 0 0 1 0 1 0 3 0 0 1 0 1 0 0 0 0 0 0 0 0 0 0 0 0 0 0 0 0 0 0 0 0 1 0 1 1 1 0 0 6 1 0 0 0 0 0 0 0 0 0 0 2 0 1 0 0 0 0 1 0 0 0 1 0 0
3343 12 15 2 4 29 7 2 16 4 15 12 0 1 12 11 11 13 2 17 1 1 3 13 16 1 7 10 7 2 10 3 5 9 19 10 7 15 1 0 0 0 0 0 0 0 0 0 0 6 0 0 0 0 0 0 0 0 0 0 2 0 1 1 0 1 0 12 0 0 0 0 1 0 0 0 0 0 0 0 0 0 0 2 0 0 0 0 2 0 0 0 0 1 0 0 0 0 0 0 0 0 0 0 5 0 2 0 0 0 1 2 0 0 0 0 0 0 0 0 0 0 0 0 0 0 0 0 0 0 0 0 2 0 2 0 0 0 0 0 1 0 13 0 0 0 0 0 0 0 0 0 0 0 0 0 0 0 1 0 0 0 0 0 2 0 0 0 0 0 2 0 0 1 0 0 0 0 0 0 1 3 0 1 1 0 5 0 0 0 0 0 0 0 0 0 0 0 0 0 0 0 0 0 0 0 0 0 0 3 0 0 2 0 6 0 0 0 0 0 0 0 0 0 0 0 4 0 2 3 0 1 0 0 0 0 0 0 0 0
181 0 3 3 0 8 0 4 0 2 0 4 0 0 4 2 2 1 0 0 0 0 0 0 2 0 1 2 1 0 0 0 3 3 7 0 0 0 0 0 0 0 0 0 0 0 0 0 0 0 0 0 0 0 0 0 0 0 0 0 0 0 0 2 1 0 0 0 0 0 0 0 0 0 0 0 0 0 0 0 0 0 0 0 0 0 0 0 0 0 0 0 0 0 0 0 0 0 0 0 0 0 0 0 1 0 0 0 0 0 0 0 0 0 0 0 0 0 0 0 0 0 0 0 0 0 0 0 0 1 0 0 0 0 1 0 0 0 0 0 0 0 7 0 0 0 0 0 0 0 0 0 0 0 1 0 0 0 0 0 0 0 0 0 0 0 0 0 0 0 0 0 0 0 0 0 0 0 0 0 0 8 0 0 0 0 1 0 0 0 0 0 0 0 0 0 0 0 0 0 0 0 0 0 0 0 0 0 0 0 0 0 0 0 4 0 0 0 0 0 0 0 0 0 0 0 0 0 0 0 0 0 0 0 0 0 0 0 0 0
719 7 4 0 3 19 4 4 4 2 6 1 0 0 8 9 5 7 1 6 0 0 1 2 5 0 0 3 3 2 3 1 3 1 5 2 4 7 1 0 0 0 0 0 0 0 0 0 0 2 0 0 0 0 0 0 0 0 0 0 1 0 0 0 0 0 0 5 0 0 0 0 1 0 1 0 1 0 0 0 0 0 0 3 0 0 0 0 2 0 0 0 0 1 0 0 0 0 0 0 0 0 0 0 1 0 1 0 0 0 1 1 0 0 0 0 0 0 0 0 0 0 0 0 0 0 0 0 0 0 0 0 1 0 3 0 0 0 0 2 0 0 7 0 0 0 0 0 0 0 0 0 0 0 0 0 0 0 0 0 0 0 0 0 2 0 0 0 0 0 0 0 0 1 0 0 0 0 0 0 1 0 0 0 1 0 1 0 0 0 0 0 0 0 0 0 0 0 0 1 0 0 0 0 0 0 0 0 3 1 1 0 1 0 6 0 0 0 0 0 0 0 0 0 0 0 3 0 1 1 0 0 0 0 0 0 0 0 0 0
264 4 3 0 3 1 0 1 1 2 3 3 1 1 1 1 0 1 0 0 0 0 1 0 6 1 1 1 0 1 0 0 2 2 6 0 2 1 0 1 1 0 0 0 0 0 0 0 0 0 0 0 0 0 0 0 0 0 0 0 0 0 1 1 1 0 0 2 0 0 0 0 0 0 1 0 1 0 0 0 0 0 0 0 0 0 0 0 1 0 0 0 0 0 0 0 0 0 0 0 0 0 0 0 0 0 0 0 0 0 0 1 0 0 0 0 0 0 0 0 0 0 0 0 0 0 0 0 0 0 0 0 1 1 1 0 0 0 0 0 1 0 2 0 0 0 0 0 0 0 0 0 0 0 0 0 0 0 0 0 0 0 0 0 0 0 0 0 0 0 0 0 0 0 0 0 0 0 0 0 1 1 0 0 1 0 0 0 0 0 0 0 0 0 0 0 0 0 0 1 0 0 0 0 0 0 0 0 3 2 0 0 1 0 6 1 0 0 0 0 0 0 0 0 0 0 2 0 1 1 0 0 0 0 0 0 0 0 0 0
291 4 2 1 2 6 1 4 0 2 0 3 2 0 4 2 1 1 0 0 2 0 0 0 5 0 1 4 7 1 0 1 5 3 4 1 2 6 1 0 0 0 1 0 0 0 0 0 0 0 0 0 0 1 0 0 0 0 0 0 0 0 2 3 0 0 0 1 0 0 0 0 0 0 1 0 1 0 0 0 0 1 0 2 0 0 0 0 1 0 0 0 0 1 0 0 0 0 0 0 0 0 0 0 0 0 0 0 0 0 0 0 0 0 0 0 0 0 0 0 0 0 0 0 0 0 0 0 0 0 1 0 0 0 3 0 0 0 0 1 0 0 5 0 0 0 0 0 0 0 0 0 0 0 0 0 0 0 0 0 0 0 0 0 1 0 0 0 1 0 1 0 0 0 0 0 0 0 0 1 1 1 0 0 1 0 1 0 0 0 0 0 0 0 0 0 0 0 0 1 0 0 0 0 0 0 0 0 3 2 0 0 2 0 4 1 0 0 0 0 0 0 0 0 0 0 2 0 1 0 0 0 0 0 0 0 0 0 0 0
288 8 3 2 3 10 0 3 4 4 1 6 2 0 8 3 3 3 0 4 2 1 0 0 7 0 4 3 3 1 2 1 5 7 9 0 6 8 1 2 0 0 0 0 0 0 0 0 0 1 0 0 1 0 0 0 0 0 0 0 0 0 0 3 2 1 0 2 0 0 0 0 0 0 2 0 1 0 0 0 0 0 0 0 0 0 0 0 1 0 0 0 1 0 0 0 0 0 0 0 0 0 0 0 1 0 0 1 0 0 0 0 0 0 0 0 0 0 0 0 0 0 0 0 0 0 0 0 0 0 0 0 2 0 7 0 0 0 0 4 2 1 6 0 0 0 0 0 0 0 0 0 0 0 0 0 0 0 0 0 0 0 0 0 1 0 0 0 0 0 1 0 0 1 0 0 0 0 0 0 1 1 0 0 1 0 1 0 0 0 0 1 0 0 0 0 0 0 0 1 0 0 0 0 0 0 0 0 3 2 3 0 1 0 5 1 0 0 0 0 0 0 0 0 0 0 3 0 2 0 0 0 0 0 0 0 0 1 0 0
222 2 3 1 2 7 1 3 2 5 0 2 1 0 1 2 2 2 0 0 4 0 1 0 7 0 1 7 3 1 0 0 6 1 4 0 6 1 0 0 1 0 0 0 0 0 0 0 0 0 0 0 0 0 0 0 0 0 0 0 0 0 0 1 0 1 0 2 0 1 0 0 1 0 1 0 2 0 0 0 0 0 0 2 0 0 0 0 0 0 0 0 0 0 0 0 0 0 0 0 0 0 0 0 3 0 0 1 0 0 0 0 0 0 0 0 0 0 0 0 0 0 0 0 0 0 0 0 0 0 0 0 1 0 2 0 0 0 0 2 0 0 4 0 0 0 0 0 0 0 0 0 0 2 0 0 0 1 0 0 0 0 0 0 0 0 0 0 0 0 0 0 0 0 0 0 0 0 0 0 1 0 0 1 1 1 2 0 0 0 0 0 0 1 0 0 0 0 0 1 0 0 0 0 0 0 0 0 3 1 3 0 1 0 2 0 0 0 0 0 0 0 0 0 0 0 4 0 1 0 0 0 0 0 0 0 0 1 0 0
86 2 1 0 0 8 1 4 1 3 0 3 0 1 1 0 2 0 0 0 3 2 0 1 1 0 1 2 1 1 0 0 2 1 1 0 3 1 0 0 0 0 0 0 0 0 0 0 0 0 0 0 0 0 0 0 0 0 0 0 0 0 0 1 1 0 0 4 0 0 0 0 0 0 0 0 0 0 0 0 0 0 0 1 0 0 0 0 0 0 0 0 0 0 0 0 0 0 0 0 0 0 1 0 1 0 0 1 0 0 0 0 0 0 0 0 0 0 0 0 0 0 0 0 0 0 0 0 0 0 0 0 0 0 2 0 0 0 0 1 0 0 2 0 0 0 0 0 0 0 1 0 0 1 0 0 0 0 1 0 0 0 0 0 0 0 0 0 0 0 0 0 0 1 0 0 0 0 0 0 0 1 0 0 1 0 1 0 0 0 1 0 0 1 0 0 0 0 0 1 0 0 0 0 0 0 0 0 2 0 3 0 0 0 0 0 0 0 0 0 0 0 0 0 0 0 1 0 0 0 0 0 0 0 0 0 0 1 0 0
553 10 5 3 2 18 4 9 5 0 8 3 1 3 4 8 7 6 1 8 1 2 2 2 7 0 4 4 6 2 3 1 7 4 10 5 5 7 1 0 0 0 0 0 0 0 0 0 0 1 0 0 0 0 0 0 0 0 0 0 1 1 2 0 2 0 0 7 0 2 0 0 0 0 0 0 0 0 0 0 0 0 0 6 0 1 0 0 3 0 0 1 0 1 0 0 0 0 0 0 0 0 0 0 3 0 1 0 0 0 1 2 0 0 0 0 0 0 0 0 0 0 0 0 0 0 0 0 1 0 1 0 1 0 0 0 0 0 0 1 2 1 3 0 0 0 0 0 0 0 0 0 0 0 0 0 0 0 0 1 0 0 0 0 2 0 0 0 0 0 1 0 0 2 0 0 0 0 0 0 1 2 0 0 0 0 0 0 0 0 0 0 0 0 0 0 0 0 0 0 0 0 0 0 0 0 0 0 0 0 2 0 2 0 4 2 0 0 1 0 0 0 0 0 0 0 3 0 0 0 0 0 0 0 0 1 0 0 0 0
290 7 4 6 2 13 1 6 5 0 4 6 3 6 4 4 6 2 0 6 1 1 1 1 5 0 9 3 8 2 2 1 3 5 7 1 7 6 1 2 0 0 0 0 0 0 0 0 0 1 0 0 0 0 0 0 0 0 0 0 0 1 3 5 1 0 0 2 0 2 0 0 0 0 0 0 0 0 3 0 0 1 0 6 0 1 1 0 2 0 0 1 0 1 0 0 0 0 0 0 0 0 0 0 3 0 0 0 0 0 0 1 0 0 0 0 0 0 0 0 0 0 0 0 0 0 0 0 0 0 1 0 1 0 3 0 0 0 0 3 1 0 2 0 0 0 0 0 0 0 0 0 0 0 0 1 0 0 0 0 0 0 0 0 1 0 0 0 0 0 1 0 0 1 0 2 0 0 0 0 0 3 0 1 0 0 0 0 0 0 0 0 0 1 1 0 0 1 0 0 1 0 0 0 0 0 0 0 0 0 2 0 2 0 1 2 0 0 1 0 0 0 1 0 0 0 1 0 0 0 0 0 0 0 0 1 1 0 0 0
777 7 9 14 2 20 17 4 10 0 9 6 2 14 2 7 17 6 1 9 0 7 12 2 18 3 14 16 18 10 2 2 4 2 7 3 13 10 1 2 0 0 0 0 0 0 0 0 0 2 0 0 0 0 0 0 0 0 0 0 1 0 13 8 2 0 0 6 0 2 0 0 1 0 0 0 0 0 1 0 0 0 0 11 0 0 2 0 3 0 0 0 0 1 0 0 0 0 0 0 0 0 0 0 3 0 1 0 0 0 1 1 0 0 0 0 0 0 0 0 0 0 0 0 0 0 0 0 0 0 1 0 4 0 2 0 0 0 0 13 1 0 2 0 0 0 0 0 0 0 0 0 1 0 1 2 0 0 0 0 0 0 0 1 2 1 0 0 0 0 1 0 0 2 0 0 0 0 0 0 1 3 0 1 1 1 0 0 0 0 2 0 0 0 0 0 2 0 0 0 0 1 0 0 0 0 0 0 0 0 9 0 1 0 2 3 0 0 0 0 2 0 0 0 0 0 1 0 1 2 1 0 1 0 0 0 2 0 0 0
226 2 4 8 2 4 8 3 1 0 2 2 3 8 3 0 2 0 0 5 0 3 7 0 9 2 7 5 6 1 0 1 1 1 7 0 6 5 1 2 0 0 0 0 0 0 0 0 0 0 0 0 0 0 0 0 0 0 0 0 0 0 3 6 2 0 0 0 0 1 0 0 0 0 0 0 0 0 1 0 0 0 0 4 0 0 1 0 0 0 0 0 0 0 0 0 0 0 0 0 0 0 0 0 0 0 0 0 0 0 0 0 0 0 0 0 0 0 0 0 0 0 0 0 0 0 0 0 0 0 1 0 2 0 1 0 0 0 0 6 0 0 0 0 0 0 0 0 0 0 0 0 0 0 0 1 0 0 0 0 0 0 0 0 0 0 0 0 0 0 0 0 0 1 0 0 1 0 0 0 1 3 0 0 1 0 1 0 0 0 2 0 0 0 0 0 2 0 0 0 1 1 0 0 0 0 0 0 0 0 2 0 1 0 1 2 0 0 0 0 2 0 0 0 0 0 1 0 0 0 0 0 1 0 0 0 0 0 0 0
1799 9 5 8 1 18 10 3 5 1 4 5 2 0 11 7 7 5 1 7 2 6 5 1 4 2 9 5 7 2 2 2 5 2 6 6 6 7 0 0 0 0 0 0 0 0 0 0 0 2 0 0 0 0 0 0 0 0 0 0 2 1 2 3 0 0 0 4 0 0 0 0 2 0 0 0 0 0 0 0 0 0 0 2 0 0 0 0 1 0 0 0 0 0 0 0 0 0 0 0 0 0 0 0 6 0 0 0 0 0 1 0 0 0 0 0 0 0 0 0 0 0 0 0 0 0 0 0 0 0 0 0 3 0 2 0 0 0 0 6 1 0 11 0 0 0 0 0 0 0 0 0 0 0 1 0 0 0 1 0 0 0 0 0 1 0 0 0 0 0 0 0 0 1 0 0 0 0 0 0 1 2 0 1 2 0 3 0 0 0 0 0 0 0 0 0 0 0 0 0 0 0 0 0 0 0 0 0 0 1 0 0 0 0 7 1 0 0 0 1 1 0 0 0 1 0 8 0 0 2 0 0 0 0 1 0 0 0 0 0
304 5 4 7 0 1 2 1 0 3 0 6 3 1 12 1 2 0 0 0 2 0 2 0 2 1 8 5 2 1 0 1 6 6 4 0 5 5 0 0 0 0 0 0 0 0 0 0 0 0 0 0 0 0 0 0 0 0 0 0 0 0 4 3 0 0 0 2 0 0 0 0 0 0 0 0 0 0 0 0 0 0 0 0 0 0 0 0 0 0 0 0 0 0 0 0 0 0 0 0 0 0 0 1 1 0 0 0 0 0 0 0 0 0 0 0 0 0 0 0 0 0 0 0 0 0 0 0 0 0 0 0 0 0 2 0 0 0 0 0 0 0 9 0 0 0 0 0 0 0 0 0 0 0 5 0 0 0 0 0 0 0 0 0 0 0 0 0 0 0 0 0 0 2 0 0 0 1 0 0 0 6 0 0 0 0 0 0 0 0 0 0 0 0 0 0 0 0 0 0 0 0 0 0 0 0 0 0 0 1 2 0 0 0 2 2 0 0 0 0 1 0 0 0 0 0 1 0 1 0 0 0 0 0 0 0 0 0 0 0
1050 14 15 7 1 22 14 10 5 8 5 7 2 4 13 7 8 4 1 8 7 7 6 3 6 3 8 6 9 3 1 1 9 10 8 6 9 9 0 1 0 0 2 0 0 0 0 0 0 1 0 0 0 0 0 0 0 0 0 0 3 0 2 7 1 0 0 10 0 0 0 1 2 0 0 0 0 0 0 0 0 0 0 2 0 0 0 0 2 0 0 0 0 0 0 0 0 0 1 0 0 0 0 0 9 0 0 0 0 0 4 0 0 0 0 0 0 0 0 0 0 0 0 0 0 0 0 0 0 0 0 0 4 0 8 0 0 0 0 8 2 0 12 0 0 0 0 0 0 0 0 0 0 0 1 0 0 0 3 0 0 0 0 0 1 0 0 0 1 0 0 0 0 4 0 0 0 0 0 0 1 6 0 2 2 0 4 0 0 1 0 0 0 0 0 0 0 0 0 0 0 0 0 0 0 0 0 0 0 2 1 0 0 0 10 1 0 0 0 1 1 0 0 0 1 0 5 0 0 2 0 1 1 1 1 0 0 0 0 0
1804 11 15 12 10 15 16 9 9 7 13 6 3 5 15 7 8 3 1 10 5 7 16 6 22 5 13 14 27 6 3 1 10 9 14 3 15 14 3 1 0 0 1 0 0 0 0 0 0 0 0 0 0 0 0 0 1 0 0 1 4 0 6 16 3 0 0 8 1 0 0 0 0 1 1 0 0 0 0 0 0 1 0 1 0 0 1 0 5 0 0 0 0 2 0 0 0 0 0 0 0 0 0 0 4 1 5 0 0 0 1 0 3 0 0 1 0 0 0 3 0 0 0 0 0 0 0 0 0 0 1 0 2 0 13 0 0 0 0 12 2 1 12 0 0 0 0 0 0 0 0 0 0 0 0 2 1 1 0 0 0 0 0 0 2 2 0 0 0 0 1 0 0 2 0 0 0 1 0 0 0 6 0 1 6 1 2 0 0 0 0 0 1 0 1 0 0 0 0 0 1 2 0 0 0 0 0 0 0 1 4 0 0 0 10 2 0 0 0 0 0 0 0 0 0 0 3 0 1 5 0 0 2 0 2 0 0 0 1 1
161 4 4 1 6 7 4 6 4 4 1 2 2 3 6 0 3 0 0 0 3 2 7 3 4 1 5 3 13 2 0 0 4 5 5 0 6 3 0 0 0 0 0 0 0 0 0 0 0 0 0 0 0 0 0 0 0 0 0 1 3 0 1 2 1 0 0 0 0 0 0 0 2 0 0 0 0 0 0 1 0 0 0 0 0 0 0 0 2 0 0 0 0 0 0 0 0 0 0 0 0 0 0 0 2 0 0 1 0 0 0 0 0 0 0 0 0 0 0 0 1 0 0 0 0 0 0 0 0 0 0 0 3 0 6 1 0 0 0 4 1 0 3 0 0 0 0 0 0 0 1 0 0 0 0 2 0 1 0 0 0 0 0 0 1 0 0 0 1 0 0 0 0 2 0 1 0 1 0 0 1 2 0 1 3 0 0 0 0 0 0 0 0 0 1 0 0 0 0 0 0 1 0 0 0 0 0 0 0 0 1 0 1 0 5 2 0 0 0 0 0 0 0 0 0 0 1 0 0 0 0 0 0 0 0 0 0 0 1 1
57 2 1 0 3 2 3 1 2 0 0 1 0 0 1 0 0 0 0 0 2 1 1 0 2 0 0 2 0 0 0 0 0 4 1 0 0 3 0 0 0 0 1 0 0 0 0 0 0 0 0 0 0 0 0 0 0 0 0 0 1 0 0 1 0 0 0 0 0 0 0 0 2 0 0 0 0 0 0 0 0 0 0 1 0 0 0 0 2 0 0 0 0 0 0 0 0 0 0 0 0 0 0 0 0 0 0 0 0 0 0 0 0 0 0 0 0 0 0 0 0 0 0 0 0 0 0 0 0 0 0 0 2 0 3 1 0 0 0 1 1 0 1 0 0 0 0 0 0 0 1 0 0 0 0 0 0 1 0 0 0 0 0 0 0 0 0 0 1 0 0 0 0 2 0 1 0 1 0 0 1 1 0 0 0 0 0 0 0 0 0 0 1 0 1 0 0 0 0 0 0 0 0 0 0 0 0 0 0 0 0 0 0 1 1 0 0 0 0 0 0 0 0 0 0 0 0 0 0 1 0 0 0 0 0 0 0 0 0 0
131 2 3 1 6 3 4 1 3 2 1 2 1 4 4 0 4 0 0 0 3 3 7 4 3 2 7 2 11 3 0 0 3 3 4 2 5 6 0 0 0 0 1 0 0 0 0 0 0 0 0 0 0 0 0 0 0 0 0 1 2 0 3 2 1 0 0 1 0 0 0 0 0 0 0 0 0 0 0 0 0 0 0 0 0 0 1 0 1 0 0 0 0 0 0 0 0 0 0 0 0 0 0 0 2 0 0 0 0 0 0 0 0 0 0 0 0 0 0 0 0 0 0 0 0 0 0 0 0 0 0 0 1 0 3 0 0 0 0 4 1 0 2 0 0 0 0 0 0 0 0 0 0 0 0 2 0 1 0 0 0 0 0 0 0 0 0 0 0 0 0 0 0 2 0 0 0 1 0 0 2 2 0 1 3 0 0 0 0 0 0 1 0 0 0 0 0 0 0 0 1 2 0 0 0 0 0 0 0 0 4 0 0 0 2 0 0 0 0 0 0 0 0 0 0 0 0 0 0 0 0 0 0 0 1 0 1 0 1 1
171 4 5 0 6 5 5 1 3 1 3 3 2 1 5 0 2 0 0 1 2 2 3 4 5 1 5 2 8 4 2 0 2 3 3 1 4 4 1 2 1 0 1 0 0 0 0 0 0 1 0 0 1 0 0 0 0 0 0 1 1 0 1 4 1 0 1 2 0 0 0 0 0 0 0 0 0 1 0 0 0 0 0 1 0 0 0 0 3 0 0 1 0 1 0 0 0 0 0 0 0 0 0 0 0 0 0 1 0 0 0 0 0 0 0 0 0 0 0 0 1 0 0 0 0 0 0 0 0 0 0 0 0 0 2 0 0 0 0 7 1 0 4 0 0 0 0 0 0 0 0 0 0 2 1 3 0 1 0 0 0 0 0 0 0 0 0 0 0 1 0 1 0 2 0 0 0 1 0 0 0 4 0 1 3 0 0 0 0 0 2 0 0 0 0 0 0 0 0 0 0 0 0 0 0 0 0 0 0 0 1 0 0 0 2 0 0 0 0 0 0 0 0 0 0 0 0 1 0 0 1 0 0 0 0 0 0 0 0 1
163 4 2 1 5 4 4 3 1 3 0 3 1 2 6 1 3 0 0 0 5 3 5 2 2 1 3 2 14 2 0 0 1 4 3 0 5 3 0 1 0 0 0 0 0 0 0 0 0 0 0 0 0 0 0 0 0 0 0 1 1 0 1 2 2 0 0 1 0 0 0 0 1 0 0 0 0 0 0 0 0 0 0 0 0 0 0 0 1 0 0 0 0 0 0 0 0 0 0 0 0 0 0 0 2 0 1 0 0 0 0 0 0 0 0 0 0 0 0 0 0 0 0 0 0 0 0 0 0 0 0 0 0 0 2 0 0 0 0 3 1 0 6 0 0 0 0 0 0 0 0 0 0 0 0 2 0 1 0 0 0 0 0 0 0 0 0 0 0 0 0 0 0 2 0 0 0 1 0 0 0 4 0 1 3 0 0 0 0 0 0 0 0 0 0 0 0 0 0 0 0 0 0 0 0 0 0 0 0 0 0 1 0 0 3 0 0 0 0 0 0 0 0 0 0 0 1 0 0 0 0 0 0 0 0 0 0 0 1 1
73 4 0 0 3 2 4 1 1 0 0 1 2 0 5 0 0 0 0 0 1 1 0 0 1 0 0 2 3 0 0 0 0 4 2 0 1 4 0 1 0 0 0 0 0 0 0 0 0 0 0 0 0 0 0 0 0 0 0 0 0 0 0 0 0 1 0 0 0 0 0 0 0 0 0 0 0 0 0 0 0 0 0 0 0 0 0 0 1 0 0 0 0 0 0 0 0 0 0 0 0 0 0 0 0 0 0 0 0 0 0 0 0 0 0 0 0 0 0 0 0 0 0 0 0 0 0 0 0 0 0 0 0 0 1 0 0 0 0 1 1 0 2 0 0 0 0 0 0 0 0 0 0 0 0 0 0 1 0 0 0 0 0 0 0 0 0 0 0 0 0 0 0 2 0 0 0 1 0 0 0 1 0 0 0 0 0 0 0 0 0 0 0 0 0 0 0 0 0 0 0 0 0 0 0 0 0 1 0 0 0 0 0 0 1 0 0 0 0 0 0 0 0 0 0 0 0 0 0 0 0 0 0 0 0 0 0 0 0 0
124 2 0 0 3 2 4 0 2 0 1 2 1 0 5 1 3 0 0 0 0 1 2 2 0 0 0 2 3 0 0 0 0 3 2 0 5 1 0 1 0 0 0 0 0 0 0 0 0 0 0 0 0 1 0 0 0 0 0 1 1 0 0 1 1 0 0 0 0 0 0 0 0 0 0 0 0 0 0 0 0 0 0 0 0 0 0 0 1 0 0 0 0 0 0 0 0 0 0 0 0 0 0 0 0 0 0 0 0 0 0 0 0 0 0 0 0 0 0 0 0 0 0 0 0 0 0 0 0 0 0 0 0 0 1 0 0 0 0 3 1 0 2 0 0 0 0 0 0 0 0 0 0 0 0 2 0 1 0 0 0 0 0 0 0 0 0 0 0 0 0 0 0 2 0 0 0 1 0 0 0 3 0 1 3 0 1 0 0 0 0 0 0 0 0 0 0 0 0 0 2 0 0 0 0 0 0 0 0 0 0 0 0 0 2 0 0 0 0 0 0 0 0 0 0 0 0 0 0 0 0 0 0 0 0 0 0 0 0 1
1017 7 18 7 4 9 13 6 11 9 14 6 4 6 6 7 10 4 0 8 6 6 7 3 15 6 12 10 11 3 2 1 10 6 6 5 3 17 4 1 0 0 3 0 0 0 0 0 0 0 0 0 0 0 0 0 1 0 0 1 2 0 5 17 3 0 0 11 0 0 1 0 1 1 0 0 0 0 0 0 0 1 0 1 2 0 1 0 7 0 0 0 0 1 0 0 0 0 0 0 0 0 0 0 3 1 5 1 0 0 1 0 3 0 0 1 0 0 0 0 0 0 0 0 0 0 0 0 0 0 0 0 3 0 11 0 0 0 2 5 3 0 9 0 0 0 0 0 0 0 0 0 0 0 1 1 0 0 0 0 0 0 0 0 1 1 0 0 0 1 2 0 0 0 0 0 0 0 0 0 0 5 0 0 2 1 3 0 0 0 1 0 1 1 0 0 0 0 0 0 1 0 0 0 0 0 0 0 0 3 6 0 0 0 6 2 0 0 0 0 1 0 0 0 0 0 3 0 0 2 0 0 0 0 0 0 0 0 0 0
159 5 2 1 0 4 6 3 3 1 0 1 4 4 5 1 2 2 0 1 1 1 0 0 1 2 1 4 4 1 0 0 3 1 2 2 1 5 0 0 0 0 1 0 0 0 0 0 0 0 0 0 0 0 0 0 0 0 0 1 0 0 2 6 3 0 0 2 0 0 1 0 0 0 0 0 0 0 0 0 0 0 0 0 1 0 0 0 0 0 0 0 0 0 0 0 0 0 0 0 0 0 0 0 5 0 1 0 0 0 0 0 0 0 0 0 0 0 0 0 0 0 0 0 0 0 0 0 0 0 0 0 1 0 3 0 0 0 1 0 1 0 1 0 0 0 0 0 0 0 0 0 0 0 0 1 0 0 0 0 0 0 0 0 0 0 0 0 0 0 0 0 0 0 0 0 0 0 0 0 0 1 0 0 1 0 2 0 1 0 1 0 0 1 0 0 0 0 0 0 1 0 1 0 0 0 0 0 0 2 2 0 0 0 1 0 0 0 0 0 0 0 0 0 0 0 1 0 0 0 0 0 0 0 0 1 0 0 0 0
191 2 8 3 3 1 7 3 5 3 1 1 5 4 1 2 2 2 0 2 2 2 2 0 5 0 1 4 7 1 0 0 1 1 4 2 0 5 2 0 0 0 0 0 0 0 0 0 0 0 0 0 0 0 0 0 0 0 0 2 0 0 2 5 3 0 0 6 0 0 1 0 0 0 0 0 0 0 0 0 0 0 0 1 1 0 0 0 0 0 0 0 0 1 0 0 0 0 0 0 0 1 0 0 1 0 2 0 0 0 0 0 0 0 0 0 0 0 0 0 0 0 0 0 0 0 0 0 0 0 0 0 2 0 4 0 0 0 1 2 2 0 1 0 0 1 1 0 0 0 0 0 0 0 2 1 1 0 0 0 0 0 0 0 0 0 0 0 0 0 0 0 0 0 0 0 0 0 0 0 1 3 0 2 2 0 1 0 0 0 1 0 0 1 0 0 0 0 0 0 1 0 0 0 0 0 0 0 0 3 2 0 0 0 4 1 0 0 0 0 0 0 0 0 0 0 0 0 0 0 0 0 0 0 1 0 0 0 0 0
188 7 6 1 2 4 6 2 5 3 1 3 2 4 2 2 2 2 0 3 4 2 2 0 5 1 2 3 4 1 2 0 5 2 3 2 1 4 2 0 0 0 0 0 0 0 0 1 0 0 0 0 0 0 0 0 0 0 0 1 0 0 1 7 2 0 0 4 0 0 1 0 0 0 0 0 0 0 0 0 0 1 0 0 1 0 0 0 0 0 0 0 0 1 0 0 0 0 0 0 0 0 0 0 3 0 2 0 0 0 0 0 0 0 0 0 0 0 0 0 0 0 0 0 0 0 0 0 0 0 0 0 1 0 2 0 0 0 1 2 1 1 5 0 0 0 1 0 0 1 0 0 0 0 2 1 0 0 0 0 0 0 0 0 0 0 0 0 0 0 0 0 0 0 0 0 0 0 0 0 0 2 0 0 1 0 2 0 0 0 1 0 0 1 0 0 0 0 0 0 1 0 0 0 0 0 0 0 0 2 2 0 0 0 5 0 0 0 0 0 1 0 0 0 0 0 0 0 1 0 0 0 0 0 0 0 0 0 0 0
792 8 9 2 2 5 9 5 3 2 3 1 2 5 2 2 3 1 0 3 4 3 4 1 7 2 7 1 6 2 2 0 4 2 3 0 0 8 2 1 0 0 1 0 0 0 0 0 0 0 0 0 0 0 0 0 0 0 0 0 1 0 5 11 0 0 0 2 0 0 0 0 0 0 0 0 0 0 1 0 0 0 0 1 0 0 0 0 2 0 0 0 0 1 0 0 0 0 0 0 0 0 0 0 1 1 1 0 0 0 0 0 2 0 0 0 0 0 0 0 0 0 0 0 0 0 0 0 0 0 0 0 0 0 5 0 0 0 0 3 0 0 1 0 0 0 0 0 0 0 0 0 0 0 0 0 0 0 1 0 0 0 0 0 1 0 0 0 0 0 0 0 0 0 0 0 0 0 0 0 1 2 0 0 2 1 1 0 1 0 1 0 0 0 0 0 0 0 0 0 3 0 0 0 0 0 0 0 0 3 5 0 0 0 3 2 0 0 0 0 0 0 0 0 0 0 3 0 0 1 0 0 0 0 0 0 0 0 0 0
284 5 8 1 2 3 7 4 3 0 4 1 1 4 4 2 1 0 0 3 4 1 2 2 4 0 7 1 3 1 2 0 0 0 6 1 3 10 2 1 0 0 1 0 0 0 0 0 0 0 0 0 0 0 0 0 0 0 0 0 0 0 3 8 1 0 0 1 0 0 2 0 0 0 0 0 0 0 1 0 0 1 0 1 2 0 0 0 2 0 0 0 1 1 0 0 0 0 0 1 0 0 0 0 1 1 1 0 0 0 0 0 0 0 0 0 0 0 0 0 0 0 0 0 0 0 0 0 0 0 0 0 0 0 6 0 0 0 0 4 0 0 2 0 0 1 0 0 0 0 0 0 0 0 0 0 0 0 0 0 0 0 0 0 1 0 0 0 0 0 0 0 0 0 0 0 0 0 0 1 0 1 0 0 1 0 0 0 1 0 1 0 0 0 0 0 0 0 0 0 3 0 0 0 0 0 1 0 0 2 4 0 0 0 4 2 0 0 0 1 0 0 0 0 0 0 2 0 0 1 0 0 0 0 0 0 0 0 0 1
22 0 0 0 0 0 0 1 0 0 1 0 1 0 1 0 1 0 0 0 0 0 0 1 0 0 1 0 0 0 0 0 0 0 2 1 1 1 0 0 0 0 0 0 0 0 0 0 0 0 0 0 0 0 0 0 0 0 0 0 0 0 0 0 0 0 0 0 0 0 0 0 0 0 0 0 0 0 0 0 0 1 0 0 0 0 0 0 0 0 0 0 0 0 0 0 0 0 0 1 0 0 0 0 0 0 0 0 0 0 0 0 0 0 0 0 0 0 0 0 0 0 0 0 0 0 0 0 0 0 0 0 0 0 0 0 0 0 0 0 0 0 1 0 0 1 1 0 0 0 0 0 0 0 0 0 0 0 0 0 0 0 0 0 0 0 0 0 0 0 0 0 0 0 0 0 0 0 0 0 0 0 0 0 0 0 0 0 0 0 0 0 0 0 0 0 0 0 0 0 0 0 0 0 0 0 0 0 0 0 0 0 0 0 2 0 0 0 0 1 0 0 0 0 0 0 0 0 0 0 0 0 0 0 0 0 0 0 0 0
169 6 3 0 0 3 6 6 2 0 2 2 2 5 1 4 0 0 0 0 4 4 4 0 3 0 4 0 5 2 0 1 0 4 4 1 0 9 0 1 0 0 0 0 0 0 0 0 0 0 0 0 0 0 0 1 0 0 0 0 3 0 4 7 0 0 0 1 0 0 0 0 0 0 0 0 2 0 1 0 0 1 0 2 0 0 0 0 3 0 0 0 0 0 0 0 0 0 0 0 0 0 0 0 4 0 0 0 0 0 0 0 0 0 0 0 0 0 0 1 0 0 0 0 0 0 0 0 1 0 0 0 5 0 5 0 0 0 0 2 3 0 0 0 0 0 0 0 0 0 0 0 0 0 1 0 0 0 1 1 0 0 0 0 0 0 0 0 0 0 0 0 0 0 0 0 0 0 0 1 1 3 0 0 1 0 1 0 1 0 1 0 1 0 0 0 0 0 0 0 3 0 0 0 0 0 0 0 0 2 6 0 0 0 3 2 0 0 0 0 0 0 0 0 0 0 2 1 0 0 1 1 0 0 0 1 0 0 0 0
263 5 9 1 2 3 8 4 3 0 0 4 1 5 1 1 2 0 0 3 5 2 5 1 7 0 7 1 4 2 1 0 0 4 2 0 0 8 2 1 0 0 1 0 0 0 0 0 0 0 0 0 1 0 0 0 0 0 0 0 0 0 4 9 0 0 0 2 0 1 0 0 0 0 0 0 0 0 2 0 0 0 0 2 0 0 0 0 2 0 1 0 0 1 0 0 0 0 0 0 0 0 0 0 3 0 1 0 0 0 0 1 0 0 0 1 0 0 0 2 0 0 0 0 0 0 0 0 1 0 1 0 2 0 5 0 0 0 0 3 1 1 0 0 0 0 0 0 0 0 0 0 0 0 0 1 0 0 1 0 0 0 0 0 0 0 0 0 0 0 0 1 0 0 0 0 0 0 0 1 0 5 0 0 1 1 1 0 1 0 1 1 0 0 0 0 0 0 0 0 3 1 0 0 0 0 1 0 0 2 5 0 0 0 1 2 0 0 0 0 0 0 0 0 0 0 2 0 1 0 0 0 0 0 1 0 0 0 0 1
486 22 20 18 5 15 15 18 5 16 15 8 8 7 20 12 16 2 1 8 9 5 9 3 25 6 13 14 12 9 2 1 21 10 15 0 11 27 3 7 0 0 1 0 0 0 0 0 0 0 0 0 1 0 0 0 1 0 0 0 1 1 7 12 7 0 0 11 0 0 0 0 0 1 1 0 2 0 0 0 0 1 0 2 0 0 1 0 7 0 0 0 0 1 0 1 1 0 0 0 0 0 0 4 13 1 6 0 0 0 2 2 5 3 0 1 0 0 0 0 0 0 0 0 0 0 0 0 0 0 2 0 9 0 12 0 0 0 0 12 7 1 19 0 0 0 0 0 0 0 0 0 0 0 5 0 1 1 0 0 0 0 0 0 1 1 0 2 0 0 1 0 0 0 0 0 0 0 0 0 1 7 0 1 3 2 4 0 0 0 0 1 1 0 0 0 0 0 0 0 0 1 0 1 0 0 0 1 0 1 6 0 0 0 16 12 0 0 0 1 3 1 1 0 0 0 7 0 5 2 0 1 1 0 1 0 1 0 0 1
10 0 0 2 0 0 0 0 0 4 0 1 1 0 1 3 0 0 0 0 2 0 0 0 1 1 0 1 0 0 0 0 5 2 1 0 1 1 0 2 0 0 0 0 0 0 0 0 0 0 0 0 0 0 0 0 0 0 0 0 0 1 0 0 1 0 0 3 0 0 0 0 0 0 0 0 0 0 0 0 0 0 0 0 0 0 0 0 1 0 0 0 0 0 0 0 0 0 0 0 0 0 0 0 3 0 1 0 0 0 0 0 0 1 0 0 0 0 0 0 0 0 0 0 0 0 0 0 0 0 0 0 0 0 0 0 0 0 0 0 1 0 0 0 0 0 0 0 0 0 0 0 0 0 1 0 0 0 0 0 0 0 0 0 0 0 0 0 0 0 0 0 0 0 0 0 0 0 0 0 0 0 0 0 0 0 0 0 0 0 0 0 0 0 0 0 0 0 0 0 0 0 0 0 0 0 0 0 0 0 0 0 0 0 2 1 0 0 0 0 0 0 0 0 0 0 0 0 0 1 0 0 0 0 0 0 0 0 0 0
1616 9 16 5 3 13 15 9 9 2 8 6 4 6 5 8 10 3 1 8 4 18 5 4 21 8 6 12 17 8 3 1 6 10 6 5 4 12 0 3 0 0 0 0 0 0 0 0 0 1 0 0 0 0 0 0 0 0 0 0 3 1 9 10 5 0 0 7 0 0 0 1 2 0 0 0 0 0 1 0 0 0 0 6 1 0 1 0 7 0 0 0 0 0 0 0 0 0 0 0 0 0 0 0 7 0 0 0 0 0 0 0 2 0 0 0 0 0 0 0 0 0 0 0 0 0 0 0 0 0 0 0 11 0 7 0 0 0 0 10 1 1 4 0 0 0 0 0 0 0 0 0 0 0 2 0 1 0 0 0 0 0 0 0 2 0 0 0 1 0 0 0 0 0 0 0 0 1 0 0 1 9 0 0 4 2 2 0 0 1 1 1 0 0 1 1 0 0 0 0 0 0 2 1 0 0 0 0 0 1 10 0 0 1 12 1 0 0 0 0 1 0 0 0 0 0 1 0 1 2 0 1 0 0 0 0 0 0 1 0
401 10 8 1 0 15 3 9 1 1 4 7 6 7 4 2 1 1 0 3 4 7 3 3 6 7 4 2 10 8 0 0 4 4 4 2 3 6 0 3 0 0 0 0 0 0 0 0 0 0 0 0 0 0 0 0 0 0 0 0 2 1 3 2 4 0 0 2 0 0 0 0 1 0 0 0 0 0 0 0 0 0 0 6 1 0 0 0 0 0 0 0 0 0 0 0 0 0 0 0 0 0 0 0 3 0 0 3 0 0 0 0 2 0 0 0 0 0 0 0 0 0 0 0 0 0 0 0 0 0 0 0 5 0 6 0 0 0 0 7 2 2 0 0 0 0 0 0 0 0 0 0 0 0 1 0 0 0 0 0 0 0 0 0 1 0 0 0 0 0 1 0 0 0 0 0 0 0 0 0 5 3 0 0 2 2 2 0 0 1 1 0 0 0 1 1 0 0 0 0 0 0 1 1 0 0 0 0 0 1 8 0 0 0 4 5 0 0 0 0 1 0 0 0 0 0 0 0 1 0 0 0 0 0 0 0 0 0 1 0
20 1 1 0 0 4 0 1 0 0 2 0 2 1 1 0 0 0 0 1 1 0 0 1 0 0 2 0 3 3 0 0 2 1 2 0 1 1 0 1 0 0 0 0 0 0 0 0 0 0 0 0 0 0 0 0 0 0 0 0 0 0 0 0 0 0 0 0 0 0 0 0 0 0 0 0 0 0 0 0 0 0 0 1 0 0 0 0 0 0 0 0 0 0 0 0 0 0 0 0 0 0 0 0 3 0 0 1 0 0 0 0 0 0 0 0 0 0 0 0 0 0 0 0 0 0 0 0 0 0 0 0 0 0 0 0 0 0 0 0 1 0 0 0 0 1 0 0 0 0 0 0 0 0 0 0 0 0 0 0 0 0 0 0 1 0 0 0 0 0 1 0 0 0 0 0 0 0 0 0 0 0 0 0 0 0 0 0 0 0 0 0 0 0 0 0 0 0 0 0 0 0 0 0 0 0 0 0 0 0 0 0 0 1 0 1 0 0 0 0 1 0 0 0 0 0 0 0 0 0 0 0 0 0 0 0 0 0 0 0
1246 6 8 2 1 8 6 2 10 1 8 0 3 1 2 5 10 2 2 4 4 3 5 2 10 5 8 5 7 5 0 1 5 1 6 2 3 9 2 2 0 0 0 0 0 0 0 0 0 0 0 0 0 0 0 0 0 0 0 0 4 0 3 4 5 0 0 5 0 0 0 0 0 0 0 0 0 0 0 0 1 1 0 4 0 0 1 0 1 0 0 0 0 0 0 0 0 0 0 0 0 0 0 0 3 0 0 0 0 0 0 1 2 0 0 0 0 0 0 0 0 0 0 0 0 0 0 0 0 2 2 2 5 0 5 0 0 0 1 2 0 0 4 0 0 0 0 1 0 0 0 0 0 1 0 0 0 0 0 0 0 0 0 0 1 0 0 1 0 0 0 0 0 0 0 0 0 0 0 0 0 0 0 0 3 2 2 1 0 0 1 0 0 0 0 0 0 0 0 0 0 0 0 0 0 0 0 0 0 1 1 0 0 0 3 0 0 0 0 0 0 0 0 0 0 0 3 1 1 2 1 0 0 0 0 0 0 0 0 0
798 6 3 0 0 6 2 2 2 0 2 1 1 0 1 3 1 1 0 0 2 2 2 0 2 4 2 1 3 1 0 0 6 2 0 0 1 4 0 0 0 0 0 0 0 0 0 0 0 0 0 0 0 0 0 0 0 0 0 0 3 0 0 1 1 0 0 3 0 0 0 0 1 0 3 0 0 0 0 0 0 0 0 2 0 0 0 0 0 1 0 0 0 0 0 0 0 0 0 0 0 0 0 0 0 0 0 0 0 0 0 0 2 0 0 0 0 0 0 0 0 0 0 0 0 0 0 0 0 0 0 0 2 0 2 0 0 0 0 1 0 0 5 0 0 0 0 0 0 1 0 0 0 0 0 0 0 0 0 0 0 0 0 0 1 0 1 0 0 0 0 0 0 1 0 0 0 0 0 0 0 0 0 0 5 1 3 0 0 0 0 0 0 0 0 0 1 0 0 0 0 0 0 0 0 0 0 0 0 1 1 0 0 0 2 0 0 0 0 0 0 0 0 0 0 0 1 0 0 1 0 2 0 0 0 0 0 0 0 0
187 1 1 0 0 5 0 2 0 0 0 2 0 0 0 0 1 0 0 0 3 0 1 0 2 0 0 1 1 0 0 1 3 4 0 0 1 0 0 0 0 0 0 0 0 0 0 0 0 1 0 0 0 0 0 0 0 0 0 0 1 0 0 0 0 0 0 0 0 0 0 0 1 0 3 0 0 0 0 0 0 0 0 0 0 0 0 0 0 0 0 0 0 0 0 0 0 0 0 0 0 0 0 0 1 0 0 0 0 0 0 0 0 1 0 0 0 0 0 0 0 0 0 0 0 0 0 0 0 1 0 0 1 0 0 0 0 0 0 0 0 0 3 0 1 0 0 0 0 0 0 0 0 0 0 0 0 0 0 0 1 0 0 0 0 0 0 0 0 0 0 0 0 0 0 0 0 1 0 0 0 1 0 0 2 0 1 0 0 0 0 0 0 0 0 0 1 0 0 0 0 0 0 0 0 0 0 0 0 0 1 0 0 0 0 0 0 0 0 0 0 0 0 0 0 0 1 0 0 0 0 1 0 0 0 0 0 0 0 0
757 12 7 0 0 5 3 5 6 4 5 0 2 3 7 4 4 2 0 0 5 3 5 0 11 5 6 3 6 4 0 1 6 2 8 2 3 7 0 4 0 0 0 0 0 0 0 0 0 0 0 0 0 0 0 0 0 0 0 0 2 1 1 6 2 0 0 8 0 0 0 0 0 0 0 0 0 0 0 0 0 0 0 2 0 0 1 0 0 0 0 0 1 0 0 0 0 0 0 0 0 0 0 0 2 1 0 0 0 0 0 1 2 0 0 0 0 0 0 0 0 0 0 0 0 0 0 0 0 0 1 0 5 0 8 0 0 0 0 3 1 0 6 0 1 0 1 0 1 0 0 0 0 0 1 0 0 0 0 2 1 1 0 0 1 0 1 0 0 0 0 1 1 0 0 0 0 0 0 1 1 0 0 0 2 1 1 0 0 0 0 0 0 0 0 0 0 0 0 0 0 0 0 0 0 0 0 0 0 1 2 0 0 0 11 0 0 0 0 0 0 0 0 0 0 0 1 0 2 1 1 1 0 0 0 0 0 0 0 0
204 3 2 0 0 2 0 1 3 3 2 0 2 1 1 1 2 0 0 0 2 0 2 0 5 0 3 1 0 2 0 0 2 1 3 0 0 4 1 2 0 0 0 0 0 0 0 0 0 0 0 0 0 0 0 0 0 0 0 0 1 0 0 2 0 0 0 1 0 0 0 0 0 0 0 1 0 0 0 0 0 0 0 0 0 0 0 0 2 0 0 0 1 0 0 0 0 0 0 0 0 0 0 0 2 0 0 0 0 0 0 0 0 0 0 0 0 0 0 0 0 0 0 0 0 0 0 0 0 0 1 0 1 0 3 0 0 0 0 1 1 0 6 0 0 0 0 0 0 0 0 0 0 0 0 0 0 0 0 1 1 3 0 0 0 0 1 0 0 0 0 1 1 1 0 0 0 0 0 1 1 0 0 0 0 0 1 0 0 0 0 0 0 0 0 0 0 0 0 0 0 0 0 0 0 0 0 0 0 0 1 0 0 0 5 0 0 0 0 0 0 0 0 0 0 0 1 0 2 0 1 0 0 0 0 0 0 0 0 0
265 11 3 2 0 5 0 7 4 2 4 3 5 4 8 0 4 0 0 0 2 2 2 0 7 1 6 3 4 5 0 0 9 2 5 1 3 5 0 5 0 0 0 0 0 0 0 0 0 0 0 0 0 0 0 0 0 0 0 0 0 1 1 4 1 0 0 4 0 0 0 0 1 0 0 0 0 0 0 0 0 0 0 2 0 0 1 0 1 0 0 0 1 0 0 0 0 0 0 0 0 0 0 0 4 0 0 0 0 0 0 0 0 0 0 0 0 0 0 0 0 0 0 0 0 0 0 0 0 0 1 0 4 0 10 0 0 0 0 1 1 0 7 0 0 0 1 0 0 0 0 0 0 0 0 0 0 0 0 1 1 1 0 0 0 0 1 0 0 0 0 1 0 0 0 0 0 0 0 1 1 3 0 0 1 0 2 0 0 0 0 0 0 0 0 0 0 0 0 0 0 0 0 0 0 0 0 0 0 0 1 0 0 0 6 1 0 0 1 0 0 0 0 0 0 0 0 0 1 0 1 0 0 0 0 0 0 0 0 0
152 5 5 3 0 4 2 2 3 2 4 3 2 1 5 1 6 0 1 1 3 3 2 1 6 0 2 1 1 4 0 1 3 2 3 1 0 4 0 2 0 0 0 0 0 0 0 0 0 0 0 0 0 0 0 0 0 0 1 0 0 0 2 3 1 1 0 2 0 0 0 0 0 0 0 0 0 0 0 0 0 0 0 1 0 0 0 0 1 0 0 0 1 0 0 0 0 0 0 0 0 0 0 0 3 0 0 0 0 0 0 0 0 1 0 0 0 0 0 0 0 0 0 0 0 0 0 0 0 0 1 0 1 0 6 0 0 0 0 3 1 0 1 0 0 0 0 0 0 0 0 0 0 0 0 0 0 0 0 0 1 1 0 0 0 2 1 0 0 0 0 1 0 0 0 0 0 0 0 1 1 0 0 0 0 0 0 0 0 0 0 0 0 0 0 0 0 0 0 0 0 0 0 0 0 0 0 0 0 0 1 0 0 0 2 2 0 0 0 0 0 0 0 0 0 0 0 0 1 0 2 0 0 0 0 0 0 0 1 0
105 7 3 2 0 3 1 3 3 3 3 0 1 1 4 2 3 0 0 1 4 0 2 0 5 0 2 2 1 3 0 0 7 2 2 0 0 3 1 2 0 0 0 0 0 0 0 0 0 1 0 0 0 0 0 0 0 0 0 0 0 0 3 3 1 0 0 1 0 0 0 0 0 0 0 0 0 0 0 0 0 0 0 0 0 0 0 0 1 0 0 0 1 0 0 0 0 0 0 0 0 0 0 0 2 0 0 0 0 0 0 0 0 0 0 0 0 0 0 0 0 0 0 0 0 0 0 0 0 0 1 0 2 0 3 0 0 0 0 3 1 0 2 0 0 0 0 0 0 0 0 0 0 0 0 0 0 0 0 0 1 1 0 0 0 0 1 0 0 0 0 1 0 0 0 0 0 0 0 1 1 1 0 0 0 0 0 0 0 0 0 0 0 0 0 0 0 0 0 0 0 0 0 0 0 0 0 0 0 1 1 0 0 0 2 1 0 0 0 0 0 0 0 0 0 0 0 0 1 0 1 1 0 0 0 0 0 0 0 0
200 9 5 0 0 8 0 5 4 5 2 2 4 5 7 0 5 1 0 0 2 1 2 0 6 1 3 1 3 5 0 0 8 8 4 1 1 4 0 2 0 0 0 0 0 0 0 0 0 2 0 0 0 0 0 0 0 0 0 0 0 1 2 3 0 0 0 5 0 0 0 0 0 0 0 0 0 0 0 0 0 0 0 1 0 0 1 0 1 0 0 1 1 0 0 0 0 0 0 0 0 0 0 0 6 0 0 0 0 0 0 0 0 0 0 0 0 0 0 0 0 0 0 0 0 0 0 0 0 0 1 0 1 0 6 0 0 0 0 2 1 0 5 0 0 0 0 0 1 0 0 0 0 0 0 0 0 0 0 1 1 1 0 0 0 0 1 0 0 0 0 1 0 0 0 0 0 0 0 1 1 1 0 0 0 0 0 0 0 0 0 0 0 0 0 0 0 0 0 0 0 1 0 0 0 0 0 0 0 0 3 0 0 0 4 0 0 0 0 0 0 0 0 0 0 0 0 1 1 0 1 0 0 0 0 0 0 0 0 0
1532 11 17 4 3 18 11 7 9 5 3 4 4 6 5 9 11 3 2 6 10 8 5 4 11 5 5 8 7 7 1 2 12 8 7 6 9 15 1 1 0 0 0 0 0 0 0 0 0 0 0 0 0 0 0 0 0 0 0 0 3 1 2 2 2 0 0 6 0 0 0 0 0 0 0 0 0 0 0 0 0 0 0 3 0 0 1 0 2 0 0 1 0 0 0 0 0 0 0 0 0 0 0 0 8 0 1 0 0 0 0 0 2 0 0 0 1 0 0 0 0 0 0 0 0 0 0 0 0 0 1 0 11 0 15 0 0 0 0 3 0 0 17 0 0 0 0 0 0 0 0 0 0 0 0 0 0 0 0 0 1 0 0 0 2 0 1 0 0 0 2 0 0 0 0 0 0 0 0 0 1 9 0 0 1 1 8 0 0 0 0 0 0 0 0 1 0 0 0 0 0 0 0 0 0 0 0 0 0 1 4 1 0 0 8 2 0 0 0 0 0 0 0 0 0 0 5 0 0 4 0 0 0 0 0 0 0 0 0 0
240 9 8 3 2 10 4 4 2 10 0 10 2 3 8 2 3 0 0 2 6 6 3 0 4 1 0 4 5 7 0 1 11 7 7 1 4 11 1 1 0 0 1 0 0 0 0 0 0 0 0 0 0 0 0 0 0 0 0 0 0 0 1 1 2 0 0 3 0 0 0 0 0 0 0 0 0 0 0 0 0 0 0 1 0 0 0 0 4 0 0 0 0 0 0 0 0 0 0 0 0 0 0 0 10 0 1 0 0 0 0 0 0 0 0 0 0 0 0 0 0 0 0 0 0 0 0 0 0 0 1 0 11 0 9 0 0 0 0 2 1 0 10 0 0 0 0 0 0 0 0 0 0 0 0 0 0 0 0 0 0 0 0 0 1 0 0 0 0 0 1 0 0 0 0 0 0 0 0 0 0 7 0 0 0 0 1 0 0 0 0 0 0 0 0 1 0 0 0 0 0 0 0 0 0 0 0 0 0 0 3 0 0 0 5 1 0 0 0 0 0 0 0 0 0 0 5 0 0 1 0 0 0 0 0 0 0 0 0 0
602 24 11 21 1 18 7 8 8 7 3 8 11 5 19 11 10 2 0 2 10 6 7 0 8 5 10 8 5 2 0 0 20 12 9 1 7 17 0 1 0 0 0 0 0 0 0 1 0 0 0 0 0 0 0 0 0 0 0 0 3 0 10 11 2 0 0 8 0 0 0 0 0 0 0 0 0 0 0 0 0 0 0 0 0 0 0 0 3 0 0 1 0 1 0 0 0 0 0 0 0 0 0 0 19 0 0 0 0 0 0 0 2 0 0 0 0 0 0 0 1 0 0 0 0 0 0 1 0 0 1 0 17 0 24 0 0 0 0 10 2 0 18 0 0 2 0 0 0 0 0 1 0 0 0 0 0 0 0 0 1 1 0 0 1 0 0 1 0 0 0 0 0 0 0 0 0 0 0 0 0 13 0 0 2 1 9 0 0 0 0 0 0 0 1 0 1 0 0 0 2 3 0 0 0 0 0 0 0 1 7 0 0 0 15 3 0 0 0 0 0 0 0 0 0 0 0 0 3 2 0 1 1 0 0 0 0 0 1 2
30 14 5 6 0 9 5 1 0 2 1 3 12 3 9 5 4 0 0 1 4 4 4 0 3 3 2 2 2 1 0 0 10 4 7 0 4 12 0 1 0 0 0 0 0 0 0 0 0 0 0 0 0 0 0 0 0 0 0 0 1 0 0 5 0 0 0 3 0 0 0 0 0 0 0 0 0 0 0 0 0 0 0 1 0 0 0 0 2 0 0 0 0 1 0 0 0 0 0 0 0 0 0 0 12 0 0 0 0 0 0 0 0 0 0 0 0 0 0 0 1 0 0 0 0 0 0 1 0 0 1 0 8 0 11 0 0 0 0 6 0 0 7 0 0 1 0 0 0 0 0 0 0 0 0 0 0 0 0 0 0 1 0 0 0 0 0 0 0 0 0 0 0 0 0 0 0 0 0 0 0 3 0 0 1 0 3 0 0 0 0 0 0 0 1 0 0 0 0 0 0 2 0 0 0 0 0 0 0 0 2 0 0 0 13 1 0 0 0 0 0 0 0 0 1 0 0 1 1 0 0 0 0 0 0 0 0 0 1 1
94 12 5 5 1 14 5 5 2 3 0 2 9 3 11 7 7 0 0 1 4 3 4 1 5 1 1 6 3 2 0 0 11 2 5 1 0 8 0 0 0 0 0 0 0 0 0 0 1 0 0 0 0 0 0 0 0 0 0 0 1 0 0 5 0 0 0 3 0 0 0 0 1 0 0 0 1 0 1 0 0 0 0 0 0 0 0 0 1 0 0 0 0 1 0 0 0 0 0 0 0 0 0 0 12 0 0 0 0 0 0 1 0 0 0 0 0 0 0 0 0 0 0 0 0 0 0 1 0 0 1 0 11 0 11 0 0 0 1 6 0 0 11 0 0 1 0 0 0 0 0 1 0 0 0 0 0 0 0 1 0 1 0 0 0 0 0 0 0 0 0 0 0 0 0 2 0 0 0 0 0 4 0 0 1 0 3 0 0 0 1 0 0 0 1 0 1 0 0 0 0 2 0 0 0 0 0 0 0 0 5 0 0 0 7 1 0 0 0 0 0 0 0 0 0 0 2 0 1 0 1 1 0 0 0 0 0 0 1 1
128 12 5 4 0 9 3 1 2 2 1 2 8 2 5 5 2 0 0 3 3 2 3 0 2 1 1 2 3 2 0 0 10 3 3 0 1 6 0 0 0 0 0 0 0 0 1 0 0 0 0 0 0 0 1 0 0 0 0 0 1 0 0 4 2 0 0 1 0 0 0 0 0 0 0 0 0 0 0 0 0 0 0 0 0 0 0 0 0 0 0 0 0 1 0 0 0 0 0 0 0 0 0 0 9 0 0 0 0 0 0 0 0 0 0 0 0 0 0 0 0 0 0 0 0 0 0 1 0 1 1 0 8 0 7 0 0 0 0 4 2 0 6 0 0 1 0 0 0 0 0 0 0 0 0 0 0 3 0 0 0 1 0 0 0 0 0 1 0 0 0 0 0 0 0 0 0 0 0 0 0 3 0 0 1 0 3 0 0 0 0 0 0 0 2 1 0 0 0 0 0 2 0 0 0 0 0 0 0 1 6 0 0 0 5 1 0 0 0 0 0 0 0 0 0 0 0 0 1 0 0 0 0 0 0 0 0 0 1 1
54 11 7 6 1 10 3 2 0 3 0 1 8 2 7 6 1 0 0 1 2 2 4 1 2 1 1 5 2 2 0 0 15 3 3 0 0 3 0 0 0 0 0 0 0 0 0 0 0 0 0 0 0 0 0 0 0 0 0 0 2 0 0 9 2 0 0 2 0 0 0 0 0 0 0 0 0 0 0 0 0 0 0 0 0 0 0 0 1 0 0 0 0 1 0 0 0 0 0 0 0 0 0 0 9 0 0 0 0 0 0 0 0 0 0 0 0 0 0 0 0 0 0 0 0 0 0 1 0 0 1 0 4 0 7 0 0 0 0 6 0 0 9 0 0 1 0 0 0 0 0 0 0 0 0 0 0 0 0 0 0 1 1 0 0 0 0 0 0 0 0 0 0 0 0 0 0 0 0 0 0 2 0 0 1 0 2 0 0 0 0 0 0 1 1 0 1 0 0 0 0 2 0 0 0 0 0 0 0 1 4 0 0 0 6 1 0 0 0 0 0 0 0 0 0 0 1 0 1 0 0 0 0 0 0 0 0 0 1 1
82 13 5 5 0 10 3 1 0 5 2 3 11 3 10 5 2 0 0 1 4 2 4 0 3 1 2 5 2 2 0 0 11 2 6 0 2 8 0 0 0 0 1 0 0 0 0 0 0 0 0 0 0 0 0 0 0 0 0 0 1 0 0 8 2 0 0 2 0 0 0 0 0 0 0 0 0 0 0 0 0 0 0 0 0 0 2 0 1 0 0 0 0 1 0 0 0 0 0 0 0 0 0 0 16 0 0 0 0 0 0 0 0 1 0 0 0 0 0 0 0 0 0 0 0 0 1 1 0 0 1 0 9 0 10 0 0 0 0 7 0 0 9 0 0 1 0 0 0 0 0 0 0 0 0 0 0 0 0 0 0 1 0 0 0 0 0 0 0 0 0 0 0 0 0 0 0 0 0 0 0 5 0 0 1 0 4 0 0 0 0 0 0 0 1 0 1 0 0 0 0 2 0 0 0 0 0 0 0 0 3 0 0 0 8 1 0 0 0 0 0 0 0 0 0 0 1 0 1 0 0 0 0 0 0 0 0 0 1 1
25 6 5 4 0 4 1 2 0 1 0 1 8 1 8 2 0 0 0 0 0 1 3 0 1 0 0 1 1 2 0 0 1 0 3 0 2 2 0 0 0 0 1 0 0 0 0 0 0 0 0 0 0 0 0 0 0 0 0 0 1 0 0 2 2 0 0 0 0 0 0 0 0 0 0 0 0 0 0 0 0 0 0 0 0 0 0 0 0 0 0 0 0 1 0 0 0 0 0 0 0 0 0 0 9 0 0 0 0 0 0 0 0 1 0 0 0 0 0 0 0 0 0 0 0 0 1 2 0 0 0 0 3 0 2 0 0 0 0 4 0 0 3 0 0 0 0 0 0 0 0 1 0 0 0 0 0 0 0 0 0 1 0 0 0 0 0 0 0 0 0 0 0 0 0 0 0 0 0 0 0 0 0 0 1 0 2 0 0 0 0 0 0 0 1 0 0 0 0 0 0 3 0 0 0 0 0 0 0 0 2 0 0 0 2 1 0 0 0 1 0 0 0 0 0 0 0 0 1 0 0 0 0 1 0 0 0 0 1 0
248 25 6 4 1 16 6 6 1 5 0 3 9 3 11 5 6 2 2 3 6 6 4 0 5 6 3 4 3 2 0 0 19 6 7 1 1 16 0 0 0 0 0 0 0 0 0 0 0 0 0 0 0 0 1 0 0 0 0 0 2 0 2 8 2 0 0 4 0 0 0 0 0 0 0 0 0 0 0 0 0 0 0 4 0 0 0 0 1 0 0 0 0 1 0 1 0 0 0 0 0 0 0 0 14 0 0 0 0 0 0 0 4 0 0 0 0 0 0 0 0 0 0 0 0 0 0 1 0 0 1 0 17 0 20 0 0 0 0 7 1 0 16 0 0 1 0 0 0 0 0 1 0 1 0 0 1 0 0 0 0 0 0 0 0 0 0 0 0 0 0 0 0 0 0 0 0 1 0 0 1 5 0 0 2 1 6 0 0 0 0 0 0 0 1 0 1 0 0 0 2 1 0 0 0 0 0 0 0 3 4 0 0 0 14 1 0 0 0 0 0 0 0 0 0 0 1 0 2 0 0 3 0 0 0 3 0 0 1 1
18 12 4 2 0 11 3 1 0 3 0 2 6 2 4 3 3 0 2 1 2 4 4 0 4 2 3 4 2 1 0 0 10 4 5 0 2 6 0 0 0 0 0 0 0 0 0 0 0 0 0 0 0 0 1 0 0 0 0 0 1 0 1 8 0 0 0 1 0 0 0 0 0 0 0 0 0 0 1 0 0 0 0 6 0 0 0 0 0 0 0 0 0 1 0 0 0 0 0 0 0 0 0 0 7 0 0 0 0 0 0 1 2 0 0 0 0 0 0 0 0 0 0 0 0 0 0 1 0 0 1 0 10 0 7 0 0 0 0 8 1 0 11 0 0 0 1 0 0 0 0 0 0 0 1 0 1 0 0 0 0 0 0 0 0 0 0 0 0 0 0 0 0 0 0 1 0 0 0 0 0 5 0 1 1 0 4 0 0 0 0 1 0 0 1 0 0 0 0 0 0 1 0 0 0 0 0 0 0 2 1 0 0 0 7 0 0 0 0 0 0 0 0 0 0 0 1 0 2 0 0 2 0 0 0 1 0 0 1 0
1727 14 11 8 2 28 4 19 8 12 7 17 10 3 21 10 16 3 0 8 12 4 9 4 16 2 11 7 8 9 1 1 19 26 26 7 6 21 0 2 0 0 0 0 0 0 0 0 1 0 0 0 0 0 0 1 0 0 0 1 4 1 8 8 9 0 0 6 0 0 0 0 1 0 0 0 0 0 0 0 0 0 0 11 0 0 0 0 2 0 0 0 0 0 0 0 0 0 0 0 0 0 0 0 16 0 0 0 0 0 0 0 0 0 0 0 0 1 0 0 0 0 0 0 0 0 0 0 0 0 0 0 14 0 15 0 0 1 0 7 1 0 25 0 0 0 0 1 0 0 0 0 0 0 0 0 0 2 0 0 0 0 0 0 1 0 0 0 0 1 0 0 0 0 0 0 0 0 0 0 2 25 0 3 2 1 7 0 0 0 3 0 0 0 0 0 0 0 0 0 0 0 0 0 0 0 0 0 1 2 0 0 2 0 27 8 0 1 0 0 0 0 0 0 1 0 0 1 3 5 1 0 0 0 0 0 0 0 0 0
92 1 3 3 0 1 0 5 0 3 0 4 1 0 5 0 3 0 0 1 1 0 0 0 2 1 1 2 0 0 0 0 5 6 5 1 0 6 0 0 0 0 0 0 0 0 0 0 0 0 0 0 0 0 0 0 0 0 0 0 0 0 3 2 2 0 0 0 0 0 0 0 0 0 0 0 0 0 0 0 0 0 0 0 0 0 0 0 1 0 0 0 0 0 0 0 0 0 0 0 0 0 1 0 2 0 0 0 0 0 0 0 1 0 0 0 0 0 0 0 0 0 0 0 0 0 0 0 0 0 0 0 2 0 2 0 0 0 0 0 0 0 3 0 0 0 0 0 0 0 0 0 0 0 0 0 0 0 0 0 0 0 0 0 0 0 0 0 0 0 0 0 0 0 0 0 0 0 0 1 1 6 0 0 0 0 1 0 0 0 0 0 0 0 0 0 0 0 0 0 0 0 0 0 0 0 0 0 0 0 1 0 1 0 7 1 0 0 0 0 0 0 0 0 1 0 0 0 0 0 0 0 1 0 0 0 0 0 0 0
121 2 3 3 0 2 0 3 0 3 0 3 1 0 4 0 4 2 0 1 2 0 0 0 2 0 1 2 0 0 0 0 6 8 6 1 0 1 0 0 0 0 0 0 0 0 0 0 0 0 0 0 0 0 0 0 0 0 0 0 0 0 4 1 2 0 0 0 0 0 0 0 0 0 0 0 0 0 0 0 0 0 0 0 0 0 0 0 1 0 0 0 0 0 0 0 0 0 0 0 0 0 0 0 0 0 0 0 0 0 0 1 0 0 0 0 0 0 1 0 0 0 0 0 0 0 0 0 0 1 0 0 0 0 1 0 0 0 0 0 1 0 6 0 0 0 0 0 0 0 0 0 0 0 0 0 0 0 0 0 0 0 0 0 0 0 0 0 0 0 0 0 0 0 0 0 0 0 0 0 1 6 0 0 0 0 2 0 0 0 0 0 0 0 0 0 0 0 0 0 0 0 0 0 0 0 0 0 0 0 0 0 1 0 7 1 0 0 0 0 0 0 0 0 1 0 0 0 1 0 0 0 0 0 1 0 0 0 0 0
149 7 5 5 0 16 0 12 3 3 2 5 6 2 10 4 8 1 0 5 8 1 1 1 6 2 4 2 4 3 0 0 8 12 12 3 0 6 0 2 0 0 0 0 0 0 0 0 1 0 0 0 0 0 0 0 0 0 0 0 3 1 7 4 4 0 0 3 0 0 0 0 1 0 0 0 1 0 0 0 0 0 0 1 0 0 2 0 4 0 0 0 0 0 0 0 0 0 0 0 0 0 0 0 12 0 0 0 0 0 0 0 0 0 0 0 0 0 0 0 0 0 0 0 0 0 0 0 0 0 0 0 8 0 5 1 0 1 0 3 3 1 9 0 0 0 0 0 0 0 0 0 0 0 0 0 1 0 0 0 0 0 0 0 1 0 0 0 0 0 0 0 0 0 0 0 0 1 0 0 1 15 0 0 0 0 1 0 0 0 2 0 0 0 0 0 0 0 0 0 0 0 0 0 0 0 0 0 1 0 1 0 2 0 12 5 0 0 0 0 0 0 0 0 1 0 0 0 2 1 1 0 0 0 0 0 0 0 0 0
403 12 7 3 0 18 3 14 3 8 5 13 9 1 17 5 6 1 0 3 9 3 6 2 7 3 4 6 8 7 0 0 18 16 16 5 1 16 0 1 0 0 0 0 0 0 0 0 1 0 0 0 0 0 0 0 0 0 0 0 3 1 5 8 7 0 0 7 0 0 0 0 1 0 0 0 0 0 0 0 0 0 1 7 0 0 0 0 1 0 0 0 0 0 0 0 0 0 0 0 1 0 0 0 8 0 0 0 0 0 0 0 0 0 0 0 0 1 2 0 0 0 0 0 0 0 0 0 0 1 1 0 8 0 12 0 1 0 0 3 1 1 19 0 0 0 0 0 0 0 0 0 0 2 0 2 0 0 0 0 0 0 0 0 1 1 0 0 0 0 0 0 0 0 0 0 0 0 0 0 2 16 0 2 1 0 4 0 0 0 3 1 0 0 0 0 0 0 0 0 0 0 0 0 0 0 0 0 1 2 1 0 2 0 9 6 0 0 0 0 0 0 0 0 1 0 1 1 0 1 2 0 0 0 1 0 0 1 1 0
88 3 5 2 0 4 1 4 1 4 2 8 2 1 3 1 1 1 0 1 5 0 1 0 3 1 5 3 2 2 0 0 11 7 4 2 0 5 0 0 0 0 0 0 0 0 0 0 0 0 0 0 1 0 0 0 0 0 0 0 0 0 4 1 2 0 0 1 0 0 0 0 0 0 0 0 1 0 0 0 0 0 1 1 0 0 0 0 1 0 0 0 0 0 0 0 0 0 0 0 1 0 0 0 1 0 0 0 0 0 0 0 0 0 0 0 0 0 0 0 0 0 0 0 0 0 0 0 0 1 1 0 3 0 5 0 1 0 0 1 1 0 9 0 0 0 0 0 0 0 0 0 0 2 0 1 0 0 0 0 0 0 0 0 0 0 0 0 0 0 0 0 0 0 0 0 0 0 0 0 1 6 0 1 1 0 1 0 0 0 0 1 0 0 0 0 0 0 0 0 0 0 0 0 0 0 1 0 1 0 2 0 2 0 5 3 0 0 0 0 0 0 0 0 1 0 0 0 0 0 1 0 0 0 1 0 0 0 1 0
342 9 4 4 0 11 3 9 3 3 1 5 4 1 4 3 4 1 0 2 3 4 6 0 7 4 6 5 6 4 0 0 10 9 8 4 0 8 0 0 0 0 0 0 0 0 0 0 1 0 0 0 0 0 0 0 0 0 0 1 3 0 7 6 2 0 0 3 0 0 0 1 1 0 0 0 0 0 0 0 0 0 0 4 0 0 0 0 0 0 0 0 0 0 0 0 0 0 0 0 0 0 0 0 7 0 0 0 0 0 0 0 0 0 0 0 0 0 0 1 0 0 0 0 0 0 0 0 0 4 0 0 8 0 4 0 0 0 0 4 1 0 11 0 0 0 0 0 0 0 0 0 0 3 0 0 1 0 0 0 0 0 0 0 1 1 0 0 0 0 0 1 0 0 0 0 0 0 0 0 1 11 0 0 0 0 1 0 0 0 2 0 0 0 0 0 0 0 0 0 0 0 0 0 0 0 0 0 1 0 3 0 1 0 7 3 0 0 0 0 1 0 0 0 1 0 0 0 1 1 1 0 0 0 0 0 0 0 0 0
309 7 7 3 0 18 1 13 5 5 4 13 13 1 10 5 7 2 0 2 8 4 5 2 9 2 5 6 5 3 0 1 16 16 12 3 4 8 0 0 0 0 0 1 0 0 0 0 1 0 0 0 0 0 0 0 0 0 0 0 2 1 7 7 5 0 0 2 0 0 0 0 1 0 0 0 0 0 0 0 0 0 0 5 0 0 0 0 2 0 0 0 0 0 0 0 0 0 0 0 0 0 0 1 9 0 0 0 0 0 0 0 0 1 0 0 0 1 0 0 0 0 0 0 0 0 0 0 0 0 0 0 8 0 6 0 0 0 0 2 1 0 16 0 0 1 0 0 0 0 0 0 0 1 0 0 0 0 0 0 0 0 0 0 0 0 1 1 0 0 0 0 0 0 0 0 0 0 0 0 2 15 0 1 0 0 6 0 0 0 3 0 0 0 0 0 0 0 0 0 1 2 0 0 0 0 0 0 1 2 2 0 2 0 12 6 0 0 0 0 0 0 1 0 1 1 1 0 0 2 1 1 0 1 0 1 0 0 0 0
102 8 5 3 0 11 1 11 5 3 1 7 9 2 3 2 2 1 0 2 5 4 3 0 4 1 4 3 8 3 0 0 9 10 11 3 1 7 0 0 0 0 0 0 0 0 0 0 1 0 0 0 0 0 0 0 0 0 0 0 2 0 5 7 2 0 0 3 0 0 0 1 1 0 0 0 0 0 0 0 0 0 0 1 0 0 0 0 1 0 0 0 0 0 0 0 0 0 0 1 0 0 0 0 5 0 0 0 0 0 0 0 1 2 1 0 0 0 0 0 0 0 0 0 0 0 0 0 0 0 0 0 4 0 6 0 0 0 0 2 1 0 11 0 0 0 0 0 0 0 0 0 0 0 1 0 0 0 0 0 1 0 0 0 0 1 0 0 0 0 0 0 0 0 0 1 0 0 0 0 1 11 0 0 1 0 5 0 0 0 2 0 0 0 0 0 0 0 0 0 0 1 0 0 0 0 0 0 1 0 2 0 1 0 6 3 0 0 0 0 0 0 1 0 1 1 1 0 0 2 1 2 0 0 1 1 0 0 0 0
167 7 6 2 0 11 0 10 7 3 3 8 9 1 8 3 4 1 0 2 8 1 2 0 7 2 2 3 4 2 0 0 9 11 4 3 1 7 0 2 0 0 0 1 0 0 0 0 1 0 0 0 0 0 0 0 0 0 0 0 1 2 4 3 2 0 0 4 0 0 0 0 2 0 0 0 0 0 0 0 0 0 0 3 0 0 0 0 1 0 0 0 0 0 0 0 0 0 0 0 0 0 0 0 5 0 0 0 0 0 0 0 0 1 0 0 0 0 0 0 0 0 0 0 0 0 0 0 1 0 0 0 5 0 6 0 0 0 0 1 1 0 12 0 0 0 0 1 0 0 0 0 0 0 0 0 0 0 0 0 0 0 0 2 0 0 0 0 0 0 0 0 0 0 0 0 0 1 0 0 2 14 0 0 0 0 2 0 0 0 3 0 0 0 0 0 0 0 0 0 0 0 0 0 0 0 0 0 1 0 1 0 2 0 12 3 0 0 0 0 0 0 1 0 1 0 0 0 0 1 1 0 0 0 0 0 0 0 0 1
96 2 5 1 0 4 0 4 2 3 2 6 6 1 4 1 5 1 1 1 1 1 2 0 5 1 2 3 1 1 0 1 6 12 4 2 4 3 0 0 0 0 0 0 0 0 0 0 0 0 0 0 0 0 0 0 0 0 0 0 2 0 3 3 2 0 0 0 0 0 0 0 0 0 0 0 0 0 0 0 0 0 0 1 0 0 0 0 0 0 0 0 0 0 0 0 0 0 0 0 0 0 0 0 3 0 0 0 0 0 1 0 0 1 0 0 0 0 0 0 0 0 0 0 0 0 0 0 0 0 0 0 3 0 3 0 0 0 0 3 1 0 7 0 0 0 0 0 0 0 0 0 0 1 0 0 0 0 0 0 0 0 0 0 0 1 0 0 0 0 1 0 0 1 0 0 0 0 0 0 2 9 0 0 1 0 3 0 0 0 0 1 0 0 0 0 0 0 0 0 0 0 0 0 0 0 0 0 0 0 2 0 1 0 5 2 0 0 0 0 0 0 1 0 1 0 0 0 0 0 0 0 0 1 0 0 0 0 0 0
133 5 5 2 0 9 0 10 7 3 3 11 10 2 8 6 6 1 0 2 7 1 2 0 5 2 7 5 4 3 0 0 12 12 7 3 0 5 0 0 0 0 0 0 0 0 0 0 0 0 0 0 0 0 0 0 0 0 0 0 1 1 5 4 2 0 0 3 0 0 1 0 1 0 0 0 0 0 0 0 0 0 0 3 0 0 0 0 1 0 0 0 0 0 0 0 0 0 0 0 0 0 0 0 8 0 0 0 0 0 0 0 0 1 0 0 0 0 0 0 0 0 0 0 0 0 0 0 0 0 0 0 6 0 3 1 0 0 0 3 2 0 18 0 0 0 0 1 0 0 0 0 0 0 0 0 0 0 0 0 0 0 0 0 0 1 1 0 0 0 0 0 0 0 0 0 0 0 0 0 2 13 0 0 0 0 2 0 0 0 3 0 0 0 1 0 0 0 0 0 0 0 1 0 0 0 0 0 1 0 1 0 2 0 6 3 0 0 0 0 0 0 1 0 1 0 3 0 0 2 1 0 0 0 0 0 0 0 0 0
210 6 7 1 0 14 2 15 8 4 3 10 9 2 5 3 4 1 0 2 8 1 1 0 7 4 3 2 5 4 0 0 12 14 7 3 1 10 0 1 1 0 0 0 0 0 0 0 1 0 0 0 2 0 1 0 0 0 0 2 3 1 4 5 3 0 0 2 0 1 0 0 2 0 0 1 0 0 0 0 0 0 0 2 0 0 1 0 0 1 0 0 0 0 0 0 0 0 0 1 0 0 0 0 5 0 0 2 0 0 0 0 0 1 0 0 0 1 0 0 0 0 0 0 0 0 0 0 0 2 1 0 9 0 8 0 0 0 0 2 1 1 14 0 1 0 0 0 0 0 1 0 0 0 1 0 0 0 1 0 0 0 1 1 0 0 0 1 0 0 0 0 0 0 0 0 0 0 1 0 2 15 0 0 0 1 2 0 0 0 3 1 0 0 0 0 0 0 0 0 1 0 0 0 0 0 0 0 1 1 2 0 2 0 6 6 0 0 0 0 0 0 0 0 1 0 0 1 1 1 1 0 0 0 0 0 1 0 1 0
1121 14 4 3 1 23 7 18 11 3 6 4 10 3 7 6 6 1 0 7 8 4 5 1 11 4 7 8 7 10 0 1 7 7 10 3 0 20 0 4 0 0 0 0 0 0 0 0 1 0 0 0 0 0 0 1 0 0 0 0 4 1 8 5 8 0 0 7 0 0 0 0 1 0 0 0 0 0 0 0 0 0 0 11 0 0 0 0 5 0 0 0 0 0 0 0 0 0 0 0 0 0 0 0 13 0 0 0 0 0 0 0 0 0 0 0 0 1 0 0 0 0 0 0 0 0 0 0 0 0 1 0 7 0 16 0 0 0 0 6 3 2 12 0 0 0 0 0 0 0 0 0 0 0 0 0 0 0 0 0 0 2 0 0 1 0 0 0 0 0 1 0 0 0 0 0 0 0 0 0 1 11 0 2 0 1 2 0 0 0 3 0 0 0 0 0 0 0 0 0 0 0 0 0 0 0 0 0 1 1 0 0 0 0 7 7 0 0 0 0 0 0 0 0 0 0 1 0 0 4 0 0 0 0 0 0 0 0 0 0
31892 20 38 4 25 45 31 6 34 1 35 19 1 6 15 9 5 13 11 33 3 3 2 36 37 10 5 29 36 19 20 14 10 6 21 36 15 30 5 1 0 1 4 0 0 0 1 2 0 16 0 0 0 0 0 0 0 0 0 0 6 0 1 3 3 1 0 33 0 0 0 0 0 0 0 0 0 0 0 0 0 4 0 1 5 0 0 0 3 0 0 0 0 0 0 0 0 0 0 0 0 0 0 0 7 0 14 0 0 0 1 0 0 0 0 0 0 0 2 0 0 0 0 0 0 0 0 0 0 0 0 0 1 0 2 0 0 0 2 0 3 0 26 0 0 0 0 0 2 0 0 1 0 0 1 0 0 0 0 0 0 0 0 0 3 0 0 0 0 0 0 0 0 0 0 0 0 0 0 0 1 7 0 2 3 0 1 0 0 0 0 0 1 0 0 0 0 0 0 0 0 0 0 0 0 0 0 0 0 15 0 0 0 0 9 0 0 0 0 0 0 0 0 0 0 0 7 0 3 5 0 0 0 0 0 0 0 1 1 0
447 0 3 0 0 0 0 1 3 1 2 0 0 0 2 2 2 0 0 0 0 0 2 1 0 0 3 1 3 0 0 0 1 4 1 2 0 0 0 0 0 0 0 0 0 0 0 0 0 0 0 0 0 0 0 0 0 0 0 0 0 0 0 0 1 0 0 1 0 0 0 0 0 0 0 0 0 0 0 0 0 0 0 0 0 0 0 0 0 0 0 0 0 0 0 0 0 0 0 0 0 0 0 0 2 0 0 0 0 0 0 0 0 0 0 0 0 0 0 0 0 0 0 0 0 0 0 1 0 0 0 0 0 0 0 0 0 0 0 1 3 1 1 0 0 0 0 0 0 0 0 0 0 0 0 0 0 0 0 0 0 0 0 1 0 0 0 0 0 0 0 1 0 1 0 0 0 0 0 1 1 4 0 0 0 0 5 0 0 0 0 0 0 0 0 0 0 0 0 0 0 0 0 0 0 0 0 0 0 0 3 0 0 0 1 2 0 0 0 0 1 0 0 0 0 0 0 0 0 0 0 0 0 0 0 0 0 0 0 0
546 2 1 0 0 0 2 1 2 0 2 0 1 6 1 1 4 0 0 1 1 4 1 0 1 1 2 1 1 3 0 0 0 3 0 3 2 2 0 1 0 0 0 0 0 0 0 0 0 0 0 0 0 0 1 0 0 0 0 0 0 0 1 2 1 0 0 3 0 0 0 0 0 0 0 0 0 0 0 0 0 0 0 2 1 0 0 0 2 0 0 0 0 0 0 0 0 0 0 0 0 0 1 0 1 0 0 0 0 0 0 0 1 0 0 0 0 0 0 0 0 0 0 0 0 0 0 0 0 0 0 0 2 0 2 0 0 0 0 3 0 0 0 0 0 0 0 0 0 0 0 0 0 0 0 0 0 0 1 0 0 0 1 0 0 1 0 0 0 0 0 0 0 0 0 0 1 0 0 2 0 2 0 0 0 0 0 0 0 0 0 0 0 0 0 0 0 0 0 0 0 0 0 0 0 1 0 0 0 0 0 0 1 0 3 3 0 0 0 0 0 0 0 0 0 0 0 1 0 1 1 0 0 0 0 0 0 0 0 0
274 2 0 2 0 4 1 3 0 1 0 2 2 1 4 1 1 0 0 2 0 2 1 0 2 2 4 1 0 3 0 0 0 4 2 0 3 3 0 0 0 0 0 0 0 0 0 0 0 0 0 0 0 0 0 0 0 0 0 0 0 0 1 1 1 0 0 0 0 0 0 0 0 0 0 0 0 0 0 0 0 0 0 1 0 0 0 0 0 0 0 0 0 0 0 0 1 0 0 0 0 0 1 0 3 0 0 0 0 0 0 0 0 0 0 0 0 0 0 0 0 0 0 0 0 0 0 0 0 0 0 0 1 0 2 0 0 0 0 1 0 0 0 0 0 0 0 0 0 0 0 0 0 0 0 0 0 0 0 0 0 0 1 0 0 0 0 0 0 0 0 0 0 0 0 0 0 0 0 0 0 4 0 0 0 0 0 0 0 0 1 0 0 0 0 0 0 0 0 0 0 1 0 0 0 1 0 0 0 0 0 0 1 0 2 0 0 0 0 0 0 0 0 0 0 0 0 1 0 0 0 0 0 0 0 0 0 0 0 0
