519 1 0 7 3 4 0 4 0 10 0 5 1 2 1 1 0 2 0 2 0 3 5 0 1 5 1 2 0 0 1 5 0 3 7 0 2 0 12 0 0 0 0 0 0 0 1 5 0 3 0 0 1 0 0 0 0 3 1 1 3 0 3 3 3 1 2 0 0 5 0 0 5 1 4 2 3 1 3 0 15 1 1 3 0 0 1 12 1 2 6 1 1 0 2 0 1 1 0 0 0 0 0 0 0 2 0 1 2 7 3 0 0 0 0 0 0 0 0 0 0 0 4 0 1 0 1 0 5 1 0 1 5 0 5 9 0 4 9 2 0 2 0 4 0 5 2 0 8 0 2 5 3 3 1 2 0 0 1 0 1 2 5 0 0 0 0 0 1 8 0 1 4 0 0 6 0 0 5 4 0 0 0 1 2 2 0 1 0 7 0 0 1 0 0 4 0 1 0 0 0 0 1 1 4 1 0 2 0 1 0 1 3 1 0 0 3 2 1 1 0 0 0 2 2 0 0 0 4 1 2 3 0 2 0 3 0 0 0 2
599 2 0 2 0 0 0 4 0 5 1 3 0 1 4 1 3 2 2 2 0 4 5 1 2 0 1 2 0 3 0 3 0 4 1 1 2 0 8 2 0 0 0 0 0 0 3 5 1 2 0 1 1 0 0 0 0 1 2 1 2 1 0 1 2 0 0 0 0 2 1 0 5 0 4 1 1 1 2 1 6 1 0 1 0 0 0 9 0 8 4 0 0 1 1 1 1 0 0 1 0 0 1 0 2 2 0 0 1 5 2 4 0 0 1 0 0 0 0 0 0 0 0 1 0 1 0 0 3 0 0 4 3 1 2 5 0 5 4 1 0 2 1 1 0 6 0 0 2 2 8 3 3 4 4 5 0 0 1 0 0 2 4 0 0 0 0 1 0 4 0 0 6 0 0 2 0 0 4 5 0 1 0 1 1 3 0 0 1 0 0 0 0 0 0 2 1 2 0 0 2 0 0 1 4 0 0 0 0 0 0 0 3 7 1 0 1 0 0 0 1 0 0 1 0 0 1 0 2 0 0 0 0 2 0 6 0 0 0 3
363 4 3 11 4 3 1 2 0 3 2 3 0 2 3 1 4 6 1 1 1 3 6 0 0 2 4 1 1 0 1 5 0 2 5 0 2 0 9 1 0 0 1 1 0 0 1 6 1 3 1 1 0 0 0 0 4 1 2 2 5 1 2 2 0 2 0 0 1 3 3 0 2 0 3 4 0 1 3 0 1 0 0 0 0 0 4 8 0 7 5 1 1 2 0 1 2 6 2 1 2 0 2 0 0 4 0 0 2 3 5 7 1 0 1 1 0 0 3 0 1 1 5 1 0 1 0 0 5 1 0 0 6 2 0 8 0 2 2 0 0 3 1 5 0 6 2 0 9 0 4 6 6 4 4 2 0 1 1 0 1 2 2 0 1 2 2 1 0 5 0 3 4 2 1 5 2 2 7 6 0 1 0 1 2 3 0 3 0 4 0 3 1 0 0 5 0 2 2 1 1 0 0 3 4 1 0 0 2 1 0 1 2 6 2 0 3 1 2 0 1 1 0 1 0 0 0 0 2 1 0 2 0 4 2 7 0 0 1 1
25 0 1 2 4 1 1 0 0 2 1 2 0 1 0 0 1 1 1 0 1 0 5 0 0 1 1 2 1 0 0 3 1 0 4 0 0 0 7 0 0 0 0 0 0 0 0 4 0 1 0 0 0 0 0 0 3 1 0 1 2 1 2 3 1 2 0 0 0 2 0 0 0 0 1 3 0 0 1 0 1 0 0 0 0 0 3 3 0 3 0 0 0 0 0 1 0 1 1 1 1 0 1 0 0 3 0 0 1 1 1 4 0 0 0 1 2 0 1 0 1 0 3 0 0 0 0 0 1 1 0 1 4 0 0 2 0 0 2 0 0 0 0 1 0 2 1 0 3 0 3 3 0 2 1 2 0 0 0 1 1 1 1 0 0 1 2 0 0 2 0 1 2 1 1 0 1 1 0 1 0 1 0 2 2 0 1 1 0 3 0 1 0 0 0 1 0 1 1 0 0 0 0 0 1 1 0 0 0 0 0 1 0 2 0 0 1 2 0 0 0 0 0 1 0 0 0 0 1 0 0 1 1 0 2 3 0 0 0 2
3083 3 1 0 0 2 0 3 0 0 0 5 5 7 1 4 5 1 0 3 0 8 0 1 0 1 6 1 1 0 0 1 2 3 0 0 4 0 5 0 5 0 0 0 2 5 0 1 0 0 0 0 0 0 0 0 0 0 0 0 4 2 1 0 1 0 3 0 0 2 0 0 0 1 0 0 0 2 1 2 0 0 0 1 0 0 0 4 0 1 0 0 0 0 0 0 0 0 0 0 0 0 0 1 0 3 0 0 0 3 0 0 0 0 0 0 0 0 3 0 0 0 0 0 0 0 0 0 11 0 0 4 0 0 1 3 0 0 0 0 2 3 0 0 0 17 0 0 5 0 0 8 0 0 2 0 0 1 1 0 0 1 0 0 4 2 0 1 0 5 0 1 3 0 1 0 1 0 0 2 0 0 0 0 0 1 0 0 0 1 0 2 1 4 1 0 0 1 0 0 0 0 0 0 0 0 0 0 0 1 0 0 0 0 0 0 0 0 0 0 0 0 0 0 0 0 0 0 1 0 0 0 0 4 0 0 0 0 0 0
668 4 1 8 1 3 0 0 0 5 10 8 0 4 1 1 9 5 0 2 0 4 9 2 0 7 6 2 0 1 0 11 1 4 6 0 5 0 9 2 0 0 0 0 1 2 0 6 0 3 2 0 0 2 0 0 0 2 2 0 4 1 2 4 0 1 11 1 0 2 2 0 2 1 2 1 1 2 5 0 5 0 5 2 2 0 3 17 0 6 2 0 1 7 0 1 0 8 0 0 0 0 0 0 0 0 0 2 0 0 2 2 0 1 1 0 3 0 1 1 0 0 1 0 0 0 2 0 9 0 0 4 2 0 3 16 0 9 0 0 2 0 1 4 0 9 3 1 6 1 8 0 3 6 5 1 0 0 1 0 2 1 7 0 4 0 0 0 2 1 0 0 3 1 3 0 0 2 11 2 0 0 0 2 1 5 1 1 1 3 0 1 0 0 0 4 0 1 1 0 1 0 2 1 3 0 0 1 2 1 0 0 2 8 0 0 1 3 5 1 0 2 0 4 1 1 0 0 7 1 3 0 0 3 0 8 0 0 1 3
557 3 3 11 1 4 0 0 0 9 5 8 0 3 1 1 2 1 2 2 0 6 9 1 0 8 0 2 0 1 0 9 0 6 6 1 3 0 2 0 1 0 0 0 0 0 0 4 0 1 2 0 0 0 0 0 0 1 1 0 1 1 4 3 1 1 3 1 0 4 1 0 4 0 0 0 1 0 0 0 7 0 0 2 0 0 3 7 0 1 5 0 1 1 0 0 2 4 2 0 0 0 0 0 0 0 0 0 1 3 3 0 0 0 0 0 0 0 2 0 0 0 2 0 0 0 1 0 9 0 0 1 7 2 0 4 0 4 3 0 1 8 1 1 0 8 2 1 8 1 2 4 5 4 2 1 0 1 0 0 2 1 3 0 2 0 1 0 1 5 0 0 5 0 3 2 0 0 4 3 0 0 0 1 0 3 1 0 1 3 0 0 1 0 0 3 0 2 0 0 0 0 0 0 3 0 0 0 0 0 0 0 1 2 0 0 2 1 5 0 0 1 0 3 1 0 0 0 1 0 0 0 0 2 1 4 0 0 0 7
527 2 1 5 0 2 0 0 0 10 6 6 1 4 1 1 4 5 1 5 0 9 2 1 0 5 2 5 0 3 0 7 0 5 4 1 2 0 12 0 0 0 0 1 0 0 0 8 0 1 0 0 0 0 0 0 2 0 3 1 4 1 3 3 4 2 3 0 0 0 0 0 6 1 6 4 0 3 0 0 3 1 0 0 1 0 3 5 1 2 4 0 1 0 0 0 1 7 0 0 1 0 0 0 1 2 0 0 1 2 2 0 1 0 0 0 0 0 1 0 1 0 6 0 0 0 1 0 6 1 0 2 1 0 1 2 0 4 4 0 2 3 1 1 0 7 3 1 2 0 9 7 0 3 1 2 0 1 0 0 2 1 4 0 3 0 0 0 2 4 0 0 5 3 4 1 0 0 5 1 0 1 0 0 2 2 1 0 3 5 1 0 1 1 0 3 0 4 0 1 0 0 0 0 2 0 0 5 0 1 0 1 3 2 0 0 4 3 1 0 3 1 0 2 1 1 0 0 1 0 0 1 0 3 0 4 0 0 0 4
560 2 2 7 0 5 0 0 0 10 9 5 1 3 1 1 3 2 1 4 0 9 5 0 0 12 1 2 0 2 0 10 0 3 4 0 1 1 6 2 0 0 0 0 0 0 0 1 0 2 0 1 0 1 0 0 0 1 4 2 2 2 3 3 0 1 3 0 0 0 1 0 5 0 2 1 0 1 0 0 1 0 1 0 0 0 3 7 0 6 5 1 1 0 1 0 1 0 0 0 0 0 0 0 0 1 0 0 0 1 4 0 0 0 1 0 0 0 3 0 0 0 3 0 0 0 0 0 13 0 0 2 2 0 1 7 1 0 7 0 1 1 0 2 0 12 2 2 1 0 6 3 1 3 2 3 0 0 0 0 2 1 8 0 1 0 0 0 4 2 0 3 2 1 3 1 0 0 1 2 0 0 0 0 2 2 2 0 1 3 0 0 0 0 0 1 0 1 0 0 1 0 0 2 1 0 0 0 0 1 1 1 2 2 0 0 3 2 2 0 0 1 0 2 5 1 0 0 1 0 2 1 0 2 0 7 0 0 1 4
120 2 1 4 0 0 0 0 0 1 9 2 1 0 0 0 0 4 0 1 0 3 4 0 0 9 1 1 0 0 0 5 0 1 3 0 1 0 1 0 0 0 0 0 0 0 1 0 0 1 2 0 1 0 0 0 0 0 1 0 0 1 2 1 0 0 2 1 0 0 1 0 2 0 0 1 0 0 1 0 1 0 0 0 1 2 1 6 0 3 5 0 1 0 0 0 1 0 0 0 0 0 0 0 0 1 0 0 0 2 2 0 0 0 1 0 0 0 0 0 0 0 1 0 0 0 0 0 9 0 1 1 2 0 0 1 1 1 1 0 0 0 0 0 0 8 1 2 1 0 2 3 0 1 2 1 0 0 0 0 1 1 3 0 2 0 0 0 3 1 0 0 2 0 2 0 0 0 0 2 0 1 0 0 0 1 1 0 1 1 0 0 1 0 0 0 0 0 0 0 1 0 0 2 0 0 0 0 0 1 1 1 2 2 0 0 1 0 1 0 0 0 0 1 3 0 0 0 1 0 2 0 0 0 0 3 0 0 1 2
3041 2 2 2 0 3 0 7 0 0 3 6 6 7 2 3 7 2 1 0 0 5 1 3 2 1 4 0 1 2 0 1 2 4 0 0 1 0 4 0 4 0 0 2 0 0 0 3 0 0 0 0 0 0 0 0 0 0 0 0 6 2 1 0 2 0 1 1 0 3 0 0 1 0 0 0 0 4 0 2 0 0 1 0 2 0 0 2 0 0 1 0 0 0 0 0 0 6 1 0 0 0 0 1 0 3 0 0 0 10 0 0 0 0 0 0 0 0 0 0 0 0 0 0 0 0 0 0 4 0 2 2 0 0 1 4 1 0 2 0 0 8 0 2 0 13 0 0 6 0 0 7 0 1 2 0 0 1 3 0 0 0 0 0 5 0 0 1 0 5 0 0 2 0 1 0 0 0 0 3 0 1 0 2 0 1 0 0 0 0 0 1 0 1 2 0 0 6 0 0 0 0 1 0 0 0 0 1 0 1 3 0 0 1 2 0 0 4 2 1 0 0 1 0 0 0 0 0 0 0 0 0 0 8 0 0 0 0 1 0
577 1 4 8 0 4 1 1 0 6 1 5 1 0 3 3 3 5 0 3 0 7 5 2 0 2 2 2 0 1 0 1 0 1 1 2 0 0 5 1 0 0 0 1 0 1 0 4 0 1 0 0 0 0 0 1 0 1 0 0 6 2 1 3 1 0 2 1 1 1 0 0 5 2 4 2 1 0 3 0 8 3 0 2 0 1 1 6 0 3 7 1 0 1 0 0 1 5 1 0 0 0 1 0 0 2 0 1 1 2 4 2 0 0 0 0 0 1 0 0 1 0 1 0 0 0 0 0 2 0 0 0 6 0 2 6 1 3 3 1 1 9 1 3 0 5 2 0 4 1 6 2 3 4 3 2 0 0 1 0 0 0 2 0 3 1 0 0 2 3 1 0 4 0 0 0 1 1 4 2 0 2 0 0 0 1 0 1 1 5 0 3 0 1 0 1 0 1 1 1 0 0 1 1 1 2 0 0 0 1 0 0 2 2 1 0 2 4 2 0 0 0 0 1 1 0 0 1 2 0 3 1 2 5 0 0 0 0 2 2
388 1 2 7 1 1 2 1 0 4 3 5 1 1 4 4 3 4 1 1 0 5 2 2 1 6 4 3 1 0 0 3 0 2 2 0 4 1 9 0 2 0 0 1 0 0 0 5 0 2 0 0 1 0 0 0 0 2 4 1 5 2 0 1 4 0 0 0 0 0 0 0 5 1 3 2 3 0 1 0 5 0 0 1 0 1 1 5 1 2 4 2 0 2 1 0 4 7 0 0 0 1 0 1 2 5 0 0 0 1 1 4 0 0 0 0 1 0 0 0 1 0 7 0 1 1 0 0 2 1 0 1 2 1 2 7 3 7 3 0 0 4 3 4 0 8 2 0 6 2 10 4 2 7 6 5 0 1 1 0 1 0 3 0 3 1 1 1 1 8 0 3 8 0 0 1 2 0 5 2 1 1 0 1 2 0 0 1 3 8 0 3 1 1 0 4 0 1 0 1 1 1 0 2 2 1 0 2 0 1 0 0 3 7 1 0 3 4 3 1 2 0 0 1 0 1 1 1 0 0 1 1 1 3 1 8 1 0 1 2
451 0 5 4 0 1 0 2 0 6 1 3 1 3 4 4 7 4 3 2 0 4 7 1 0 4 4 0 4 2 0 7 0 5 4 2 1 1 9 0 0 0 1 2 1 0 0 5 0 3 0 1 0 0 1 1 5 1 4 2 5 1 3 3 1 1 1 0 0 1 2 0 5 2 4 1 1 0 3 1 2 1 0 2 1 1 1 11 1 5 3 0 1 1 0 0 3 3 0 1 2 1 0 0 1 6 1 0 2 0 1 2 0 1 3 0 0 0 5 0 1 0 1 0 1 1 0 1 4 0 0 0 3 1 2 7 3 6 4 0 0 2 1 1 0 6 1 0 3 3 13 7 1 2 0 2 0 1 1 0 1 2 6 0 2 4 0 1 1 4 0 3 8 2 0 2 0 0 11 4 0 1 0 5 0 1 1 0 2 3 1 3 1 2 0 9 1 1 0 1 0 0 0 1 4 3 1 3 0 2 1 0 1 8 1 0 6 4 0 0 1 0 0 1 3 1 0 1 3 2 1 1 1 7 1 6 0 0 1 3
396 0 3 11 1 4 0 1 0 10 2 5 1 1 3 3 3 6 0 4 0 7 4 1 1 3 6 2 0 0 0 6 1 4 1 1 1 0 7 2 1 1 0 3 0 0 0 3 1 3 0 0 1 0 1 0 3 1 2 0 4 1 2 1 4 0 4 1 0 0 1 0 10 1 3 1 0 1 5 0 8 0 1 2 0 0 6 12 0 7 9 0 1 2 0 1 3 3 1 0 0 1 2 0 0 2 0 0 2 3 2 5 1 0 0 0 0 0 2 0 0 0 2 0 2 0 0 0 6 0 0 2 7 1 2 11 2 2 9 1 0 0 6 3 0 10 4 1 0 0 4 8 1 7 1 1 0 1 1 0 0 0 7 0 4 0 2 0 2 9 0 2 9 1 0 2 1 0 6 3 1 1 0 1 1 3 1 0 2 8 0 3 0 1 0 7 0 2 0 1 1 0 0 3 2 2 0 3 2 3 0 2 0 5 1 0 4 4 5 0 0 2 0 0 1 2 1 0 1 1 2 1 0 5 2 4 0 0 1 4
399 2 0 9 4 2 2 3 1 11 8 8 2 3 0 6 3 3 1 2 2 7 3 3 1 5 7 4 0 1 0 6 0 1 3 2 8 1 8 1 1 0 1 1 1 0 0 3 1 4 0 1 1 0 0 0 1 3 1 1 9 2 0 2 0 2 0 0 0 1 2 0 5 2 7 3 0 2 3 0 8 2 1 1 0 0 3 13 2 9 7 2 1 2 0 0 4 4 0 2 2 0 2 0 2 2 0 0 0 3 0 2 0 1 0 0 0 2 1 0 0 0 3 2 1 0 1 1 9 2 0 4 7 0 5 7 4 5 3 0 0 2 1 4 1 6 2 0 2 1 13 2 0 4 1 1 0 0 1 0 0 0 6 0 3 1 1 1 0 2 0 1 9 1 1 0 0 0 9 8 1 3 0 3 4 3 2 0 1 5 2 1 1 1 0 6 1 0 2 2 2 1 0 3 1 2 0 1 0 4 0 0 1 7 0 0 6 4 0 1 1 0 0 2 1 0 0 0 2 1 0 6 0 6 1 6 0 0 2 3
12 0 0 3 0 0 0 2 0 3 0 4 2 0 0 1 1 0 0 0 1 0 2 0 0 3 4 1 0 0 0 0 0 2 1 1 2 0 1 1 0 0 0 0 0 0 0 1 0 2 0 0 0 0 0 0 0 1 0 0 1 0 0 0 0 0 0 0 0 1 0 0 0 2 2 2 0 1 0 0 2 2 1 0 0 0 1 4 1 5 0 0 0 0 0 1 1 2 1 0 0 0 0 0 2 0 0 0 0 0 0 1 0 0 0 0 0 1 0 0 0 0 1 0 0 0 0 0 2 0 0 2 1 0 1 1 0 1 1 0 0 3 1 1 0 2 0 0 2 0 5 0 0 2 1 0 0 0 0 0 0 1 2 0 1 0 0 0 0 0 0 1 3 0 1 0 0 0 2 1 0 0 0 2 2 1 0 0 0 1 2 0 1 0 0 2 1 0 0 0 0 0 0 1 0 1 0 1 1 0 0 0 0 2 0 0 1 0 0 0 0 0 0 1 0 0 0 0 1 0 0 3 0 0 0 2 0 0 0 0
18 1 0 6 1 0 1 1 1 7 2 4 1 0 2 1 0 0 0 2 0 1 7 1 0 3 5 2 0 0 0 5 1 0 3 1 4 0 1 0 1 0 0 0 0 0 0 2 0 2 0 0 1 0 0 0 0 2 0 1 3 0 1 1 0 0 3 0 1 2 1 0 2 2 2 2 0 1 1 0 5 1 1 1 0 0 2 4 0 5 0 0 1 1 0 1 3 1 1 0 0 2 1 0 0 1 0 0 0 2 1 0 0 0 0 0 1 1 2 0 0 0 4 0 0 1 0 0 1 0 0 2 6 0 2 1 2 3 3 0 0 0 2 0 1 5 1 0 2 0 5 1 0 2 1 0 0 0 0 0 0 0 3 0 2 0 1 0 1 0 0 1 4 0 1 0 0 0 5 1 0 0 0 1 1 2 1 0 0 1 0 1 1 0 0 3 0 0 0 1 1 1 0 1 1 0 0 0 0 1 0 0 0 4 1 0 4 1 0 1 0 0 1 1 0 0 0 0 0 1 0 1 0 1 1 2 0 1 0 0
316 0 1 13 2 4 1 1 0 11 9 7 1 3 3 7 4 2 1 5 1 5 8 1 2 11 4 2 0 0 0 7 0 4 5 2 2 0 8 3 2 1 0 1 0 0 0 3 0 2 2 1 0 0 1 0 2 2 3 1 7 2 1 3 4 0 0 0 0 0 0 0 8 2 2 3 1 3 6 0 9 0 0 1 0 0 3 9 2 1 5 1 0 0 2 1 1 6 0 0 0 0 1 0 2 3 0 0 3 4 4 0 1 0 0 0 2 1 3 0 1 0 4 1 0 3 0 0 8 1 0 1 2 2 2 6 4 5 3 0 0 3 4 5 1 5 3 0 3 3 10 4 2 4 8 1 0 1 2 1 1 1 3 0 4 1 0 1 0 4 0 1 4 2 3 5 0 0 3 3 0 1 0 5 3 1 0 1 0 6 1 1 0 2 0 5 0 0 0 0 0 0 0 2 1 0 0 2 0 0 1 0 1 7 0 1 5 4 0 2 2 0 1 0 1 2 0 1 0 0 1 3 1 5 0 10 0 0 1 2
374 5 1 12 4 5 1 2 0 9 7 4 1 2 1 4 4 1 0 5 0 6 2 7 0 5 5 6 2 1 0 9 0 3 2 0 4 0 10 1 2 0 0 2 0 0 0 3 0 0 2 1 1 1 1 0 0 1 0 1 4 3 1 1 5 1 1 1 1 3 4 0 6 3 4 3 2 0 4 0 9 0 3 5 2 0 4 7 1 2 7 2 0 1 1 0 2 1 2 2 0 0 0 0 2 3 0 1 0 8 2 3 3 0 0 1 0 2 2 0 1 0 4 0 0 0 2 0 11 0 0 2 5 3 2 4 2 5 4 0 0 3 0 1 2 4 3 0 8 2 6 5 0 5 2 3 0 0 2 0 0 0 2 2 4 2 0 0 0 7 0 0 8 4 1 3 1 0 4 2 1 0 0 4 2 3 3 1 2 5 1 3 2 1 0 4 1 1 1 2 1 1 0 4 1 1 0 2 0 2 0 0 4 2 0 1 2 5 1 2 2 1 0 0 1 3 1 1 5 1 0 2 1 5 0 7 0 0 2 1
3140 1 5 1 0 1 0 3 0 0 6 7 1 6 1 6 5 0 0 1 0 4 0 1 0 1 6 0 0 0 0 2 0 5 0 0 3 0 3 0 2 0 0 0 0 1 0 2 0 0 0 0 0 0 0 0 0 0 0 0 1 1 1 0 0 0 0 0 0 2 0 0 0 0 0 1 0 3 2 0 0 0 1 0 1 0 0 4 0 0 0 0 0 0 0 0 0 6 0 0 0 0 0 0 0 3 0 0 0 3 0 0 0 0 0 0 0 1 1 0 0 0 0 0 0 0 0 0 7 0 0 2 0 0 1 0 0 1 2 0 0 1 0 1 0 6 0 1 3 0 0 0 0 0 3 0 0 0 1 0 1 0 0 0 3 1 0 0 0 1 0 0 2 0 1 0 1 0 0 2 0 2 0 0 0 3 0 0 0 0 0 0 0 0 0 0 0 0 0 0 0 0 0 0 2 0 0 0 0 3 0 0 0 0 0 0 0 0 1 0 0 0 0 0 0 0 0 0 1 0 0 0 0 1 0 1 0 0 0 0
454 1 1 5 0 0 0 3 0 5 7 6 0 2 2 3 3 0 1 2 0 8 0 2 1 1 2 0 0 0 0 5 0 4 5 1 1 0 3 0 0 0 0 0 1 0 1 9 0 0 1 0 0 0 0 0 1 0 1 0 2 0 3 2 1 1 0 1 0 1 0 0 3 1 2 0 0 0 2 0 4 2 0 0 1 0 0 4 0 2 5 0 0 0 0 0 0 1 0 0 0 0 2 0 1 0 0 0 0 2 3 1 0 0 0 0 0 0 2 0 0 0 3 0 0 0 1 0 2 0 1 1 1 0 0 2 1 2 2 0 1 3 1 0 0 2 1 0 3 1 5 4 0 4 1 0 0 0 0 0 0 0 2 0 0 0 0 0 0 0 0 0 3 1 0 0 1 0 1 1 0 1 0 0 2 0 0 0 0 2 1 0 0 0 0 2 0 0 0 0 0 0 0 5 2 0 0 0 0 0 0 0 0 0 0 1 2 0 3 0 0 0 0 1 1 0 0 0 4 0 0 1 0 0 1 3 0 0 1 1
468 2 2 6 4 0 0 2 0 6 4 9 1 3 2 4 6 7 0 5 0 6 3 2 1 1 3 1 1 0 0 12 1 3 8 0 2 1 5 1 2 1 1 0 0 0 1 4 1 4 0 1 1 0 0 0 0 0 3 2 1 3 4 3 4 1 2 0 0 1 3 0 3 1 3 4 0 1 2 0 11 0 1 2 0 0 0 6 0 4 3 0 2 2 0 0 2 5 0 1 1 1 2 0 2 2 0 0 2 3 2 2 1 2 0 0 0 3 4 0 1 0 2 1 0 2 0 0 3 0 0 2 8 2 1 4 0 2 5 0 0 7 3 4 0 7 1 1 5 2 9 9 2 4 3 3 0 1 1 0 0 0 4 0 1 1 0 2 0 8 0 0 8 1 3 2 1 0 5 0 0 2 0 1 2 2 0 1 2 9 0 1 0 0 0 0 0 2 1 0 2 0 2 2 3 0 0 1 0 2 1 1 3 5 0 0 0 1 3 0 0 1 0 5 2 1 0 0 1 0 1 2 0 4 1 3 1 0 0 3
3132 0 2 0 0 1 0 1 0 0 2 5 4 5 1 3 3 0 0 6 0 2 1 3 0 1 0 0 0 1 0 2 0 2 0 0 1 0 2 0 2 0 0 1 1 0 0 3 0 0 0 0 0 0 0 0 0 0 0 0 0 1 1 0 2 0 1 1 0 3 0 1 0 0 0 0 0 0 0 3 0 0 0 0 0 0 0 6 0 0 0 0 0 0 0 0 0 4 0 0 0 0 0 0 0 0 0 0 0 5 0 0 0 0 0 0 0 0 0 0 0 0 0 0 0 0 0 0 2 0 1 0 0 0 0 7 0 1 0 0 0 4 0 7 0 1 0 0 6 1 1 5 0 0 2 0 0 0 0 0 1 2 0 0 0 0 0 1 1 6 0 0 1 0 0 0 0 0 1 0 0 0 0 0 0 1 0 0 0 2 0 1 0 4 0 0 0 2 0 0 0 0 0 1 2 0 0 0 0 1 0 0 0 1 2 0 0 5 0 1 0 0 1 0 0 0 0 0 1 0 0 0 0 9 0 0 0 0 0 0
608 0 2 5 1 0 0 1 0 8 0 8 1 0 0 2 3 1 2 3 0 4 8 2 0 8 0 1 0 0 0 10 0 2 3 1 1 0 6 0 0 1 0 1 1 0 0 4 0 0 1 0 0 0 0 0 0 0 2 2 2 0 2 0 1 0 3 0 0 3 1 1 4 0 1 1 0 0 3 1 8 0 0 1 0 0 0 13 0 2 4 0 0 1 0 0 1 1 1 0 0 0 0 0 0 1 0 1 2 4 4 0 0 0 0 0 0 0 1 0 0 0 2 0 0 0 0 0 8 0 0 0 4 0 3 8 0 3 8 0 0 3 0 5 1 2 1 0 3 1 6 6 5 1 0 2 0 0 1 0 0 1 2 0 0 0 0 0 0 8 0 0 4 0 2 0 1 2 3 0 0 2 0 2 1 1 1 0 1 3 0 0 0 0 0 6 0 2 1 0 0 0 0 1 3 0 0 1 0 2 0 0 0 1 0 0 0 1 1 1 0 0 1 0 0 0 0 0 2 0 1 1 0 3 1 3 0 0 0 0
318 0 2 6 1 1 0 2 0 5 1 5 1 2 0 3 0 0 2 2 0 2 3 1 0 4 0 5 0 0 0 5 0 3 3 1 0 0 1 0 0 0 0 1 0 0 0 1 0 0 0 0 0 0 0 0 1 0 0 3 2 0 2 0 2 0 0 1 0 1 3 0 3 1 1 3 0 0 0 0 6 0 0 1 0 0 0 3 1 0 4 1 2 0 0 0 0 1 0 0 0 0 1 0 0 1 0 1 0 1 2 0 0 0 0 0 1 0 0 0 0 0 1 0 0 0 0 0 7 0 0 1 2 1 2 1 1 0 5 1 0 0 0 1 0 5 3 0 1 1 2 3 0 0 1 2 0 0 1 0 0 1 1 0 1 0 0 1 0 7 0 0 5 0 3 1 0 0 3 2 0 0 0 0 0 3 0 0 1 1 0 0 0 0 0 3 1 3 0 0 0 1 0 1 1 0 0 0 0 0 0 1 0 3 1 0 0 0 1 1 0 0 0 0 0 0 1 0 0 0 2 1 0 2 1 2 0 1 0 0
446 0 1 12 4 0 2 2 0 6 0 6 1 2 5 2 3 3 0 2 0 5 7 4 1 0 5 2 0 0 0 12 0 8 3 0 1 0 11 2 0 0 0 1 1 1 0 5 0 4 0 0 0 0 0 0 1 2 1 1 2 0 2 3 2 2 1 0 0 7 4 1 7 1 5 0 1 2 2 1 5 0 0 1 0 0 0 12 0 9 2 1 2 2 0 1 3 6 2 0 1 0 0 0 0 1 0 2 1 1 1 1 1 0 1 0 0 0 2 0 0 0 5 1 1 1 0 0 1 1 0 3 2 0 1 7 0 8 3 0 0 6 2 3 0 2 7 0 4 3 11 5 2 5 3 1 0 0 1 0 0 1 3 0 2 1 0 1 2 3 0 5 8 2 1 3 1 0 3 2 0 2 2 1 1 1 2 0 1 5 0 2 0 0 0 7 0 1 3 0 0 2 1 3 3 0 0 2 1 2 2 2 3 8 1 0 4 1 3 1 0 2 1 3 1 1 1 0 8 1 2 1 2 3 1 8 0 2 1 2
274 0 5 4 3 0 1 0 0 3 2 1 1 1 1 0 1 2 1 2 0 4 7 2 0 0 2 1 0 1 0 6 0 2 2 0 1 0 1 0 0 1 0 0 0 1 1 2 0 2 0 0 0 0 0 0 1 3 0 7 1 1 7 3 0 1 2 0 0 1 0 0 4 0 0 0 0 0 0 0 2 0 0 0 0 0 0 5 0 7 0 1 0 0 0 1 0 1 2 0 0 0 0 0 0 1 0 0 2 1 2 1 0 0 0 0 2 0 2 0 0 0 1 0 0 1 0 0 0 0 0 2 0 0 0 1 0 1 2 0 0 2 3 2 0 0 3 0 1 1 2 2 1 3 1 1 0 1 3 0 0 0 7 0 1 0 0 0 3 3 0 4 3 0 1 2 1 0 1 4 0 1 1 1 0 0 0 0 0 3 0 0 0 0 0 8 0 1 2 1 0 0 1 0 1 0 1 0 0 0 1 1 1 2 2 0 1 0 0 1 0 2 0 0 0 0 0 0 1 0 2 1 2 0 1 1 0 0 1 2
512 0 3 5 0 0 2 1 1 4 0 5 0 0 1 4 6 1 4 3 0 8 4 2 0 2 1 0 1 0 0 6 0 4 3 0 1 0 18 1 0 0 0 2 1 0 1 2 0 2 0 3 1 0 0 0 0 1 4 1 0 0 2 2 2 1 1 0 0 5 0 0 6 1 2 3 1 0 4 1 8 4 0 0 0 1 0 10 0 8 4 0 0 0 0 0 1 1 0 0 0 0 0 0 3 3 0 0 0 1 2 0 0 1 0 0 0 0 1 0 0 0 1 3 0 1 0 1 1 0 0 6 8 0 1 7 0 4 4 0 0 1 3 3 0 8 5 1 4 3 11 8 2 6 0 1 0 0 0 0 0 1 6 0 0 0 0 2 2 6 0 3 6 2 0 1 0 1 7 2 0 0 0 0 3 6 1 0 1 5 0 1 0 0 0 9 0 1 0 0 0 0 1 1 1 1 0 1 0 3 1 1 2 4 0 0 3 1 0 0 1 0 1 0 3 1 0 1 4 1 0 4 0 3 1 7 0 0 1 3
554 2 0 6 4 0 1 2 1 10 2 4 4 2 2 4 4 2 2 9 0 9 4 3 1 2 0 4 2 3 0 9 0 1 0 0 1 0 10 2 3 0 1 2 1 2 1 5 1 3 1 0 0 0 0 0 1 2 1 1 2 1 3 1 5 2 1 0 2 1 3 2 9 0 0 3 1 0 1 0 9 0 0 3 1 0 4 10 0 2 7 0 1 0 1 1 1 4 0 0 0 0 0 0 0 0 0 0 0 2 3 5 0 1 1 0 0 0 5 0 1 0 2 0 0 0 0 0 2 2 0 3 7 1 0 4 2 8 9 0 0 3 1 2 0 8 4 0 5 2 2 13 0 4 3 1 0 0 1 1 0 2 6 1 2 0 2 1 3 10 0 4 10 1 1 5 0 0 5 4 0 0 0 3 0 2 0 0 0 10 3 1 0 0 0 3 0 1 1 0 1 0 1 3 2 0 0 0 1 2 0 0 0 3 1 1 2 3 0 0 0 0 1 3 4 1 1 0 3 3 2 0 2 6 1 4 0 1 1 1
3116 0 2 0 0 1 0 2 0 0 3 6 1 4 3 1 3 0 5 0 0 3 0 1 1 0 7 0 1 0 0 1 1 3 0 0 2 0 4 2 1 0 0 2 2 1 1 2 0 0 0 0 0 0 0 0 0 0 0 0 4 1 1 0 2 0 1 0 0 4 0 0 1 0 0 0 0 1 1 3 1 0 1 1 2 0 0 5 0 1 0 0 0 1 0 1 0 5 0 0 0 0 0 2 0 5 0 0 1 4 0 0 0 0 0 0 0 0 0 0 1 0 0 0 0 0 0 0 6 0 1 1 0 0 1 2 0 0 0 0 0 1 0 0 0 6 1 1 2 0 0 4 0 0 2 0 0 0 2 0 0 2 0 0 1 0 0 0 1 2 0 1 2 0 0 0 0 0 0 1 0 1 0 0 0 3 0 0 0 0 0 3 0 2 0 0 0 3 0 0 0 0 0 1 3 0 0 1 0 1 0 0 0 0 0 0 0 1 1 0 0 0 0 0 0 0 0 0 0 0 0 0 0 5 1 2 0 0 0 0
380 0 1 7 1 2 0 0 0 8 3 5 0 2 3 1 3 1 1 4 0 5 4 1 4 2 6 3 0 0 0 6 0 1 1 0 2 0 7 1 0 0 0 0 0 1 1 5 0 2 1 1 1 0 0 0 0 3 4 1 7 0 0 1 0 2 2 0 1 1 5 0 4 0 6 2 1 4 2 0 13 1 0 2 0 0 1 16 0 5 3 0 0 2 0 0 4 5 2 1 0 0 1 0 1 9 1 0 0 3 2 0 0 0 0 0 0 0 2 0 0 0 3 0 2 0 2 0 9 0 0 5 5 1 2 7 0 8 6 0 2 1 2 5 0 6 3 1 0 0 7 4 1 5 3 5 1 1 1 1 0 1 1 0 3 1 1 1 2 8 1 2 5 1 4 0 0 0 8 1 0 1 1 2 3 1 0 0 1 5 1 2 1 0 0 5 0 1 0 0 0 0 0 1 2 0 0 0 0 2 0 0 2 4 0 0 2 2 1 3 0 0 0 3 0 1 0 0 3 0 4 1 0 5 1 6 0 1 0 1
746 0 3 6 1 1 0 1 0 9 5 9 0 2 1 1 2 0 3 2 0 6 3 1 1 3 0 2 1 1 0 5 1 5 2 1 1 2 6 1 0 0 0 0 2 1 1 2 1 2 0 3 0 0 0 0 1 0 0 1 1 1 3 1 5 0 6 1 0 4 0 0 3 0 1 3 1 0 0 0 3 2 0 1 0 0 0 8 1 7 6 4 1 0 0 0 2 0 0 0 0 0 0 2 1 0 0 0 2 9 1 0 0 0 0 0 0 1 2 0 0 0 7 1 0 0 0 0 8 0 0 3 4 0 0 1 1 2 1 1 0 1 7 2 0 4 0 0 1 0 6 5 2 12 1 4 0 0 0 0 0 1 4 0 4 2 1 0 1 2 0 2 4 1 0 0 0 0 1 0 0 0 0 1 1 0 0 1 0 9 0 2 0 0 0 5 0 4 0 1 0 2 0 2 2 0 0 0 0 0 3 1 0 4 0 0 0 1 0 1 0 0 0 0 2 0 0 0 0 1 1 1 0 4 1 5 0 2 0 3
522 1 0 5 3 3 0 3 0 11 5 4 2 4 2 2 6 1 2 1 0 5 4 0 1 8 3 2 1 1 1 5 2 1 2 1 0 0 3 1 0 0 0 0 1 1 3 2 1 1 2 2 1 0 1 0 2 1 1 0 4 1 0 0 3 2 1 0 0 3 3 1 8 1 2 2 1 1 3 0 6 1 0 3 0 0 3 5 0 3 3 1 0 3 0 0 0 0 1 0 0 0 2 0 1 2 0 1 0 4 3 4 0 0 3 0 0 0 3 1 0 0 2 2 1 1 0 0 7 1 0 1 5 2 1 7 1 6 9 0 0 0 2 2 0 2 1 0 5 1 8 8 0 5 3 2 0 0 0 0 0 1 4 0 3 3 0 0 3 5 0 1 9 0 0 1 1 0 3 1 0 0 0 1 1 1 0 1 1 6 2 2 0 0 0 6 0 2 0 0 0 0 1 2 1 1 0 1 0 0 0 1 0 2 0 0 5 0 4 0 0 0 0 2 0 1 0 0 3 1 3 1 1 4 0 4 0 0 1 2
424 3 5 6 6 1 0 3 2 9 1 2 0 2 1 0 4 1 2 6 0 6 4 2 0 7 4 1 0 0 0 4 0 2 2 1 3 1 4 3 0 0 0 0 2 1 2 2 0 4 0 0 0 1 0 0 0 2 2 1 2 1 2 0 2 1 2 1 0 2 4 0 9 1 5 2 0 4 1 1 13 0 0 6 0 0 2 6 0 8 7 2 0 1 0 0 4 2 0 0 1 0 1 0 0 1 0 1 2 0 1 7 0 2 0 0 1 1 2 0 1 0 7 0 1 1 1 0 5 1 0 1 9 4 1 10 3 3 5 0 0 1 1 3 0 9 3 1 2 0 10 9 1 3 4 0 0 0 2 0 0 1 4 0 4 2 1 0 0 4 0 1 5 1 2 3 2 0 5 4 0 1 0 2 0 0 0 0 1 12 0 3 3 0 0 3 0 0 0 0 0 0 0 1 2 0 1 0 0 4 1 1 1 9 1 0 2 0 2 0 0 2 1 2 4 1 0 0 5 0 0 1 0 3 1 7 0 0 2 5
687 0 3 3 0 1 0 1 0 4 2 4 0 2 1 0 3 2 2 0 0 3 1 0 0 7 1 0 1 0 0 2 0 0 3 0 2 0 5 0 0 0 0 0 0 1 1 4 0 2 0 0 0 0 0 0 0 1 0 0 2 1 2 1 0 0 3 1 0 2 1 0 6 0 1 1 0 1 0 0 7 0 0 0 0 0 0 5 0 4 2 0 1 0 0 1 1 0 0 0 0 0 0 0 0 1 0 0 1 2 0 0 0 0 0 0 0 0 1 0 1 0 4 0 0 0 3 0 5 0 0 2 4 0 0 2 0 1 4 0 0 2 0 1 0 4 1 0 2 1 1 5 1 3 3 3 0 1 0 0 0 1 6 0 2 0 0 0 0 3 0 1 6 0 0 2 1 0 2 2 0 1 0 0 0 1 0 0 1 3 0 1 0 0 0 3 0 3 0 0 1 0 0 1 1 0 0 0 0 0 0 0 1 2 0 0 0 0 1 0 0 0 0 0 1 0 0 0 1 0 2 0 0 4 0 3 0 0 0 2
605 0 6 9 1 1 0 1 0 9 0 5 0 2 2 0 4 2 4 4 0 8 8 0 0 8 1 0 3 0 0 6 0 2 5 0 1 0 1 1 0 0 0 0 0 1 1 6 1 4 0 0 0 0 0 0 1 0 4 0 1 1 0 1 1 1 1 0 0 2 7 0 5 0 1 2 0 2 1 0 4 0 0 1 0 0 2 7 0 2 4 0 1 0 0 0 1 1 0 0 0 0 0 0 0 1 0 0 0 1 5 1 0 0 0 0 0 0 0 0 0 0 2 0 0 0 0 0 11 0 0 2 2 1 6 3 0 4 3 0 1 5 1 1 0 3 5 0 5 1 5 5 7 2 0 0 0 0 0 0 0 0 3 0 1 0 1 0 1 3 0 2 9 1 0 2 0 0 2 1 0 1 0 0 0 0 0 0 1 5 0 2 1 0 0 2 0 0 1 0 1 0 0 1 1 0 0 0 0 0 0 0 1 4 0 0 0 0 2 0 0 0 0 0 0 0 0 0 1 0 2 0 0 4 0 4 0 0 0 1
588 0 4 12 0 1 0 4 0 6 1 13 0 4 3 1 4 2 0 3 0 4 18 2 4 8 1 1 0 0 1 10 1 4 4 1 0 0 5 0 0 1 0 0 1 1 1 3 0 5 2 1 1 0 0 0 2 1 3 3 4 0 2 1 1 1 1 0 0 2 1 1 4 0 1 1 0 0 3 0 5 3 2 1 1 0 2 4 0 5 0 1 0 0 0 0 1 2 0 1 0 0 1 1 0 0 0 3 4 2 7 0 0 0 1 0 0 0 2 0 0 0 4 0 0 1 0 0 8 0 0 1 5 2 9 3 1 3 11 0 1 2 0 1 0 11 3 0 5 2 14 2 3 5 2 3 0 0 2 0 0 0 8 0 3 0 0 0 2 2 0 0 14 0 0 0 1 2 1 3 1 3 0 2 5 6 0 2 0 8 1 1 0 0 0 5 0 1 0 1 1 0 2 3 3 0 0 0 0 0 0 0 1 1 0 0 2 1 0 1 0 1 0 0 3 0 0 0 1 0 0 2 1 7 0 8 0 1 0 2
640 0 1 3 1 1 0 1 0 15 6 10 2 2 8 1 3 2 6 7 0 6 2 1 0 3 1 1 2 0 0 2 1 9 1 2 1 0 18 0 1 2 1 0 2 1 0 2 0 9 1 1 0 0 1 0 1 0 1 1 0 1 1 2 5 1 4 0 0 6 3 0 10 1 0 3 3 2 0 1 10 1 0 2 0 0 1 21 0 14 4 1 0 0 1 0 1 0 1 0 0 0 0 2 2 3 0 0 3 4 1 1 1 0 2 0 0 1 1 0 1 0 9 1 0 2 1 1 10 1 0 3 4 0 3 13 2 6 5 0 0 3 5 0 0 11 4 0 3 2 16 16 3 14 0 7 0 0 1 0 0 0 10 0 3 1 1 4 3 10 0 3 3 2 0 1 0 0 6 5 0 0 1 6 3 4 1 1 0 20 2 2 1 0 0 15 1 8 1 2 0 1 0 3 3 0 0 0 0 1 0 0 0 9 0 0 4 0 0 0 0 0 0 0 2 1 0 0 1 1 0 8 2 5 2 10 0 0 0 1
431 2 1 11 5 1 1 1 0 9 5 7 0 4 4 0 5 3 1 0 0 10 7 3 0 11 0 4 0 0 1 10 2 4 6 1 1 0 11 1 0 0 0 1 0 1 0 10 0 2 1 0 0 0 0 0 1 1 1 2 2 0 3 2 3 1 3 1 0 6 2 1 6 0 4 0 1 2 0 0 9 0 1 4 1 1 2 8 1 2 6 0 1 1 0 0 2 6 0 0 0 0 0 0 0 0 0 0 0 7 3 3 2 0 1 0 1 1 0 0 2 0 6 0 1 0 1 0 5 0 0 2 4 0 1 6 1 8 4 0 0 8 0 0 0 13 4 0 5 0 4 11 0 5 3 7 0 0 3 0 0 0 5 0 4 1 0 0 2 10 0 0 12 1 0 2 0 1 8 6 1 0 1 0 0 2 0 0 1 11 1 1 0 0 0 2 0 7 0 0 1 0 2 2 2 0 0 1 0 2 0 0 2 5 0 0 5 0 2 0 0 0 0 1 1 2 0 0 3 0 3 0 0 3 2 1 0 0 0 4
469 0 2 10 0 1 1 1 0 8 6 10 1 3 3 0 8 5 3 1 0 4 5 0 0 8 0 0 0 0 0 7 1 5 5 0 2 0 15 0 0 0 0 0 1 1 0 8 0 1 0 0 0 0 0 0 0 0 2 0 1 0 1 1 4 1 1 0 0 2 5 0 10 0 1 1 1 1 2 0 9 1 0 1 0 0 1 12 0 5 5 0 0 1 1 0 1 4 0 0 0 0 0 0 0 0 0 1 3 8 2 1 1 1 0 0 0 1 1 1 2 0 9 2 0 1 0 0 9 0 0 1 2 1 1 8 0 5 8 0 0 0 1 1 0 6 4 0 1 1 14 15 7 2 2 4 0 0 1 0 1 0 3 0 4 1 0 0 2 9 0 0 6 0 3 2 1 0 2 9 0 0 0 1 0 3 0 0 0 13 0 1 0 0 0 6 0 5 0 0 0 0 0 2 3 0 0 0 0 1 0 0 3 10 0 0 1 0 0 0 1 1 0 1 1 1 0 0 1 0 2 0 1 3 2 2 1 0 1 2
386 0 3 8 3 3 0 3 0 12 4 5 2 4 6 1 4 2 2 1 1 8 6 2 2 7 5 2 2 1 0 10 0 5 7 3 1 1 13 3 1 0 0 2 0 1 0 3 0 4 0 0 1 0 1 0 0 1 2 0 1 0 4 1 2 2 1 0 0 1 2 0 7 1 3 3 1 3 3 1 7 1 0 5 1 0 2 14 0 8 9 2 0 1 0 2 3 2 1 2 0 0 0 0 0 1 0 0 2 5 5 2 2 0 1 0 0 1 2 0 2 0 9 0 0 0 1 0 5 0 0 2 7 0 2 4 1 4 7 1 1 1 3 3 0 8 3 0 2 0 8 9 3 5 1 7 0 0 2 0 0 1 8 0 4 1 1 2 6 7 0 0 5 1 0 1 0 0 3 7 1 2 0 4 2 2 0 0 0 15 0 3 0 0 0 7 0 5 0 3 0 0 0 4 3 2 1 0 0 2 0 0 0 9 1 1 3 1 0 0 0 1 0 1 0 1 0 0 2 1 2 3 2 2 3 7 0 0 2 3
3049 2 5 0 0 5 0 6 0 0 5 3 2 4 1 10 3 0 1 3 0 5 2 1 0 2 5 0 0 0 0 0 0 8 1 0 1 0 4 0 3 0 0 1 0 3 0 2 0 0 0 0 0 0 0 0 0 0 0 0 3 1 6 0 0 0 8 0 0 3 0 0 1 1 0 1 0 3 1 2 0 0 0 1 5 0 0 11 0 2 0 1 0 0 0 0 1 6 0 0 0 0 0 1 0 0 0 0 0 2 0 0 0 0 0 0 0 0 1 0 1 0 0 0 0 0 0 0 10 0 1 2 0 0 4 2 0 0 1 0 1 1 0 4 0 20 0 1 3 0 0 1 0 0 10 0 0 0 2 0 0 3 0 0 2 1 0 0 0 2 0 1 3 0 4 0 0 0 1 1 0 0 0 1 0 2 0 0 0 0 0 1 0 3 0 0 0 6 0 0 0 0 1 0 0 0 0 0 0 1 0 0 0 0 0 0 0 1 0 0 0 0 0 0 0 0 0 0 0 0 0 0 0 4 0 0 0 0 0 0
527 1 6 2 0 5 0 2 0 3 1 3 1 2 2 2 5 2 1 2 0 7 4 0 0 1 1 1 0 0 0 3 0 3 0 1 0 0 9 0 0 0 0 2 0 0 0 3 0 1 0 0 0 0 0 0 0 0 2 0 1 0 5 3 1 0 8 0 1 5 2 0 5 0 1 3 0 0 0 0 2 3 0 1 4 0 0 12 1 7 2 0 0 0 0 1 0 3 0 0 0 0 0 1 1 1 0 0 2 2 2 0 0 0 1 0 0 1 1 0 1 0 1 3 0 0 0 0 2 0 0 0 3 0 0 1 0 3 2 0 0 4 2 4 0 1 0 0 4 4 8 4 4 5 4 2 0 0 0 0 1 0 3 0 0 1 0 0 0 2 0 0 3 2 1 0 0 0 3 0 0 2 0 1 1 1 0 0 0 3 1 1 0 1 0 10 1 2 0 0 0 0 0 1 1 2 0 0 0 2 0 0 1 10 0 0 2 0 0 0 1 0 1 0 3 0 0 0 2 1 3 4 1 1 1 8 0 1 0 5
466 0 1 6 3 4 0 4 0 15 4 3 0 2 2 3 1 5 4 3 0 8 3 2 0 3 5 0 0 1 0 4 0 4 1 0 3 0 12 1 0 0 0 0 0 1 1 6 1 2 1 0 0 2 2 0 0 0 3 1 4 1 4 2 3 0 8 0 1 1 4 0 11 0 3 2 0 1 2 1 6 0 0 4 5 0 3 8 0 2 4 1 1 1 0 0 3 8 0 0 0 0 1 1 2 1 0 0 2 3 3 4 0 1 0 0 0 0 2 0 0 0 3 0 0 0 0 0 6 0 0 5 6 2 2 7 2 5 7 1 0 1 2 6 0 6 1 0 2 0 9 5 2 4 10 3 1 1 1 0 0 3 7 0 0 0 1 2 2 5 0 3 5 1 0 1 1 3 5 1 0 1 0 0 2 2 0 0 0 9 0 2 1 0 1 3 0 2 2 0 1 0 0 3 2 1 0 1 0 3 1 0 0 7 0 0 4 1 1 0 1 1 0 1 0 1 0 0 1 1 2 0 0 0 1 1 0 1 2 0
461 1 1 6 0 4 1 5 0 11 3 7 1 3 3 5 2 4 3 1 2 3 8 1 0 2 4 2 0 1 0 8 0 2 5 0 0 0 16 0 2 0 1 0 0 1 2 3 0 4 1 0 0 0 0 0 1 1 1 2 4 1 5 1 2 1 7 0 0 1 1 0 1 1 1 0 3 2 1 0 3 0 0 1 5 0 0 17 0 4 5 1 0 1 0 0 1 7 0 0 0 1 0 0 0 3 0 2 1 3 2 1 1 0 0 0 0 0 2 0 1 1 7 2 0 2 1 0 6 0 0 6 2 2 1 6 0 1 4 0 0 3 3 5 0 13 3 3 5 0 3 4 2 9 9 1 0 0 1 2 0 3 10 0 2 2 1 1 0 7 0 0 6 1 2 1 1 0 4 4 0 3 0 0 0 0 4 0 3 5 0 0 1 0 0 2 0 2 0 0 2 1 0 1 0 1 0 1 0 3 0 0 2 5 0 0 3 1 1 0 3 1 0 1 4 0 0 1 1 1 1 2 1 1 0 6 0 2 2 1
329 2 1 14 2 4 2 2 0 4 4 4 3 2 1 3 2 2 2 5 0 8 6 4 0 4 3 3 1 3 1 5 1 5 4 1 1 0 7 1 1 0 1 1 1 0 0 9 1 2 1 0 0 0 1 0 0 1 2 0 1 1 2 2 2 1 7 0 0 1 4 0 7 0 4 2 0 2 2 1 6 3 2 6 5 0 3 11 1 4 2 1 0 2 0 1 3 8 0 0 1 1 0 0 3 1 0 1 0 4 3 5 0 0 2 0 0 0 2 0 1 0 1 3 0 2 3 0 8 1 0 3 4 2 1 4 2 7 3 0 0 4 0 6 1 6 2 4 4 1 5 7 2 0 9 4 0 0 1 0 0 4 0 0 0 1 0 1 1 5 0 3 10 1 2 5 1 2 4 1 0 2 0 0 1 6 0 0 0 10 1 0 1 0 0 6 1 1 0 1 0 2 1 3 0 0 0 1 2 0 0 0 1 3 0 0 3 2 2 0 0 3 0 1 5 1 1 1 2 1 1 2 3 0 2 1 0 1 0 1
3118 2 1 0 0 3 0 4 0 0 2 6 1 5 1 0 2 1 1 1 0 4 0 2 2 0 4 1 0 1 0 0 1 3 0 0 0 0 3 0 1 0 0 0 0 0 0 3 0 0 0 0 0 0 2 0 0 0 0 0 2 2 2 1 4 0 1 1 0 3 0 0 0 0 0 0 0 1 0 1 1 0 2 1 2 0 0 4 0 1 0 0 0 0 0 0 0 5 0 0 0 0 0 0 0 3 0 0 0 8 0 0 0 0 0 0 0 0 1 0 1 0 0 0 0 0 0 0 5 0 1 0 0 0 0 5 0 0 0 0 1 2 0 1 0 3 1 0 6 0 1 3 0 0 9 0 0 0 3 0 0 1 0 0 0 1 0 2 0 1 0 2 2 0 0 0 0 0 0 1 0 0 0 1 0 1 0 0 0 0 0 1 0 1 4 0 0 4 1 0 0 0 0 0 3 0 0 1 0 2 1 0 0 0 1 0 0 1 0 0 0 0 0 0 0 0 0 0 1 0 1 0 0 2 0 1 0 0 0 0
631 1 0 8 3 0 0 3 0 12 0 9 3 2 3 0 5 2 0 4 0 5 6 1 2 4 2 2 1 1 0 7 1 1 1 1 1 0 6 2 0 0 1 0 0 0 0 6 0 4 0 1 0 0 1 1 0 1 4 5 4 1 1 0 1 2 2 0 0 2 1 0 6 0 6 2 1 4 2 1 6 1 0 1 1 0 2 14 0 7 3 1 0 0 0 0 7 3 0 1 0 0 0 0 1 4 1 0 0 2 2 2 0 0 0 0 0 0 1 0 1 0 3 0 1 3 0 0 5 1 0 4 6 3 3 7 0 6 6 0 1 3 2 2 0 9 4 1 2 1 10 12 1 4 3 0 0 0 1 0 1 1 5 0 3 1 0 1 0 6 0 3 9 3 1 2 0 0 3 0 1 2 0 1 1 2 1 0 3 4 0 1 0 0 5 5 1 2 2 0 0 0 2 3 4 1 0 0 0 2 1 0 3 3 0 0 4 2 1 0 4 1 2 2 2 2 0 0 3 1 0 3 1 1 1 8 0 0 3 0
3125 1 2 1 0 5 0 0 0 0 5 8 2 3 2 6 4 0 1 6 0 4 0 0 0 0 5 0 0 0 0 1 0 4 0 0 5 0 1 1 3 0 0 0 1 2 1 1 0 0 0 0 0 1 0 0 0 0 1 0 4 0 1 0 1 0 2 1 0 1 0 0 0 0 0 0 0 1 0 1 0 0 1 2 0 0 0 8 0 1 0 0 0 0 0 0 0 2 0 0 0 0 0 1 0 4 0 0 0 0 0 0 0 0 0 1 0 0 0 0 0 0 0 0 0 0 0 0 9 0 0 0 0 0 1 1 0 1 0 0 0 2 0 1 0 6 1 1 1 1 0 7 0 0 1 0 0 0 2 0 0 0 0 0 4 0 0 0 0 3 0 0 1 0 1 0 0 0 0 3 1 0 0 0 0 3 0 0 0 0 0 1 0 1 1 0 0 0 0 0 0 0 0 0 2 0 0 0 0 0 0 0 0 1 0 0 0 2 0 0 0 0 0 0 0 0 0 0 1 0 0 0 0 6 0 0 0 0 0 0
395 0 2 4 0 2 1 0 0 6 3 5 0 1 3 3 1 6 1 0 0 8 3 1 1 2 3 1 2 1 0 4 1 2 0 0 0 0 5 0 0 0 0 0 2 1 0 2 0 0 1 0 0 1 1 0 0 0 1 0 3 1 2 1 0 1 3 0 0 1 1 1 2 0 5 0 0 0 0 0 2 0 0 0 0 0 0 8 0 1 2 1 0 3 0 0 0 6 1 0 0 1 0 0 0 2 0 0 0 4 7 2 0 0 1 0 2 0 0 0 0 0 2 0 2 0 0 0 9 1 0 1 4 1 0 10 0 3 4 0 0 3 0 3 0 2 0 0 6 1 3 4 0 2 4 3 0 0 1 1 0 0 2 0 2 1 1 0 0 3 1 0 7 0 1 0 0 0 9 3 0 2 0 0 0 0 0 0 0 2 0 1 0 0 1 1 0 2 0 0 1 0 0 0 3 0 0 2 1 2 0 0 0 1 0 0 1 0 3 0 0 0 0 2 2 0 0 0 1 0 0 0 0 4 0 2 0 0 0 1
3034 1 3 0 0 4 0 3 0 0 11 5 0 12 1 1 0 2 0 2 0 4 0 4 1 0 5 1 0 3 0 1 3 9 0 0 3 0 4 0 0 0 0 0 0 0 0 1 0 0 0 0 0 0 1 0 0 0 0 0 6 6 3 0 5 0 6 0 1 0 1 1 0 0 0 0 0 4 0 1 0 0 3 0 3 0 0 5 0 1 0 0 0 0 0 0 0 6 1 0 0 0 0 1 0 5 0 0 0 5 0 0 0 0 0 0 2 0 0 0 1 0 0 0 0 0 0 0 11 0 2 1 0 0 0 12 0 0 0 0 1 6 0 5 0 5 0 1 7 0 1 4 0 0 7 0 0 1 2 0 0 1 0 0 0 0 0 1 0 3 0 0 3 0 2 0 1 0 1 3 0 0 0 0 0 1 0 0 0 1 0 1 0 2 1 0 0 3 0 0 0 0 2 1 1 0 0 0 0 1 0 0 1 0 1 0 0 1 0 1 0 0 0 0 0 0 0 0 4 0 0 0 0 11 0 0 0 0 0 0
213 0 0 2 0 1 1 1 0 2 0 4 0 4 2 1 0 1 0 2 0 1 0 2 2 1 0 2 0 1 0 1 1 0 0 1 0 0 0 1 0 0 0 0 2 0 0 1 0 0 0 0 0 0 0 0 0 0 0 2 1 0 0 1 0 1 1 0 0 1 1 0 0 0 0 1 0 0 0 2 2 0 0 0 0 0 1 1 1 2 0 1 0 0 0 0 0 0 0 0 0 0 0 0 1 2 0 0 0 0 0 0 0 0 0 0 0 0 0 0 1 0 2 0 0 0 1 0 2 0 0 0 1 1 0 3 1 1 1 0 0 0 0 1 0 3 2 0 0 0 0 2 0 0 0 1 0 2 0 0 0 0 5 0 0 2 0 0 0 0 0 1 3 0 0 0 0 0 0 1 0 1 0 1 0 0 0 0 0 0 0 0 1 0 1 1 0 0 0 0 0 0 0 0 0 0 0 0 0 0 0 0 0 2 0 0 0 0 0 0 0 0 0 0 0 0 0 0 1 0 0 0 0 5 0 1 0 0 0 1
1293 1 3 5 1 3 0 1 0 8 6 5 0 8 2 3 2 1 2 2 0 4 6 2 1 7 1 1 0 3 0 2 2 7 4 0 3 1 11 0 0 0 2 1 0 0 0 5 0 2 0 1 0 0 0 0 0 1 0 1 0 0 1 0 3 0 1 0 0 0 2 0 3 1 4 1 1 0 1 0 4 0 0 0 0 0 0 5 0 0 2 1 0 0 0 0 0 2 0 1 0 0 0 0 0 0 0 2 3 2 5 0 0 1 0 0 0 1 1 0 1 0 2 0 0 1 0 0 9 0 0 3 2 0 1 10 0 3 7 0 0 2 1 1 0 4 3 1 3 0 3 7 3 1 2 0 0 1 1 0 0 2 6 0 0 0 0 0 0 1 0 0 8 1 0 0 0 0 6 4 0 1 0 1 1 1 0 1 0 4 0 2 0 1 0 1 0 3 0 0 0 0 1 0 1 0 0 1 0 0 0 2 5 4 1 0 0 1 4 0 0 1 0 0 1 1 0 0 1 0 0 0 1 4 0 3 0 0 0 0
466 2 1 10 4 2 0 0 0 18 5 6 0 3 1 1 1 7 1 5 1 8 6 0 1 9 0 5 0 1 0 10 1 2 4 0 0 1 11 0 0 0 0 0 0 0 0 7 0 5 0 0 0 0 1 0 0 1 1 1 4 0 3 0 2 0 2 0 0 1 1 0 9 1 7 2 2 1 0 0 16 0 2 2 0 0 0 11 0 1 12 1 0 1 2 0 1 3 2 0 0 1 0 0 0 0 0 0 2 1 8 3 0 1 1 0 1 0 1 0 1 0 3 1 0 0 0 0 6 0 0 0 8 2 3 4 0 4 11 0 0 6 0 0 0 7 2 0 5 1 2 11 2 7 0 1 0 0 0 0 0 0 5 0 2 0 0 0 0 8 0 1 8 1 2 0 0 0 5 5 0 2 0 1 0 5 0 0 0 10 0 1 0 0 0 1 0 4 0 0 0 0 0 0 3 2 0 2 0 0 0 0 5 3 0 0 2 3 7 2 0 0 0 1 1 1 0 0 2 0 1 2 0 0 0 7 0 0 0 1
684 5 0 13 7 3 0 1 2 8 7 7 2 4 2 2 2 8 1 2 0 1 5 5 0 6 2 4 1 0 0 5 2 4 4 0 2 0 9 0 2 0 1 1 0 1 0 5 0 6 0 1 1 0 0 0 1 2 2 2 3 1 1 0 4 2 0 1 0 2 2 1 2 0 4 4 0 2 0 1 4 0 1 3 0 0 2 12 0 6 14 1 1 3 1 1 4 5 0 1 0 0 1 0 1 3 1 0 3 6 4 4 1 0 2 1 0 0 3 0 0 0 7 0 2 0 0 0 7 1 0 3 6 4 3 9 2 8 5 0 1 1 3 1 0 5 2 1 2 1 12 10 1 5 1 2 1 1 1 0 2 3 1 0 2 1 1 2 0 12 0 7 5 0 1 4 0 0 3 6 0 3 1 4 3 2 2 1 0 11 2 1 1 0 0 5 0 0 3 1 0 0 2 5 0 2 2 2 2 2 0 0 2 12 1 0 4 2 1 0 0 0 0 1 3 1 0 0 6 3 1 0 1 3 0 9 0 1 1 4
539 0 2 7 3 0 0 0 0 6 8 4 0 2 0 1 1 6 2 3 0 16 8 2 0 12 1 1 0 1 0 10 0 1 0 0 0 0 5 0 0 0 0 0 0 0 0 10 0 2 1 0 1 0 0 0 0 0 0 1 0 0 2 3 5 0 4 0 0 0 0 0 6 0 5 3 0 0 0 0 3 0 1 0 0 0 1 2 1 2 6 0 0 2 0 0 0 6 0 0 0 0 0 0 0 0 0 0 0 6 5 2 1 0 1 0 0 0 1 0 2 0 2 0 0 0 1 0 7 0 0 2 4 2 1 16 1 4 5 0 0 6 1 3 2 4 1 0 2 3 6 9 0 5 1 3 0 0 0 0 1 1 4 0 1 0 1 3 0 5 0 1 10 1 2 3 1 0 5 3 0 3 1 2 0 0 0 1 0 2 0 0 1 0 0 3 0 0 0 0 0 0 0 0 3 0 0 1 1 0 1 0 4 5 0 0 0 1 3 0 0 0 0 1 2 0 0 0 1 0 1 0 1 0 0 3 0 0 1 9
752 1 4 9 0 1 0 3 0 7 5 18 0 4 3 1 3 5 1 4 0 6 9 1 2 19 3 0 0 3 0 13 2 8 11 0 2 1 16 0 0 0 1 0 1 0 1 9 0 5 3 0 0 0 0 0 4 0 2 3 9 0 7 2 3 0 1 0 0 2 7 1 5 1 6 2 2 0 1 0 9 2 0 0 0 1 0 12 0 18 5 0 0 0 0 1 0 3 0 0 0 2 0 0 2 2 0 5 1 5 10 0 0 1 1 1 1 0 2 0 1 0 7 1 0 0 0 0 12 0 0 2 1 2 6 14 2 6 5 0 0 1 0 1 1 24 7 1 3 1 13 8 2 8 0 1 0 2 1 1 1 2 12 0 0 1 0 1 1 6 0 0 9 3 0 0 1 1 6 11 2 1 0 1 4 12 1 0 0 6 1 3 0 1 0 11 0 2 0 0 0 2 1 2 3 0 0 0 0 0 1 1 2 6 1 0 1 0 1 0 1 0 0 0 0 2 0 1 0 0 1 3 1 5 0 19 0 1 1 0
248 3 0 9 4 1 1 0 0 9 2 13 0 2 1 2 0 2 0 7 1 5 10 2 2 18 5 2 3 2 0 9 0 6 8 0 3 0 6 0 0 0 0 0 1 0 0 3 0 2 0 0 1 0 0 0 1 0 0 1 9 0 4 2 3 1 1 0 0 1 2 0 4 0 2 2 0 3 5 0 5 0 0 4 0 1 2 17 0 14 10 0 0 0 0 1 5 4 0 0 0 0 0 1 1 2 0 1 3 4 11 3 0 1 0 0 0 0 5 0 1 1 3 0 0 1 0 0 11 0 0 4 2 7 5 9 1 2 4 1 0 1 3 3 1 23 5 2 5 0 11 11 1 4 4 2 0 1 0 1 0 1 10 0 2 2 2 1 0 10 1 2 15 2 1 3 2 0 3 4 0 2 0 1 2 11 2 0 0 10 1 2 0 0 0 4 0 2 1 0 0 0 0 0 6 0 0 2 1 1 0 0 2 4 0 0 2 1 3 0 1 3 0 4 2 0 0 0 1 2 0 2 0 2 0 8 0 0 0 0
437 0 1 7 1 0 1 0 1 8 5 12 0 2 3 0 5 1 2 1 0 2 8 1 0 12 2 3 2 2 0 8 0 4 14 1 1 0 13 1 0 0 0 0 0 0 0 5 0 3 0 0 0 0 0 0 0 6 4 3 4 0 4 2 3 1 0 0 0 1 2 0 2 0 0 1 1 0 0 0 7 0 0 0 0 1 0 16 0 10 7 1 1 0 1 1 1 4 0 0 0 1 1 0 0 3 0 0 2 5 9 0 1 1 2 0 0 0 3 0 0 0 5 0 0 0 0 0 7 0 0 2 6 0 8 2 2 4 3 0 0 2 2 0 0 20 5 1 1 1 17 11 2 10 0 0 0 1 0 1 0 0 9 0 1 1 0 1 0 7 1 0 9 1 0 0 0 0 4 9 0 0 0 1 1 9 0 0 3 12 0 0 0 1 0 9 0 2 1 0 0 1 0 0 2 0 0 1 0 0 0 0 1 8 0 0 1 0 1 2 2 1 0 0 1 0 0 0 0 1 0 3 0 0 0 4 0 1 0 4
534 1 2 10 0 3 0 1 0 8 5 12 1 2 0 0 0 3 3 3 0 1 13 0 0 13 0 2 0 1 0 10 0 5 7 1 2 0 3 1 0 0 0 0 0 0 0 6 0 2 0 0 0 0 1 0 1 1 0 0 2 0 5 3 1 0 0 0 0 4 0 0 7 0 1 3 0 0 2 0 8 0 0 0 0 2 1 7 0 5 4 0 0 0 0 1 0 3 0 0 0 0 0 0 0 0 0 0 1 5 9 1 0 1 0 0 0 1 1 0 1 0 2 0 0 0 0 0 10 0 0 2 2 0 5 6 1 4 5 0 0 5 3 0 0 11 1 0 4 0 10 12 1 2 3 3 0 1 0 0 0 0 4 0 1 0 0 1 0 8 0 0 12 0 1 1 1 0 3 3 0 0 0 0 2 9 0 0 0 12 0 0 0 0 0 0 0 3 1 1 1 0 0 0 2 0 0 1 0 1 0 0 0 3 0 0 0 0 1 0 0 0 0 0 1 0 0 0 2 1 1 0 1 0 0 1 0 0 0 1
285 2 1 9 1 2 1 5 0 7 11 12 3 0 2 2 2 3 1 2 2 3 12 1 1 15 5 2 0 2 0 7 0 3 11 0 3 2 8 1 1 0 2 0 0 0 1 3 1 3 1 0 0 1 1 0 4 2 5 1 3 1 5 1 3 2 0 0 1 2 2 0 5 1 5 7 1 1 3 1 7 0 0 0 1 1 1 20 0 9 7 0 0 0 0 2 2 5 2 0 0 0 1 0 2 0 0 0 1 4 8 2 0 1 2 0 0 1 1 0 1 1 2 1 0 0 1 0 9 1 0 2 4 1 4 7 0 5 2 1 0 2 1 1 0 9 2 0 2 2 10 6 1 6 4 1 0 1 0 0 1 0 10 2 0 0 0 0 0 4 0 2 15 3 0 2 0 0 6 4 0 1 0 0 1 5 0 1 2 11 1 1 0 1 0 3 0 5 1 1 2 0 0 3 3 4 0 2 0 2 0 3 0 2 2 0 4 1 0 0 0 1 0 0 0 3 0 1 2 1 2 2 0 2 1 8 0 0 0 2
491 0 4 13 1 2 0 0 0 11 3 13 1 1 1 1 4 2 2 1 0 5 14 0 0 17 1 0 4 1 0 10 0 4 10 0 1 0 0 1 0 0 0 0 0 0 0 6 1 6 0 0 0 0 0 2 2 0 3 2 3 0 6 1 4 1 0 0 0 2 2 1 4 0 1 4 0 0 1 0 6 0 1 1 0 1 1 11 0 4 4 0 1 0 0 1 1 3 0 0 0 0 2 0 0 0 0 0 1 4 11 0 0 1 0 0 0 0 2 0 1 0 2 1 0 0 0 0 17 0 0 0 4 0 5 4 0 6 5 0 2 4 1 0 0 9 3 0 5 2 9 6 5 3 1 1 0 1 0 0 0 0 6 0 1 1 1 0 0 6 0 3 13 0 0 2 0 0 1 4 1 0 0 0 0 6 0 0 1 6 0 2 2 0 0 3 0 3 1 0 0 0 0 1 3 0 0 0 0 0 0 0 1 3 0 0 2 0 2 0 0 0 0 0 0 0 1 0 0 0 2 0 1 0 0 5 0 0 0 2
300 5 2 12 3 2 2 1 0 6 2 13 2 0 4 0 1 4 3 2 0 11 13 1 1 11 3 0 0 3 0 9 0 13 10 0 2 0 6 0 3 0 2 0 0 0 0 2 2 2 1 0 1 1 2 0 1 1 1 0 3 1 4 1 5 1 0 0 0 2 1 0 4 2 2 3 0 1 1 0 7 0 1 3 0 1 3 8 0 10 3 0 2 0 1 2 2 9 1 1 1 1 1 0 0 0 0 0 3 3 11 3 1 1 0 0 0 0 5 0 1 0 3 0 0 0 1 0 8 0 1 1 4 2 3 10 0 3 2 0 0 2 5 5 0 7 3 1 1 3 9 9 3 5 3 1 0 1 1 0 0 1 5 0 3 1 0 0 2 11 0 0 9 2 0 2 1 0 6 3 0 3 0 3 4 5 2 0 0 9 0 0 0 1 0 3 1 4 1 0 0 0 0 1 7 0 0 1 2 0 1 0 1 6 0 0 2 0 4 1 0 1 0 1 1 1 0 0 6 0 0 2 1 1 0 3 0 0 1 0
996 3 2 16 1 1 1 2 0 11 2 9 0 6 3 1 1 3 2 4 0 5 11 2 1 15 2 0 1 2 0 7 2 8 9 0 4 0 8 1 0 0 0 0 0 1 0 2 0 2 1 2 1 2 1 0 0 0 4 4 4 1 2 3 6 1 0 0 3 4 4 1 11 2 2 3 0 0 4 1 7 4 4 0 0 0 1 11 0 5 4 2 0 1 0 0 2 1 1 0 1 1 1 0 1 2 0 3 0 4 16 1 0 1 0 0 0 0 4 1 0 0 1 2 2 0 1 1 9 0 0 4 4 0 9 7 1 1 7 0 0 1 1 2 1 5 5 1 5 2 6 5 3 4 0 2 0 2 0 0 1 1 14 0 0 2 1 0 4 5 1 0 16 0 0 1 2 1 3 4 0 1 0 1 3 5 1 0 0 5 0 1 1 1 0 4 1 4 1 1 1 1 0 2 2 2 0 0 1 0 0 1 2 4 0 0 1 1 1 0 0 1 1 0 3 2 1 2 3 3 0 2 0 3 1 4 0 1 1 1
3128 1 3 0 1 4 0 0 0 0 1 6 0 5 1 4 1 0 0 3 0 4 0 4 0 0 7 0 0 2 0 3 0 5 0 0 3 0 6 0 1 0 0 1 0 4 0 3 0 0 0 0 0 0 0 0 0 0 1 0 5 0 4 0 0 1 1 1 0 2 1 0 0 0 0 0 0 3 0 0 0 0 0 0 1 0 0 5 0 0 0 0 0 0 0 0 0 3 1 0 0 0 0 0 0 1 0 0 0 0 0 0 0 0 0 0 0 0 1 0 0 0 0 0 0 0 0 0 6 0 0 1 0 0 1 4 1 0 0 0 0 0 0 0 0 9 2 0 5 0 1 4 0 0 2 0 0 1 2 0 0 0 1 0 4 0 0 1 0 1 0 0 2 0 1 0 0 0 0 3 0 0 0 0 0 2 0 0 0 0 0 0 0 0 0 0 0 0 0 0 0 0 0 0 1 0 0 0 0 2 0 0 0 0 0 0 0 4 1 0 0 0 0 0 0 0 0 0 0 0 0 0 0 5 0 1 0 0 0 0
3068 1 5 2 0 2 0 8 1 0 8 6 1 7 1 4 5 1 2 0 0 3 0 3 0 0 7 0 1 3 0 2 0 5 0 0 2 0 5 0 1 0 0 0 0 0 1 1 0 0 0 0 0 0 2 0 0 0 0 0 3 1 1 0 1 0 3 1 1 1 1 0 0 0 0 0 0 2 0 3 0 0 1 1 0 0 0 5 0 0 0 0 0 0 0 0 0 3 0 0 0 0 0 1 0 2 0 0 0 3 0 0 0 0 0 0 0 0 0 0 1 0 0 0 0 0 0 0 3 0 1 0 0 0 0 5 0 1 0 0 1 4 0 2 0 14 2 1 3 0 0 5 0 0 9 0 0 0 2 0 1 1 1 0 3 0 0 1 0 2 0 0 5 0 1 0 0 0 2 3 0 0 0 0 0 3 0 0 0 1 0 1 0 0 0 0 0 2 0 0 0 0 0 0 6 0 0 1 0 0 1 0 1 0 0 0 0 1 1 0 1 0 0 0 1 0 0 0 1 0 0 0 0 12 0 1 0 0 0 0
565 0 3 1 2 1 0 3 0 3 3 6 0 3 1 1 2 1 4 1 1 11 8 1 0 4 5 2 1 3 0 10 0 0 2 0 0 0 5 0 0 0 0 0 0 1 0 11 0 3 1 0 1 0 1 0 1 0 0 0 2 0 2 1 2 1 4 0 0 0 1 0 5 0 2 1 0 0 4 2 4 0 1 0 0 0 0 4 0 0 4 2 0 1 1 0 1 8 3 0 0 0 0 0 0 0 0 1 1 3 0 1 0 0 1 0 0 0 0 0 0 0 3 0 0 0 1 1 7 1 0 2 7 2 2 15 1 4 4 0 1 5 0 4 0 5 3 0 2 0 1 8 0 3 0 2 0 1 2 0 1 0 4 0 3 0 2 2 0 1 0 0 12 0 2 2 2 1 5 3 0 1 0 0 1 0 1 0 0 3 0 1 0 0 0 2 0 1 0 0 0 0 0 2 0 0 0 2 1 0 0 1 3 1 0 0 1 1 7 1 0 0 0 1 0 2 0 0 1 0 1 0 0 7 0 2 0 0 1 3
3045 1 10 2 0 3 0 7 0 0 10 7 1 6 1 6 1 0 0 1 0 3 0 1 1 2 8 0 0 1 0 2 0 6 0 0 8 0 4 0 2 0 0 0 0 0 0 1 0 0 1 0 0 0 0 0 0 0 0 0 6 2 2 0 1 1 0 1 0 5 0 0 0 1 0 0 0 5 1 2 1 0 2 1 5 0 0 2 0 0 0 0 0 2 0 0 0 9 0 0 0 0 0 0 0 3 0 0 1 3 0 0 0 0 0 0 0 1 0 0 0 0 0 0 0 0 0 0 12 0 0 1 0 0 3 4 1 0 0 0 2 6 1 1 0 9 0 1 5 0 0 0 0 0 8 0 0 1 4 0 0 0 0 0 5 2 0 0 0 1 0 1 4 0 1 0 0 0 0 5 0 0 0 0 0 0 0 0 0 0 0 0 0 2 3 0 0 3 0 0 0 0 0 0 2 0 0 0 0 0 0 0 0 0 1 0 0 1 1 0 0 0 1 0 0 0 0 0 3 0 0 0 0 6 0 1 0 0 0 0
3056 1 6 0 0 2 0 2 0 0 16 4 1 11 3 7 1 1 0 2 0 1 0 1 1 2 8 0 1 2 0 2 0 6 0 0 1 0 5 0 0 0 0 0 1 0 1 2 0 0 1 0 0 0 0 0 0 0 0 0 5 3 1 0 2 0 2 1 0 0 1 0 0 0 0 0 0 6 1 3 0 0 2 0 0 0 0 7 0 1 0 0 0 0 0 0 0 5 0 0 0 0 0 3 0 3 0 0 0 1 0 0 0 0 0 0 0 2 1 0 1 0 0 0 0 0 0 0 8 0 0 1 0 0 1 8 0 0 0 0 1 3 0 4 0 10 0 0 8 0 0 2 0 0 6 0 0 0 6 0 1 1 1 0 1 0 0 1 0 4 0 0 1 0 3 0 0 0 0 3 0 0 0 0 0 0 0 0 0 1 0 1 0 1 0 0 0 4 0 0 0 0 0 0 0 0 0 0 0 0 0 0 0 2 0 0 0 1 1 0 0 0 0 0 0 0 0 0 0 0 0 0 0 15 0 1 0 0 0 0
628 0 3 5 0 2 0 2 0 1 0 2 0 4 1 3 1 2 4 1 0 9 7 0 1 3 6 1 1 0 0 6 0 2 1 0 0 0 8 0 0 0 0 0 0 0 0 8 0 1 3 0 0 0 0 0 0 1 0 0 4 3 5 1 1 1 4 0 0 1 2 1 3 0 2 2 0 0 1 1 1 0 0 0 0 2 0 5 0 2 1 0 1 5 0 0 2 3 0 0 0 0 0 0 0 3 0 0 1 2 2 0 0 0 0 1 0 1 0 1 1 1 1 0 0 0 0 0 1 0 0 3 3 0 0 9 0 4 2 0 2 4 0 2 0 8 0 0 3 2 3 2 0 4 0 2 0 0 6 0 0 1 2 0 0 1 0 0 1 2 0 0 8 0 0 0 1 0 2 2 0 0 0 0 0 2 0 1 1 3 0 0 0 0 0 1 0 0 2 0 0 0 0 0 4 0 0 1 0 0 1 0 4 4 0 0 0 1 1 0 0 0 0 0 1 0 0 1 2 0 2 0 0 6 0 2 0 0 0 5
625 0 0 3 1 0 0 1 0 7 0 6 1 3 0 3 2 3 0 0 0 5 7 1 1 7 6 1 0 0 0 4 0 1 2 2 1 0 4 0 0 0 0 0 0 0 0 6 0 3 0 0 1 0 0 0 0 0 2 0 4 3 4 1 1 0 0 0 0 0 1 0 3 0 1 2 0 0 1 1 2 0 0 0 0 0 2 3 0 0 5 0 0 0 0 0 0 1 2 0 0 0 0 0 0 3 0 0 1 3 3 1 0 1 0 0 2 1 1 0 0 0 0 0 0 0 1 0 2 1 0 1 7 1 1 5 1 3 7 0 1 3 1 0 0 8 2 0 4 0 4 4 0 1 3 4 0 0 5 0 0 1 5 0 0 0 0 1 1 4 0 0 9 0 3 2 0 0 4 5 1 1 0 0 0 5 1 0 1 2 0 1 0 0 0 1 0 3 0 0 0 0 1 0 0 0 0 0 0 1 0 1 3 1 0 0 1 0 3 1 0 0 0 2 1 0 0 0 1 0 2 0 0 6 0 0 0 0 1 2
503 0 1 5 0 0 0 1 0 3 2 3 0 4 2 1 3 3 1 0 0 2 7 1 2 9 7 1 0 2 0 5 0 2 3 0 0 0 6 0 0 0 0 0 0 0 0 4 0 1 1 2 0 0 1 0 0 0 2 2 6 0 0 2 2 1 0 0 1 2 3 0 4 0 0 2 1 0 1 3 2 1 0 1 0 0 0 2 0 10 3 0 1 0 1 1 3 0 0 0 0 0 1 0 0 4 0 0 0 4 3 0 0 0 1 0 0 0 0 1 0 0 3 0 0 0 0 0 3 0 0 6 0 1 2 5 0 0 1 0 1 3 3 0 0 12 0 0 2 0 7 3 1 4 0 3 0 0 4 0 0 1 5 0 0 0 0 3 0 6 0 1 7 0 0 0 0 0 2 3 0 0 0 1 2 1 1 0 0 7 2 0 0 0 0 5 0 1 0 1 0 0 0 0 3 2 0 1 0 0 0 2 1 2 0 0 0 0 1 0 0 0 0 0 2 2 0 0 1 0 0 5 0 6 0 3 0 0 0 2
401 0 0 5 7 3 1 1 1 8 2 4 1 3 0 3 3 6 2 5 0 8 4 1 3 4 6 0 1 3 0 7 0 3 4 2 1 1 13 2 0 0 1 0 0 0 0 0 1 4 0 0 0 0 1 0 0 1 4 0 4 0 2 1 0 0 1 0 0 1 2 0 4 2 3 1 0 4 2 2 6 0 0 5 1 1 0 9 0 7 4 0 0 2 0 2 2 4 4 0 0 0 1 1 1 4 0 0 2 4 1 2 0 0 0 0 0 0 1 0 0 1 1 1 0 0 2 0 5 0 0 2 6 4 1 8 4 6 4 0 1 3 2 3 1 11 4 0 5 2 7 5 3 6 4 3 0 0 6 0 0 1 1 0 3 1 1 0 0 3 0 1 7 0 3 3 0 0 6 4 0 3 1 4 0 2 0 0 1 3 1 1 1 0 0 3 1 5 1 0 1 0 1 2 0 0 1 1 0 1 0 1 1 4 0 0 0 0 2 0 1 1 0 2 3 0 0 0 2 0 0 3 1 7 0 7 0 0 1 1
389 1 2 10 4 1 0 3 0 10 5 4 1 7 3 5 5 1 1 5 1 1 6 3 2 2 12 0 1 2 0 6 0 2 4 0 2 0 12 1 1 0 0 0 0 0 0 5 0 0 1 1 1 0 0 0 0 2 2 1 4 2 0 1 1 1 1 0 1 3 4 0 10 2 0 2 2 1 5 2 4 1 0 4 1 0 3 6 0 3 3 2 1 1 0 0 2 2 2 2 0 0 0 0 2 6 1 0 0 8 2 3 2 0 1 0 0 1 2 0 0 1 2 0 3 0 0 0 8 0 0 4 7 2 0 6 1 3 5 0 1 3 2 3 0 7 2 1 7 0 6 7 1 2 2 3 0 0 5 0 0 1 5 1 2 2 1 1 0 3 2 2 5 2 2 3 1 0 4 1 0 2 0 4 3 1 1 0 1 9 1 2 2 0 0 4 2 2 1 3 0 1 0 6 2 1 0 3 1 4 2 0 4 3 0 0 2 3 1 1 1 1 0 1 2 2 0 0 1 2 1 3 1 8 2 10 0 0 0 1
3092 1 8 2 0 0 0 7 0 0 5 5 0 6 2 4 1 0 2 0 0 2 0 0 1 0 5 4 0 0 0 3 0 3 0 0 2 0 2 0 2 0 0 0 2 2 0 1 0 0 0 0 0 0 0 0 0 0 0 0 3 1 1 0 0 0 6 2 0 2 0 0 0 0 0 0 0 4 0 1 0 0 4 0 0 0 0 6 0 0 0 0 0 0 0 0 0 5 0 0 0 0 0 4 0 2 0 0 0 6 0 0 0 0 0 0 0 0 0 0 0 0 0 0 0 0 0 0 4 0 0 0 0 0 0 5 0 0 1 0 0 3 0 3 0 6 0 0 6 0 1 2 0 0 4 0 0 0 2 0 1 1 1 0 1 1 0 0 0 1 0 3 2 0 0 0 3 0 0 4 0 0 0 0 0 3 0 0 0 3 0 1 0 0 3 0 0 2 0 0 0 0 0 0 1 0 0 0 0 0 1 0 0 1 1 0 0 2 1 0 0 0 0 0 0 0 0 0 2 0 0 0 0 11 0 1 0 0 1 0
245 0 0 3 0 0 0 1 0 3 2 2 1 4 0 1 0 2 1 3 0 0 2 1 1 3 1 1 0 2 0 6 0 0 3 0 0 1 4 0 0 1 0 0 0 0 0 3 0 0 0 1 0 0 1 0 0 0 1 0 2 0 0 0 1 0 1 0 0 0 1 0 3 1 1 1 0 0 1 0 2 1 0 0 0 0 0 0 0 1 2 1 2 1 0 0 1 0 0 0 0 1 0 0 1 0 0 1 1 1 0 0 0 0 0 1 0 0 0 0 0 0 0 1 0 0 0 0 2 0 0 2 1 0 1 1 0 2 1 1 0 0 1 2 0 0 1 0 0 0 1 4 0 2 1 2 0 0 0 0 0 0 1 0 0 1 0 0 0 1 0 1 3 0 0 1 0 0 1 2 0 2 0 2 2 1 0 0 0 3 0 0 0 0 0 2 0 1 0 1 0 1 0 1 0 0 0 0 0 0 0 2 0 0 0 1 0 1 0 0 0 0 0 0 0 0 0 1 0 0 0 2 0 6 0 2 0 1 0 1
3110 2 1 0 1 4 0 4 0 0 0 7 2 1 1 2 4 2 0 6 0 6 1 0 0 0 5 0 1 0 0 4 0 1 0 0 1 0 3 0 3 0 0 1 3 3 0 1 0 0 0 0 0 0 0 0 0 0 0 0 3 1 3 0 2 1 2 0 0 2 1 0 1 0 0 0 0 0 0 1 0 0 1 1 1 0 0 6 0 1 1 0 0 0 0 0 0 5 0 0 0 0 0 0 0 4 0 0 0 0 0 1 0 0 1 0 1 0 1 0 0 0 0 0 0 0 0 0 11 0 0 1 0 0 0 4 0 0 0 0 0 3 0 3 0 10 0 0 2 0 3 4 0 0 2 0 0 0 0 0 0 1 0 0 4 0 0 1 1 3 0 0 1 0 3 1 1 0 0 0 0 0 0 1 0 1 0 0 0 2 0 1 0 2 1 1 0 1 0 0 0 0 1 0 2 0 0 0 0 0 0 0 0 0 0 0 0 3 0 0 0 0 0 0 1 0 0 0 1 0 0 0 0 2 0 0 0 0 0 0
3042 2 2 2 0 4 0 6 0 0 8 11 2 5 1 5 7 1 1 4 0 6 0 4 4 1 2 1 0 0 0 3 1 4 0 0 4 0 7 0 4 0 0 0 0 2 0 1 0 0 0 0 0 0 1 0 0 1 0 0 2 0 1 0 3 0 1 0 0 1 0 0 0 0 0 1 0 2 3 0 0 0 5 0 3 0 0 4 0 2 1 0 0 0 0 0 0 3 0 0 0 0 0 1 0 2 0 1 0 0 0 0 0 0 0 0 0 0 0 0 3 0 0 0 0 0 1 0 9 0 1 0 0 0 1 9 1 1 0 0 0 4 0 3 0 9 2 1 7 0 0 2 0 0 1 0 0 1 4 0 0 1 1 0 3 1 0 1 0 3 0 1 5 0 1 0 0 0 2 3 0 0 0 0 0 3 0 0 1 1 0 1 0 1 0 1 0 5 0 0 0 0 0 0 3 0 0 0 0 1 0 0 0 0 1 0 0 4 0 1 3 0 0 0 0 0 0 0 1 0 0 0 0 5 0 0 0 0 0 1
385 4 4 8 1 3 0 4 0 3 5 8 1 2 2 0 6 4 3 1 0 7 8 3 3 11 0 2 0 1 0 8 0 4 1 0 0 0 2 0 0 0 0 0 0 1 0 2 0 4 1 0 0 0 0 0 2 0 3 2 4 0 6 0 0 1 6 0 0 1 0 0 0 0 2 1 0 0 2 0 2 0 1 0 2 0 0 7 0 7 2 1 0 1 0 0 1 1 0 0 0 1 0 0 1 0 0 2 1 0 9 0 0 0 0 0 0 0 1 0 2 0 7 0 0 1 0 0 11 0 0 0 1 0 3 10 1 1 0 0 0 3 2 1 0 10 4 0 3 2 4 0 1 6 4 2 0 0 0 0 0 0 9 0 3 0 0 0 0 0 0 0 5 0 1 1 0 0 5 4 0 1 0 3 0 5 0 0 1 0 0 0 0 0 0 7 0 0 1 1 0 0 1 2 2 0 0 0 0 0 0 1 0 6 0 1 0 0 2 0 0 1 0 1 0 0 0 0 0 0 0 1 0 2 0 6 0 0 3 2
648 1 0 3 1 3 0 2 0 2 9 7 0 2 0 0 4 3 5 1 0 2 4 2 0 7 1 1 1 0 0 2 0 6 3 0 1 0 2 0 0 0 0 0 0 1 0 6 0 3 1 0 0 0 0 0 1 0 1 1 2 2 1 0 0 0 1 1 0 1 0 0 1 0 1 0 0 1 1 0 2 0 1 1 1 0 0 9 0 4 2 0 0 1 0 1 1 3 0 0 0 0 0 0 0 0 0 1 0 0 0 0 0 0 1 0 0 0 0 1 3 0 3 0 0 0 0 0 7 1 0 1 1 0 1 13 1 5 1 0 1 6 0 3 0 2 2 0 7 1 3 1 1 0 6 2 0 0 0 0 0 0 2 0 2 0 0 0 0 2 0 0 7 1 1 0 0 0 8 2 0 0 0 0 0 1 0 0 2 2 0 1 0 0 0 0 0 2 0 0 0 0 0 0 6 1 0 0 0 0 0 0 3 2 0 1 1 1 0 0 0 1 0 0 1 0 0 0 0 1 1 0 0 2 0 3 0 0 0 3
417 1 1 8 5 5 0 2 0 13 2 10 0 3 0 0 6 5 4 3 2 5 13 2 1 4 2 2 2 0 0 10 0 2 8 0 2 0 7 3 0 0 0 0 0 1 0 7 1 5 0 1 0 0 0 0 4 2 2 3 3 0 3 1 0 1 2 0 1 1 2 0 10 1 4 4 1 0 2 0 5 1 1 3 2 1 2 11 1 2 3 0 1 0 2 0 1 5 1 0 0 0 0 0 0 4 0 1 0 2 1 1 0 0 0 0 0 1 3 0 1 0 3 0 1 2 1 1 11 0 0 1 4 0 1 11 0 3 4 1 0 2 1 4 0 2 2 0 6 0 6 9 0 4 1 5 0 1 0 0 0 2 8 0 4 3 0 3 0 11 1 3 8 2 4 3 0 0 5 1 0 3 0 0 1 2 1 1 1 12 0 2 1 0 0 4 0 0 1 0 1 1 2 0 1 3 0 1 1 0 0 1 1 9 1 0 4 1 4 0 2 2 0 1 2 1 0 0 4 0 2 4 2 2 1 4 0 1 3 6
584 2 1 8 0 3 0 3 0 10 1 9 0 2 1 1 4 3 2 1 0 5 7 3 0 4 0 1 0 1 0 7 0 1 7 1 2 0 2 0 0 0 0 0 0 1 0 4 0 2 0 1 1 0 0 0 1 0 0 0 4 1 1 0 0 1 0 0 0 0 2 0 6 0 3 1 0 0 1 0 10 0 1 0 1 0 1 3 0 2 7 0 1 0 0 0 0 4 0 0 0 0 3 0 0 0 0 2 0 3 2 1 0 0 0 0 0 0 0 0 1 0 0 1 1 0 1 0 9 1 0 2 8 1 2 10 0 1 4 0 1 4 1 4 0 6 2 1 9 0 2 10 2 2 2 1 0 0 0 0 0 0 5 0 2 0 1 1 0 9 0 0 9 0 1 2 0 1 2 3 0 0 0 0 0 3 0 0 1 7 0 0 0 0 0 3 1 4 0 0 0 0 0 0 0 0 1 0 0 1 0 2 2 1 0 0 0 0 1 0 0 1 0 0 0 0 0 1 2 0 1 0 0 2 0 0 0 0 0 4
601 1 3 7 1 3 0 3 0 6 3 5 0 3 1 0 4 2 3 3 0 4 2 2 0 3 0 1 1 1 0 4 0 3 2 2 0 0 4 1 0 0 0 0 0 1 0 5 0 1 0 1 0 0 1 1 1 0 2 0 2 1 3 3 0 1 0 0 0 5 2 0 4 1 3 2 0 1 3 0 7 0 2 0 1 0 0 3 1 2 3 0 2 0 1 0 0 2 0 0 0 0 0 0 0 0 0 1 1 2 1 0 0 0 0 0 0 1 2 0 2 0 1 0 0 0 0 0 8 0 2 3 3 0 0 8 1 4 1 0 0 5 2 3 0 3 2 0 8 2 5 10 2 1 3 1 0 0 0 0 0 0 4 0 2 0 0 0 1 6 0 1 8 0 2 0 1 0 5 3 0 0 0 0 2 2 0 0 0 7 0 0 1 0 0 0 0 1 2 0 0 0 1 1 3 0 0 1 0 1 0 1 0 4 1 0 0 0 1 0 0 1 0 0 1 0 0 0 1 1 0 0 1 2 0 4 0 0 0 2
328 3 1 11 3 3 0 2 0 9 2 5 2 3 2 1 5 3 2 3 0 8 5 3 0 4 2 0 3 2 0 10 0 5 9 1 0 0 5 0 1 1 0 1 0 1 0 4 1 0 2 0 0 0 0 1 0 1 2 1 2 0 1 4 4 0 0 1 0 3 3 1 5 1 2 0 1 0 4 1 6 0 2 1 1 0 3 9 0 1 5 0 1 1 1 0 3 3 0 0 1 0 3 0 1 0 0 1 2 3 3 2 0 1 0 0 0 0 4 0 1 0 2 0 2 1 0 1 7 0 0 3 2 0 0 14 1 3 5 1 0 1 0 4 0 4 5 0 9 1 4 8 2 1 2 2 0 0 1 1 2 0 9 1 5 1 0 1 3 9 0 1 7 2 1 3 0 0 7 2 0 2 0 0 1 5 1 0 1 9 0 1 1 2 0 3 0 4 2 0 1 0 0 3 2 0 0 1 3 1 1 2 1 3 0 0 4 2 2 0 0 1 0 1 3 0 1 0 2 0 1 0 0 2 2 2 0 1 0 2
400 3 3 9 2 5 1 2 0 4 6 4 1 1 2 1 4 2 1 2 0 4 2 2 1 1 4 0 1 0 0 6 0 3 3 0 6 0 6 0 0 0 0 0 1 1 0 3 0 1 0 0 0 0 0 0 2 0 2 0 3 0 1 3 1 1 1 0 0 2 2 0 7 1 1 3 1 3 3 0 6 1 4 3 2 0 2 11 1 4 2 2 0 1 1 0 1 6 1 1 0 1 0 0 0 1 0 1 0 0 3 4 0 2 0 1 1 0 2 0 3 0 2 0 1 0 1 0 9 0 0 2 1 3 0 16 0 7 1 0 0 6 1 6 0 0 3 1 6 1 5 7 4 0 7 1 0 0 0 0 0 0 6 0 4 0 0 2 0 3 1 3 5 0 2 3 1 1 6 2 1 1 1 0 3 2 0 1 1 2 2 0 1 0 0 7 1 0 2 1 1 0 1 2 1 3 0 0 1 1 1 0 2 4 0 1 2 1 2 2 1 0 0 0 2 3 0 0 3 0 2 1 0 3 0 2 0 1 1 2
3117 1 9 0 0 5 0 1 0 0 3 4 1 4 3 2 4 1 0 3 0 4 0 1 0 0 1 0 0 4 0 1 0 3 0 0 0 0 6 0 2 0 0 1 0 1 1 1 0 0 1 0 0 0 1 0 0 0 0 0 2 1 2 0 1 0 1 0 0 2 0 0 2 0 0 0 0 2 1 0 1 0 1 1 0 0 0 6 0 1 0 0 0 0 0 0 0 5 1 0 0 0 0 1 0 0 0 0 0 3 0 0 0 0 0 0 0 1 0 0 1 0 0 0 0 0 0 0 4 0 0 1 0 0 1 5 0 1 0 0 1 4 0 1 0 4 0 0 2 0 0 3 0 0 5 0 0 0 6 0 0 0 0 0 2 0 0 0 1 3 0 0 3 0 1 0 0 0 0 0 0 2 0 0 0 2 0 0 0 0 0 4 0 3 0 0 0 1 0 0 0 0 0 0 3 0 0 0 0 0 1 0 0 2 0 0 0 4 0 0 0 0 1 0 0 0 0 0 0 0 0 0 0 7 0 0 0 0 0 0
3107 1 3 3 0 0 0 0 0 0 9 6 4 1 1 1 6 1 1 2 0 7 0 1 0 0 1 0 0 1 0 1 1 4 0 0 3 0 4 0 2 0 0 0 1 5 0 1 0 0 0 0 0 0 2 0 0 0 1 0 1 1 2 0 2 0 3 0 0 2 1 0 0 1 0 0 0 0 1 0 1 0 0 0 0 1 0 4 0 1 0 0 0 1 0 0 0 2 0 0 0 0 0 2 0 1 0 0 0 3 1 0 0 0 0 0 0 1 0 0 1 0 0 0 0 0 0 0 11 0 1 1 0 0 1 0 0 0 0 0 0 6 1 1 0 8 0 0 5 0 2 3 0 0 6 0 0 1 4 0 1 1 0 0 6 0 0 1 0 0 0 0 2 0 1 0 0 0 0 2 0 1 0 0 0 3 0 0 0 0 0 1 0 1 1 0 0 3 0 0 0 0 0 0 3 0 0 0 0 2 0 0 0 2 0 0 0 1 0 0 0 0 0 0 0 0 0 0 0 0 0 0 0 3 0 0 0 0 0 0
333 2 0 3 0 1 0 3 0 4 2 5 0 1 3 0 1 1 1 2 0 2 2 1 0 4 0 0 2 0 0 5 0 1 4 0 1 0 4 0 0 0 3 1 2 2 0 2 0 0 0 0 0 0 0 0 0 0 0 0 2 2 1 1 0 0 0 0 0 1 0 0 0 1 0 4 0 0 1 0 4 0 0 2 0 0 1 0 2 2 3 0 0 1 1 1 1 0 0 0 0 0 0 0 0 2 0 0 0 0 2 1 0 0 1 0 0 0 0 0 0 0 0 0 1 1 0 0 4 0 0 1 1 0 2 0 0 0 4 0 1 1 1 2 0 1 2 0 2 0 2 3 0 1 1 0 0 0 0 0 1 0 1 0 2 0 0 0 0 1 0 0 5 0 0 1 0 0 1 2 0 0 0 0 0 2 0 0 0 2 0 1 0 0 0 0 0 1 1 0 0 0 0 1 0 1 0 0 0 0 0 0 0 0 0 0 2 1 1 0 0 0 1 0 0 0 0 0 0 0 1 0 1 2 0 2 0 1 1 2
3140 2 0 4 0 2 0 0 0 0 5 5 2 2 1 3 0 2 0 1 0 3 0 3 1 0 2 0 0 0 0 1 1 4 0 0 3 0 0 0 0 0 0 0 3 0 2 1 0 0 0 0 0 0 0 0 0 0 0 0 2 2 1 0 1 0 4 1 0 2 0 0 0 0 0 0 0 1 1 3 0 0 4 1 4 0 0 3 0 3 0 0 0 0 0 0 0 1 0 0 0 1 0 1 0 1 0 0 0 0 0 0 0 0 0 0 1 0 0 0 3 0 0 0 0 0 0 0 3 0 0 0 0 0 0 10 0 0 0 0 1 5 0 2 0 1 0 0 7 0 1 1 0 0 3 0 0 0 1 0 1 0 0 0 0 0 0 0 0 3 0 1 4 0 0 0 1 0 1 1 0 0 0 0 0 0 0 0 0 0 0 0 0 1 3 0 0 3 0 0 0 0 0 0 2 0 0 0 0 0 0 0 1 1 2 0 0 0 0 0 0 0 0 0 1 0 0 0 1 0 0 0 0 3 0 1 0 0 0 0
356 2 3 9 2 2 0 2 0 4 0 9 3 2 3 2 5 3 2 5 0 2 4 6 3 4 4 1 1 2 0 4 1 6 4 1 1 0 7 0 0 0 1 1 1 0 1 4 0 3 0 0 1 0 0 0 2 1 3 1 4 1 0 1 2 2 0 1 0 2 1 0 7 0 5 4 3 2 2 1 4 2 4 2 2 0 1 10 1 6 3 0 2 0 0 0 4 2 0 0 0 0 0 0 1 4 0 0 0 2 0 1 0 0 3 0 1 0 3 0 0 0 2 2 1 3 1 0 4 0 0 3 1 0 1 9 1 6 1 0 1 2 7 5 0 4 2 1 4 1 6 6 2 7 4 3 0 1 0 1 0 2 5 0 1 2 0 0 1 7 0 4 7 1 1 4 1 1 7 3 0 2 0 3 2 0 2 1 0 9 0 1 0 0 3 5 0 1 3 2 0 0 1 1 8 1 1 1 1 1 1 0 1 3 0 1 2 3 2 1 2 1 0 1 2 0 0 0 1 1 2 2 1 1 0 7 0 1 0 1
408 3 0 4 1 2 0 1 0 3 0 7 2 3 3 1 1 6 5 4 0 5 2 2 1 2 3 3 2 0 0 2 1 2 1 0 0 0 7 0 0 0 1 0 1 2 1 6 0 5 1 0 0 0 0 1 1 0 2 0 5 1 1 2 2 0 0 0 0 1 1 0 7 0 1 1 2 1 5 1 2 1 3 3 2 0 0 12 0 9 3 0 0 3 1 0 2 5 3 0 0 0 0 0 0 5 0 0 2 1 5 3 0 1 1 0 1 0 2 1 2 0 3 0 0 1 0 0 7 0 0 3 2 2 0 9 0 4 2 0 2 4 2 4 0 2 2 1 6 0 4 11 2 4 6 0 0 1 0 0 0 0 2 0 2 2 2 1 1 4 0 1 6 1 0 1 1 0 5 3 1 2 0 1 1 4 2 0 2 6 0 0 0 1 3 6 0 3 0 1 1 0 0 1 5 0 0 1 0 0 1 1 1 3 1 0 3 1 2 1 1 2 0 0 0 1 0 0 2 0 2 0 0 2 0 11 0 0 0 1
423 1 4 6 1 1 0 3 0 5 6 4 2 4 2 1 2 8 1 4 0 1 10 2 3 7 4 1 2 0 0 9 1 0 1 0 0 1 6 0 0 0 0 1 1 0 1 3 0 4 1 1 0 0 1 1 0 0 1 3 2 2 3 3 2 1 0 1 0 1 3 1 5 2 4 1 2 2 2 1 9 5 5 3 1 1 0 10 0 6 5 0 0 0 0 0 1 5 1 0 2 1 2 1 3 1 0 0 1 2 2 3 1 1 0 0 1 0 3 0 0 0 2 0 1 2 0 1 2 0 0 2 3 1 0 12 4 8 5 0 2 8 0 2 0 8 3 0 3 2 8 6 2 3 9 2 0 1 1 2 1 0 4 1 1 0 0 1 2 4 0 3 5 1 3 3 1 0 4 0 1 0 0 5 3 3 1 0 1 4 3 3 0 0 3 3 1 0 0 0 0 1 0 0 3 0 0 3 0 0 0 0 1 4 0 0 2 3 1 0 1 1 0 1 2 0 0 0 2 0 2 7 1 2 1 5 0 0 1 3
162 0 3 7 0 0 2 1 0 1 7 3 0 0 2 1 2 0 0 1 0 1 8 1 1 7 1 1 2 0 0 7 0 0 4 0 1 0 3 0 0 0 0 0 0 0 0 0 0 4 0 1 0 0 0 0 0 0 0 0 3 0 5 1 1 0 1 1 0 0 2 0 2 0 2 0 1 1 2 0 6 1 0 1 0 1 0 5 0 4 4 0 0 1 1 0 3 0 1 0 0 0 1 1 1 1 0 1 1 1 3 0 1 0 0 0 0 0 1 1 0 0 2 0 1 1 0 0 2 0 0 1 3 0 0 2 1 4 3 0 1 1 0 0 0 6 4 0 3 0 3 4 0 4 0 1 0 1 0 0 1 0 3 0 1 0 0 1 3 4 0 2 3 0 2 1 0 0 4 1 0 2 0 0 3 4 0 0 0 2 0 0 0 0 0 2 0 0 0 0 0 1 1 0 1 0 0 1 0 0 0 0 0 2 0 0 0 0 0 0 1 0 0 0 1 0 0 0 0 0 0 3 1 0 1 3 0 0 0 0
334 2 2 10 1 1 0 1 0 7 3 11 1 1 8 3 4 3 3 1 1 6 7 2 2 5 6 1 1 2 0 9 1 8 11 1 2 0 8 0 1 0 0 0 1 0 2 4 1 4 0 0 0 1 0 0 0 3 1 2 4 1 2 1 2 1 0 0 0 0 1 1 6 3 2 3 0 1 1 1 8 0 3 2 2 0 1 9 1 4 7 3 0 2 0 0 1 1 1 0 0 2 0 1 1 3 0 0 2 2 4 1 0 0 0 0 0 1 2 0 0 0 2 0 0 0 0 0 5 0 0 6 3 2 3 11 4 2 3 0 2 2 1 2 0 8 6 0 6 0 2 6 2 4 5 1 0 2 2 0 1 1 6 1 1 0 1 0 4 5 1 0 9 1 4 1 0 0 10 0 0 0 1 0 0 1 0 2 1 8 0 0 0 0 3 7 0 2 2 1 0 1 0 2 6 3 0 2 0 3 0 0 2 3 1 0 3 0 2 1 1 0 0 1 2 5 0 2 3 0 1 1 1 1 3 4 0 0 1 1
653 1 3 9 0 2 0 0 0 4 1 6 1 1 0 1 0 5 1 2 0 4 4 2 2 6 1 1 0 0 0 3 1 0 3 0 0 0 3 0 0 0 0 0 2 0 1 6 0 2 1 0 1 1 0 0 0 1 1 0 2 2 1 0 5 1 5 0 0 1 0 0 6 0 0 2 1 2 0 1 5 0 3 1 1 3 1 1 0 3 3 0 0 0 0 0 0 2 0 0 0 0 1 0 1 1 0 0 1 2 1 0 0 0 1 0 0 1 1 0 0 0 4 0 0 0 0 0 2 0 0 1 4 0 0 8 0 2 2 0 1 3 1 1 0 6 2 0 3 0 1 4 0 4 5 2 0 1 0 0 0 0 2 0 0 0 0 0 0 1 0 0 6 0 0 2 0 0 1 3 0 1 0 0 0 1 0 0 0 5 1 1 0 0 3 0 0 1 1 0 1 0 0 1 4 0 0 2 0 2 0 0 1 1 0 0 0 0 1 0 0 0 0 0 2 1 0 0 1 0 4 0 0 1 0 2 0 0 0 2
3115 1 2 1 0 3 0 3 0 0 6 7 2 1 2 5 2 1 2 2 0 4 0 0 1 0 4 0 0 1 0 2 0 3 0 0 3 0 4 0 3 0 0 0 0 0 0 2 0 1 0 0 0 0 0 0 0 0 0 0 2 0 4 0 1 0 0 0 0 3 0 0 0 3 0 1 0 4 1 3 2 0 0 0 1 0 0 6 0 0 1 0 0 0 0 0 0 5 0 0 0 0 0 0 0 1 0 1 1 6 0 0 0 0 0 0 0 0 0 0 0 0 0 0 0 0 0 0 7 0 2 2 0 0 1 4 1 0 0 0 1 3 0 2 0 5 1 1 6 0 0 1 0 0 3 0 0 1 0 0 0 0 0 0 1 0 0 0 0 6 0 0 2 0 1 0 0 0 0 1 0 0 0 0 0 1 0 0 0 0 0 1 0 3 0 0 0 0 0 0 0 0 1 0 3 0 0 0 0 0 0 0 0 1 1 0 0 3 0 0 0 0 0 0 0 0 0 0 1 0 0 0 0 2 0 2 0 0 0 0
422 0 3 10 5 0 0 2 0 9 1 6 3 5 1 3 5 4 3 5 1 7 8 0 2 1 2 2 3 2 0 10 0 5 6 0 0 0 7 4 1 1 0 0 1 0 0 5 1 3 2 1 0 0 0 0 0 1 2 4 4 0 5 0 4 3 0 0 0 2 2 0 4 3 3 2 0 0 1 1 8 0 0 1 1 0 1 14 1 6 6 2 0 0 0 0 6 2 2 0 0 1 0 0 2 1 0 0 2 3 6 3 0 1 1 0 0 0 2 0 1 0 4 1 0 0 0 1 3 1 0 4 6 3 2 5 3 3 4 0 0 1 1 1 0 12 3 1 5 1 6 6 1 6 7 2 0 1 2 0 0 1 7 0 1 0 0 1 0 5 0 3 4 0 1 2 0 0 3 6 0 0 0 0 3 8 1 0 2 6 1 0 0 0 0 7 0 2 5 2 0 1 0 1 4 2 1 4 0 1 1 1 3 5 0 0 3 3 3 2 0 0 1 1 1 4 0 0 3 0 2 1 0 4 1 7 0 1 2 4
387 0 1 14 1 0 0 1 0 3 2 8 1 2 3 1 1 0 2 0 0 5 7 0 1 5 0 0 0 3 0 5 0 0 6 0 0 0 2 0 0 0 0 0 0 0 1 2 0 4 1 0 0 0 0 0 0 1 0 1 1 0 2 0 2 2 0 1 0 3 0 0 4 1 1 3 0 0 0 1 8 0 0 1 1 0 0 2 1 2 4 1 0 1 0 0 2 5 1 0 0 0 0 0 0 2 0 0 2 2 16 1 0 0 0 0 1 0 0 0 1 0 4 0 0 0 0 0 7 0 0 4 2 0 1 1 2 2 1 0 0 0 2 2 2 4 3 0 3 1 3 1 2 5 0 0 0 1 0 0 0 0 3 0 0 1 0 2 0 3 0 0 3 0 1 0 0 1 4 2 0 0 0 1 1 3 0 1 0 9 1 0 0 0 0 3 0 0 1 0 1 1 0 1 6 0 1 0 0 0 3 1 2 3 0 0 0 0 1 0 0 0 0 1 0 1 0 0 1 1 0 0 2 2 1 5 0 1 1 1
79 1 1 12 2 0 0 0 0 4 4 3 2 0 1 0 1 1 0 0 0 5 5 2 0 6 0 2 0 2 0 3 0 2 6 0 0 0 1 0 0 0 0 0 0 0 0 1 0 1 0 1 0 0 0 0 2 1 0 2 1 0 1 0 2 2 2 1 0 0 0 0 3 0 1 1 0 0 0 0 5 0 0 1 0 0 0 6 1 6 4 0 0 1 1 0 4 0 1 1 0 0 0 0 0 3 0 0 1 1 11 1 0 0 0 0 0 0 0 0 0 0 4 0 0 0 0 0 5 0 0 2 0 0 0 3 1 1 1 0 0 0 1 1 2 2 2 0 0 0 3 2 1 4 1 2 0 0 0 0 0 0 2 0 1 0 0 1 0 3 0 1 8 1 1 0 0 0 2 3 0 0 0 0 0 4 0 0 0 7 0 0 0 0 0 2 0 0 1 0 0 0 0 0 4 1 1 0 0 0 2 0 0 3 0 0 0 0 1 0 0 0 0 1 1 1 0 0 3 0 0 0 2 0 1 5 0 1 0 3
517 1 0 13 2 2 9 0 1 14 1 2 0 0 6 14 0 3 5 6 0 10 9 9 2 1 7 10 4 5 1 5 1 0 7 2 4 1 1 1 0 0 0 2 6 4 0 7 0 3 0 4 0 2 0 0 4 1 2 7 1 1 0 4 1 0 8 7 1 0 0 0 1 1 0 3 2 0 0 1 0 0 2 0 6 1 0 0 0 0 0 6 0 3 0 3 0 0 0 0 0 0 0 0 5 1 0 0 0 0 0 0 0 0 0 0 0 1 0 0 4 0 0 0 0 0 0 0 2 0 0 1 1 0 0 2 5 0 9 0 1 1 0 0 10 0 0 4 3 1 1 1 2 0 1 4 0 1 0 0 0 0 4 0 0 1 3 0 0 0 0 0 2 0 0 0 0 1 0 7 2 0 1 7 0 0 1 0 0 0 0 2 0 0 0 0 1 0 0 1 1 0 2 0 0 0 1 1 1 0 2 0 0 0 0 9 1 0 0 4 7 0 0 3 3 1 3 0 2 2 2 0 0 0 0 0 0 0 1 0
599 0 0 12 1 10 7 0 0 12 2 1 0 0 6 11 0 0 1 3 0 11 4 4 2 3 5 3 8 4 1 7 1 0 7 4 0 0 0 0 0 0 0 0 5 5 0 9 0 5 1 4 0 0 0 1 2 0 0 4 1 0 0 0 0 0 1 7 0 0 0 0 1 0 0 4 0 0 0 3 0 0 1 0 3 1 1 1 0 0 3 5 0 5 0 1 0 0 1 0 1 1 0 0 3 0 0 0 0 0 1 1 0 0 0 0 0 0 0 0 9 0 0 0 0 0 0 0 0 0 2 0 0 0 0 0 2 0 3 0 3 2 1 0 6 0 0 5 1 1 1 1 2 0 1 1 2 1 0 0 0 0 2 0 1 0 2 0 0 0 0 0 2 0 1 0 0 2 1 1 4 0 0 4 0 0 0 0 1 0 0 5 0 0 0 0 1 0 0 0 0 0 0 0 0 1 1 2 1 0 1 0 0 0 0 5 0 1 0 3 2 0 0 0 2 0 2 1 0 1 0 0 1 2 1 0 0 0 1 0
362 2 4 15 1 9 13 2 2 17 2 2 0 2 10 11 1 2 3 5 0 14 4 7 2 4 2 13 6 5 1 8 0 1 8 2 1 0 0 0 0 0 0 0 6 2 0 10 0 3 0 3 0 3 0 1 7 1 3 5 1 1 2 2 0 0 5 4 1 0 0 1 0 3 1 3 4 1 0 5 0 0 2 2 10 0 0 1 1 1 0 4 1 8 0 1 2 0 1 2 2 0 1 0 3 0 0 0 0 0 1 0 0 0 2 0 0 0 0 1 8 0 1 1 0 0 1 0 1 0 2 0 0 0 0 0 3 0 0 0 8 2 1 0 2 0 0 6 4 1 1 3 1 0 1 0 0 3 0 0 1 2 0 0 1 0 3 1 0 0 0 0 3 0 0 1 0 1 1 3 1 0 0 12 1 0 0 2 1 0 0 7 0 0 1 2 1 1 0 1 1 0 0 1 0 0 0 1 1 2 0 0 0 1 0 7 2 0 0 3 3 0 1 0 2 0 2 2 4 0 2 0 2 1 1 0 0 2 0 0
21 2 1 5 1 4 3 1 1 8 0 0 0 1 3 3 0 1 2 2 0 5 2 3 0 2 1 3 3 0 0 5 0 0 2 0 1 0 0 0 0 0 1 2 1 1 0 2 1 0 0 1 0 2 0 0 2 1 0 3 1 2 1 1 0 0 3 1 1 0 0 0 0 2 1 1 1 0 0 3 0 0 1 1 3 0 0 0 0 1 0 1 0 4 0 2 1 0 0 0 1 0 0 0 2 0 0 0 0 0 0 0 0 0 1 0 0 1 0 0 4 0 1 0 0 0 0 0 1 0 0 0 0 0 0 0 1 0 1 0 5 2 1 0 2 0 0 5 4 0 2 1 0 1 0 0 0 2 0 0 1 1 1 0 0 0 1 0 0 0 0 0 1 0 0 1 0 1 1 2 1 0 0 3 0 0 0 0 0 0 0 2 0 0 0 0 0 0 0 1 0 0 0 1 0 0 0 2 0 1 0 0 0 1 0 3 1 0 0 2 1 0 1 0 0 0 1 1 1 0 0 0 1 0 1 0 0 2 0 0
3081 7 3 6 0 3 4 0 0 11 2 3 2 0 0 7 12 0 2 4 0 13 0 1 1 1 1 5 0 5 2 1 0 0 4 4 0 0 2 0 0 0 0 0 2 2 0 2 0 1 0 0 0 1 0 0 9 0 2 2 4 0 0 4 4 1 0 3 0 0 0 0 0 0 0 2 0 10 0 1 0 0 6 0 1 0 0 0 0 0 0 0 0 2 0 0 0 0 0 0 1 0 0 0 5 0 1 0 3 0 0 0 1 0 1 1 0 0 1 0 1 0 0 0 0 0 0 0 0 0 0 0 0 0 6 1 0 0 0 0 0 0 0 2 0 0 0 0 2 2 0 0 0 0 3 0 0 0 0 0 0 0 0 0 0 0 3 0 0 0 0 0 3 0 0 0 0 0 2 0 1 0 0 0 0 0 0 3 0 0 1 0 0 0 0 0 0 0 0 0 0 0 0 0 0 0 0 0 0 0 0 0 0 0 1 0 0 3 0 1 1 0 0 0 3 0 0 1 0 0 0 0 0 0 0 0 0 0 0 0
666 4 3 19 1 8 20 3 1 16 3 5 0 0 13 17 2 0 2 8 0 16 4 11 0 1 6 14 7 12 1 6 2 1 2 1 2 3 0 0 1 0 0 2 3 5 0 14 0 5 0 10 0 3 0 4 22 0 1 2 2 0 2 4 0 0 14 0 2 2 0 0 0 3 0 4 1 0 0 7 0 0 2 0 9 0 0 0 0 0 0 3 0 10 0 2 0 0 0 1 0 0 0 1 0 1 0 0 1 0 0 0 1 0 1 0 0 2 0 0 9 0 0 0 1 0 1 0 1 0 1 2 1 0 0 1 5 0 1 0 2 0 0 1 0 0 0 10 1 2 1 2 1 0 2 4 1 1 0 2 0 1 2 0 0 0 6 0 1 0 0 0 2 0 0 0 0 0 13 6 2 0 0 7 1 0 0 0 0 0 1 3 0 0 0 0 3 0 0 0 0 0 0 0 0 0 0 0 0 0 1 0 0 0 0 8 0 0 0 4 1 0 2 2 3 0 0 0 5 0 0 1 0 0 0 0 0 0 0 0
556 2 2 7 1 1 5 2 1 5 2 2 0 0 7 8 0 1 3 8 0 17 8 9 1 3 6 17 3 7 0 4 2 0 5 3 0 0 0 0 0 0 0 2 2 3 0 3 1 7 0 5 0 3 0 0 11 0 0 6 1 0 1 3 0 0 6 0 0 0 0 0 1 3 0 0 1 0 0 1 0 0 1 2 5 0 0 0 0 0 0 4 0 5 0 1 0 0 0 0 0 0 1 0 4 0 0 0 0 0 0 0 1 0 2 0 0 0 0 0 3 0 0 0 1 0 0 0 2 0 2 0 0 0 0 0 5 0 4 0 0 1 0 1 6 0 0 12 0 2 0 5 1 0 0 1 1 0 0 3 0 1 3 0 0 0 0 1 0 0 0 0 1 0 0 1 0 0 8 6 2 0 1 13 0 1 0 1 1 0 1 7 0 1 0 0 0 0 0 0 0 0 0 0 0 0 0 1 0 0 0 0 0 0 0 4 1 0 0 1 5 0 0 2 3 0 3 2 3 0 1 0 0 1 0 0 0 0 0 0
524 3 6 8 2 3 3 2 2 18 3 1 0 0 6 8 3 3 6 6 0 13 8 8 0 9 3 9 10 10 1 12 2 0 7 2 1 0 0 0 0 0 1 4 2 2 0 6 0 6 2 3 0 3 0 0 10 1 0 2 1 0 1 2 0 1 4 0 1 0 0 0 0 2 0 0 2 1 0 6 0 0 2 0 6 2 2 0 0 0 1 5 0 6 0 1 0 1 0 2 0 0 0 2 7 0 0 0 0 0 0 0 1 0 1 1 0 0 0 0 4 0 1 1 1 0 0 0 1 0 1 0 0 0 0 0 3 0 2 0 0 0 0 1 4 0 0 2 0 4 0 4 2 0 0 4 1 0 0 1 0 2 4 2 0 0 1 0 0 0 0 0 4 0 0 0 0 2 6 5 5 0 0 6 0 0 2 1 0 0 1 0 1 0 0 1 1 2 0 0 1 0 0 0 0 0 1 0 0 0 2 0 0 0 0 6 0 1 0 2 1 0 2 0 2 0 0 0 3 1 0 0 0 0 0 0 0 0 0 0
558 2 2 4 4 7 9 2 1 12 1 0 0 0 1 13 0 1 2 6 0 22 8 11 0 1 2 1 7 10 0 4 2 0 3 2 0 0 0 0 1 0 0 2 2 8 0 4 1 4 1 4 0 3 0 0 9 0 1 1 1 1 2 4 1 0 4 0 0 3 0 0 1 1 0 0 3 1 0 1 0 0 1 0 4 0 0 0 0 0 0 7 1 7 0 1 1 0 0 0 1 0 0 1 1 1 0 0 0 0 0 0 1 1 2 0 0 1 0 0 4 0 0 0 1 1 0 0 2 0 1 0 0 1 0 0 5 0 1 2 0 0 0 1 10 0 0 5 0 2 0 5 5 0 0 2 1 0 0 2 1 2 2 1 0 0 0 0 1 0 0 0 1 0 0 1 0 1 12 10 2 0 0 7 0 0 0 0 0 0 1 1 0 0 0 0 0 0 0 0 0 1 0 0 0 0 1 0 0 0 0 0 0 0 0 8 1 0 0 3 2 0 1 0 2 0 0 0 3 0 0 0 0 0 0 0 0 1 0 0
119 2 1 4 2 4 3 2 1 2 1 0 1 0 2 8 0 1 1 3 1 15 1 4 0 0 2 1 1 3 0 2 1 0 4 1 0 1 0 0 0 0 0 1 2 6 0 4 1 0 0 1 0 2 0 0 8 0 1 0 0 0 1 0 1 0 5 0 0 1 0 0 0 0 0 0 0 0 0 0 0 0 0 0 3 0 0 0 0 0 0 4 0 4 0 0 1 0 0 0 1 1 0 1 2 1 0 0 0 0 0 0 0 0 1 0 0 1 0 0 2 0 0 0 0 0 0 0 2 0 1 0 0 1 0 0 2 0 1 0 0 0 0 1 3 0 0 3 0 0 0 2 2 0 0 0 1 0 0 1 1 1 3 0 0 0 0 0 1 0 1 0 0 0 0 1 0 0 11 5 1 0 0 2 0 0 0 0 0 0 0 0 1 0 0 0 0 0 0 0 0 0 0 0 0 0 0 0 0 0 0 0 0 0 0 3 1 0 0 1 0 0 0 0 2 0 0 0 1 0 0 0 0 0 0 0 0 0 0 0
3039 1 2 5 1 10 5 0 0 9 2 0 2 1 2 2 10 0 1 6 0 6 0 1 3 6 1 16 0 5 4 3 0 0 10 5 0 0 2 0 1 1 0 0 3 2 1 1 0 3 1 0 0 2 0 2 11 0 0 1 7 0 1 3 3 1 0 11 0 0 0 0 0 0 0 2 0 3 0 3 0 0 6 0 2 1 0 0 0 0 0 0 0 4 0 1 0 0 0 0 0 0 0 0 5 0 0 0 1 0 0 0 0 0 1 0 0 0 0 0 1 0 0 0 0 0 3 0 2 0 0 0 0 0 4 1 0 0 0 0 0 2 0 1 2 0 0 1 1 3 0 0 0 0 3 0 0 0 0 2 0 0 0 0 0 0 5 0 0 0 0 0 2 0 0 1 0 0 2 1 0 0 3 2 0 0 0 1 0 0 0 0 0 0 0 0 0 0 0 0 0 0 0 0 0 0 0 1 0 0 0 0 0 0 1 1 0 1 0 1 2 0 0 0 2 0 0 3 0 0 0 1 0 0 0 0 0 0 0 0
576 1 1 12 0 7 9 1 1 7 0 0 1 0 7 7 3 2 2 3 1 7 4 1 1 1 3 8 10 12 1 3 0 0 5 4 0 0 1 0 1 1 0 1 2 2 0 8 1 3 1 1 1 2 0 3 11 2 0 4 0 0 0 3 0 0 1 2 1 1 1 0 0 2 1 0 0 0 0 5 0 0 2 0 2 2 0 0 0 0 0 8 0 3 0 3 0 0 1 1 0 0 0 0 3 1 0 0 0 0 0 0 0 0 4 0 0 0 0 0 6 0 0 1 0 1 3 0 1 0 0 1 1 0 0 0 1 1 5 0 3 2 0 1 7 0 0 5 0 2 0 0 2 0 2 1 0 0 0 2 0 0 1 0 0 0 4 0 2 0 1 0 0 0 1 0 0 0 0 4 0 0 2 5 2 1 2 2 0 0 0 3 1 1 1 2 1 0 0 0 0 0 1 2 0 0 4 0 1 1 1 0 0 0 0 7 1 1 0 2 2 0 0 2 2 0 2 1 1 0 0 0 0 1 0 0 0 1 0 0
386 0 3 6 2 9 9 1 0 14 1 4 3 0 9 10 3 1 8 7 0 8 5 4 1 3 4 13 10 9 1 12 0 0 6 3 0 1 1 0 1 1 0 0 2 2 1 8 0 1 0 8 0 1 1 5 12 2 1 2 0 0 1 2 1 0 3 2 2 0 0 0 0 4 1 0 2 3 0 2 1 0 2 0 7 5 0 0 0 0 0 6 1 11 0 2 2 0 0 1 0 1 0 0 2 0 1 0 0 0 0 1 0 0 2 0 0 2 0 1 14 0 0 0 0 0 0 0 2 0 0 1 0 0 0 0 2 0 1 2 4 0 1 1 2 0 0 4 1 4 1 4 2 0 2 1 1 1 0 1 0 0 0 1 0 1 4 1 0 0 1 0 1 0 0 0 0 0 5 5 0 0 0 9 0 0 3 2 2 1 0 2 1 0 0 1 3 0 0 0 0 0 1 0 0 0 0 1 0 0 2 0 0 0 0 9 0 0 0 3 3 0 0 3 2 1 2 0 2 2 0 0 0 2 0 0 0 1 0 0
451 1 4 10 4 10 9 1 2 14 0 2 3 0 6 15 5 2 3 5 0 11 3 7 2 4 6 5 17 6 1 8 0 0 5 3 3 1 2 1 1 1 1 0 3 1 0 15 0 4 2 2 0 4 1 2 9 2 2 5 2 0 1 0 1 0 7 3 0 0 0 0 0 1 0 2 4 1 0 1 0 1 3 1 16 1 0 1 0 0 1 3 0 9 0 3 0 1 2 1 0 1 0 2 4 0 0 0 0 0 0 0 2 0 5 0 0 3 0 1 14 0 0 0 1 0 0 2 2 0 0 0 0 0 0 0 2 0 1 4 1 2 1 5 4 0 0 8 0 6 0 0 4 0 3 0 1 1 1 0 0 1 2 0 0 0 4 0 1 0 1 0 1 0 0 0 0 0 1 3 1 0 0 4 0 1 0 2 1 0 1 1 0 0 0 3 2 0 2 0 0 1 0 3 1 1 1 1 1 0 0 0 0 1 0 8 0 1 0 6 2 0 1 5 3 2 0 0 1 1 0 2 1 0 1 0 0 0 0 0
396 0 6 2 0 13 16 2 1 11 1 1 1 0 3 15 4 1 8 5 0 13 10 5 1 3 3 3 8 10 1 8 1 0 7 6 0 4 1 0 1 1 0 0 5 5 0 6 2 2 0 5 0 3 1 2 14 1 3 10 1 0 1 4 1 0 3 2 0 1 0 0 0 2 0 6 2 0 0 6 0 1 3 0 11 1 2 0 1 0 0 6 2 9 0 3 0 0 1 0 0 0 1 0 3 0 1 0 0 0 0 0 0 0 2 0 0 4 0 1 12 0 0 1 0 0 3 0 4 0 1 0 1 0 2 1 1 0 6 1 6 3 1 0 13 0 0 4 1 2 1 4 1 0 2 1 0 0 0 2 0 0 0 1 0 0 4 1 0 0 0 0 0 0 0 2 0 0 1 1 3 0 0 12 1 0 1 2 3 0 0 2 0 0 0 2 1 0 0 1 1 0 1 0 0 1 0 0 2 1 1 0 0 0 2 5 1 1 0 3 6 0 1 2 2 1 3 1 6 1 2 0 1 1 2 0 1 2 0 0
399 1 3 9 1 14 8 3 3 13 2 6 1 2 8 17 4 3 4 6 0 10 10 6 1 0 3 4 19 10 2 10 0 0 10 4 2 0 1 0 1 2 1 1 8 0 0 7 1 0 1 3 0 1 0 1 6 4 3 8 1 0 1 2 2 0 5 3 1 0 2 0 1 1 0 3 1 1 0 5 1 0 7 0 10 2 2 1 0 0 1 3 1 10 0 3 0 2 0 1 1 1 0 2 3 1 0 0 0 0 0 1 1 0 0 0 1 5 0 2 12 1 1 1 0 1 2 0 2 0 0 0 0 0 0 1 4 0 4 0 3 0 1 1 4 1 0 5 2 7 0 4 2 0 2 4 1 1 0 1 0 1 1 3 0 0 4 0 0 0 2 0 6 0 0 0 1 0 8 4 3 0 0 8 1 0 0 1 2 0 0 3 0 1 1 1 1 0 0 0 1 0 2 1 0 0 3 4 0 0 2 0 0 0 1 11 1 0 0 5 1 0 0 1 2 1 2 0 2 4 0 0 2 2 1 0 0 2 1 0
12 1 0 3 0 3 0 0 0 2 1 1 0 1 2 6 1 0 1 2 0 4 2 1 0 0 1 4 9 1 1 3 0 0 2 0 1 0 0 0 0 0 1 1 2 0 0 1 0 0 0 2 0 0 0 1 0 1 0 2 1 0 0 0 1 0 1 1 0 0 1 0 0 1 0 0 1 0 0 0 0 0 2 0 3 2 1 0 0 0 2 0 0 1 0 2 0 0 0 0 0 0 1 0 0 0 0 0 0 0 0 0 1 0 0 0 0 1 0 1 2 0 0 0 0 1 1 1 0 0 0 0 0 0 0 0 1 0 2 0 1 0 0 0 0 0 0 2 0 1 0 1 1 0 0 1 0 0 0 0 0 0 0 1 0 0 0 0 0 0 0 0 1 0 0 0 0 0 1 2 1 0 0 3 0 0 0 0 1 0 0 1 0 0 0 1 0 0 0 0 0 0 1 0 0 0 2 1 0 0 1 0 0 0 1 4 0 1 0 3 0 0 0 0 3 1 0 0 1 1 0 0 0 0 0 1 1 1 0 0
17 1 0 3 0 5 1 1 0 2 1 3 0 1 5 6 1 0 2 2 1 5 8 4 0 0 2 3 8 3 0 6 0 0 3 2 0 1 0 0 0 0 0 1 2 2 0 3 0 0 0 0 0 0 0 1 1 3 0 5 0 0 1 1 1 0 3 0 0 0 2 0 0 1 0 1 1 0 1 1 0 0 2 0 5 1 1 1 0 0 1 0 0 3 0 2 0 0 0 0 0 0 1 0 2 0 0 0 0 0 0 0 0 0 0 0 0 4 0 1 5 0 1 0 0 0 0 0 0 0 0 0 0 0 0 1 3 0 2 0 0 1 0 1 4 0 0 11 1 4 0 3 0 0 0 2 1 1 0 2 0 2 0 0 0 0 1 0 0 0 0 0 3 0 1 2 0 1 3 2 1 0 0 6 0 0 0 0 1 0 2 0 0 1 0 1 1 0 0 0 0 0 1 0 0 0 1 0 0 0 1 0 0 0 1 4 1 0 0 4 0 0 1 1 1 1 2 0 1 1 0 0 2 2 2 0 0 2 0 0
316 3 2 5 2 10 9 2 1 15 1 2 3 0 12 12 4 1 6 6 0 8 8 9 1 0 6 11 13 7 1 12 0 0 11 5 2 2 1 0 5 1 0 0 3 0 0 5 0 0 1 5 0 2 1 4 8 6 0 3 1 0 0 3 0 0 6 3 1 1 0 0 0 4 0 3 2 0 0 5 0 0 7 1 11 2 0 0 2 1 0 7 0 12 0 2 0 1 1 0 1 0 0 0 4 3 2 0 0 0 0 2 1 0 1 0 1 0 0 1 15 0 1 0 0 0 0 0 1 0 1 0 0 0 0 0 4 0 1 0 0 0 0 0 5 0 0 7 2 5 1 2 2 0 5 1 0 1 0 0 0 1 0 0 0 0 4 3 0 0 0 0 3 0 0 0 0 1 11 7 2 0 0 12 1 0 0 0 1 0 0 0 1 2 0 1 3 0 0 1 1 0 1 0 0 2 0 3 0 1 0 0 0 0 1 5 2 1 0 3 4 0 0 1 6 0 6 0 2 4 1 0 1 1 2 0 0 3 1 0
371 2 5 18 2 9 7 3 0 14 1 3 2 2 9 11 3 5 5 8 0 19 8 8 2 3 4 7 8 6 1 8 0 0 14 4 0 0 2 0 3 3 0 1 6 0 0 7 0 3 0 3 0 2 0 4 13 2 2 6 0 0 3 4 2 0 4 2 3 0 2 0 0 1 1 0 1 2 0 3 0 0 4 0 9 2 0 1 0 0 0 7 0 10 0 2 2 3 1 1 0 1 0 1 3 0 0 0 0 0 1 1 0 0 3 0 0 4 1 1 7 0 0 1 0 0 2 0 1 0 0 1 0 0 0 1 3 0 5 0 3 3 0 1 6 1 0 5 3 5 1 1 2 2 2 4 2 1 0 0 0 0 1 0 1 0 4 1 0 1 0 1 0 1 0 0 0 1 6 5 5 1 0 10 0 1 1 2 0 0 0 0 2 2 0 0 0 0 2 2 1 1 0 0 0 3 0 1 2 0 0 0 0 2 0 9 2 0 0 2 3 0 0 5 1 0 0 2 4 2 2 0 1 1 0 0 0 3 0 0
3139 2 5 3 0 1 0 0 0 9 4 1 0 0 4 6 5 0 0 7 0 8 0 2 2 0 0 8 0 3 2 0 0 0 2 2 0 0 1 0 0 0 0 0 2 0 0 2 0 2 1 0 0 3 0 1 4 0 1 0 5 0 0 1 0 0 0 2 0 0 0 0 0 0 0 1 0 2 0 1 0 0 3 0 1 0 0 0 0 0 0 0 0 4 0 0 0 0 0 0 0 0 0 0 0 0 0 0 0 0 0 0 0 0 3 1 0 0 0 0 0 0 0 0 0 0 3 0 0 0 0 0 0 0 1 2 0 0 0 0 0 0 0 0 2 0 0 1 0 4 0 0 0 0 4 1 0 0 0 0 0 0 0 0 0 0 4 0 0 0 0 0 2 0 0 0 1 1 5 0 0 0 0 1 0 1 0 0 0 0 0 0 1 0 0 0 0 0 0 0 0 0 0 0 0 0 0 0 0 0 0 0 0 0 1 0 0 2 0 1 1 0 0 1 4 0 0 0 0 0 0 0 0 0 0 0 0 0 0 0
454 1 2 9 0 6 3 0 2 5 0 0 0 0 3 6 0 0 2 6 0 4 4 4 0 0 8 1 9 5 0 4 0 0 3 1 0 0 0 0 0 0 0 0 1 1 0 2 1 1 0 2 0 3 0 0 3 1 1 2 2 0 0 0 0 0 7 3 0 0 0 0 0 1 0 1 1 1 0 3 0 0 0 0 3 0 0 0 0 0 0 2 0 3 0 0 0 0 0 0 0 0 0 0 2 1 0 0 0 0 0 1 0 0 1 0 0 0 0 0 1 0 1 1 0 0 1 0 0 0 1 0 0 0 1 0 5 0 3 0 1 1 0 1 5 0 0 1 0 3 0 2 3 1 0 2 0 0 0 1 0 1 0 0 0 0 0 0 0 0 0 1 3 0 0 0 1 2 6 1 0 0 0 6 0 0 2 1 2 0 0 2 0 0 0 1 0 1 0 1 0 0 0 0 0 0 2 2 0 0 2 0 0 0 0 4 0 0 0 0 0 0 0 0 3 0 1 0 0 1 1 0 0 2 0 0 0 0 0 0
465 4 4 12 0 6 8 0 2 15 2 2 1 0 7 9 4 1 8 9 0 9 7 14 0 3 2 14 13 8 0 7 0 1 8 3 0 2 0 0 0 0 0 2 0 2 0 6 0 2 1 4 1 3 0 3 15 1 1 9 2 0 0 0 1 0 9 2 1 2 0 0 0 2 0 3 1 1 0 4 1 0 3 0 2 0 0 0 0 0 0 2 0 4 0 0 0 1 0 0 3 1 0 3 8 1 1 0 0 0 0 0 0 0 2 0 0 0 1 0 11 0 0 1 2 0 2 0 2 0 0 0 0 0 1 0 5 0 7 0 2 1 0 1 6 0 0 2 4 4 0 2 4 2 2 3 0 0 0 2 0 0 1 0 0 0 0 2 0 0 0 0 1 0 0 0 1 1 4 4 2 2 2 8 0 0 2 1 0 0 0 3 2 1 1 0 0 0 1 0 1 2 1 1 2 1 2 0 2 0 1 1 0 0 0 7 0 1 0 4 7 0 0 3 2 0 0 0 1 1 0 0 0 1 1 1 0 1 0 0
3132 0 2 3 1 4 7 0 0 7 2 0 6 0 3 8 1 0 2 5 0 3 0 2 1 6 0 13 2 3 0 0 0 0 5 0 0 0 0 0 0 0 0 1 0 0 0 4 0 4 1 0 0 2 0 2 4 0 1 1 6 0 0 1 3 2 1 2 0 0 0 0 0 0 0 0 0 5 1 1 0 0 3 0 1 0 0 0 0 0 0 0 0 3 0 0 0 0 0 0 0 0 0 0 3 0 0 0 2 0 0 0 0 0 3 0 0 0 1 0 1 0 0 0 0 0 1 0 0 0 0 0 0 0 0 0 1 0 0 0 1 0 0 2 0 0 0 1 0 3 0 1 0 0 0 1 0 0 0 0 0 0 1 0 0 0 0 0 0 0 0 0 0 0 0 0 0 0 4 0 0 0 0 0 0 0 0 1 0 0 0 0 0 0 0 0 0 0 0 1 0 0 0 0 0 0 0 1 0 0 0 0 0 0 0 0 0 0 0 0 2 0 0 0 1 0 0 0 0 0 0 0 0 0 0 0 0 0 1 0
608 2 1 7 0 3 12 1 0 8 2 1 0 0 6 14 0 0 3 8 0 10 5 11 0 4 5 6 6 8 0 3 0 0 5 1 0 0 0 0 0 0 0 1 0 2 0 4 0 2 0 1 1 2 1 1 5 1 0 3 0 0 0 0 1 0 5 1 0 0 0 0 0 1 0 0 1 2 1 1 1 0 1 0 7 2 0 1 0 0 0 3 0 4 0 0 1 0 1 0 0 0 0 0 7 0 0 0 1 0 0 0 1 0 2 0 0 1 0 0 2 0 1 1 0 0 0 0 0 0 0 0 0 0 0 0 4 0 9 0 1 0 0 0 8 0 0 9 1 2 0 1 0 0 0 2 0 0 0 1 0 0 2 1 0 0 1 1 1 0 0 0 1 0 0 0 0 1 0 8 1 0 0 6 1 0 1 1 0 0 0 5 1 0 0 0 1 0 0 1 0 0 1 0 1 0 0 2 0 0 1 1 0 1 0 4 1 1 0 0 7 0 0 1 1 0 0 0 0 1 0 0 1 0 0 0 0 0 0 0
316 4 2 2 2 2 1 0 0 2 2 0 1 0 2 3 0 1 1 5 0 11 3 5 0 3 2 2 4 2 0 2 0 0 6 1 1 0 0 0 0 0 0 1 2 6 0 6 0 3 0 0 1 1 1 2 2 1 0 2 2 0 0 0 1 0 4 3 2 0 0 0 0 0 0 0 4 1 0 0 0 0 1 0 3 0 0 0 0 0 0 4 0 1 0 1 0 0 0 0 0 0 0 0 2 0 0 0 1 0 0 0 0 0 2 1 0 0 0 0 3 0 0 0 0 1 0 1 0 0 0 0 0 0 0 1 1 0 7 1 0 0 0 0 5 0 1 4 1 2 0 2 1 1 0 1 0 0 0 0 0 0 2 1 0 1 0 1 0 0 0 0 2 0 1 0 0 2 1 4 4 0 0 5 0 0 0 0 0 0 0 1 0 0 0 0 2 0 0 1 0 0 0 0 0 0 2 0 1 0 0 0 0 1 0 2 0 0 0 1 6 0 0 0 0 0 0 0 0 2 0 0 0 1 2 0 1 0 0 0
445 2 1 22 2 11 14 4 1 14 1 1 1 1 11 17 0 1 4 8 1 3 6 10 0 1 6 10 14 9 2 9 2 0 8 6 0 1 0 1 0 0 0 1 2 1 0 7 0 9 0 6 2 2 1 5 8 1 3 6 0 1 2 0 1 0 7 1 0 0 0 1 0 2 0 0 5 3 1 3 0 0 2 1 7 1 1 2 0 0 1 5 0 11 0 1 0 2 0 0 0 0 1 0 4 1 0 0 1 0 0 0 1 0 1 0 2 1 0 0 12 0 0 0 0 0 1 0 1 0 2 0 0 0 0 0 4 0 1 6 1 1 0 0 5 0 0 7 2 5 2 1 1 0 2 4 1 1 0 0 0 0 2 0 2 0 1 1 0 0 0 0 1 0 0 0 0 0 0 2 1 0 1 7 0 0 2 0 1 0 0 2 0 0 1 0 1 0 0 1 3 0 1 1 1 0 0 2 0 1 1 0 0 4 1 7 0 0 1 6 2 0 0 3 3 1 1 1 0 1 0 0 0 0 3 0 1 1 1 0
274 2 1 1 0 7 3 1 1 3 0 1 0 3 2 6 0 1 1 1 0 2 4 5 0 0 2 5 2 6 0 2 1 0 4 3 0 0 0 1 0 1 0 0 4 3 0 4 0 3 0 1 1 5 0 0 4 2 6 2 0 1 0 0 1 0 4 0 0 0 0 1 2 1 0 1 3 2 0 0 1 0 0 1 2 2 0 0 0 0 0 1 0 1 0 0 0 2 0 0 0 0 1 0 1 0 0 0 0 0 1 0 0 0 6 0 0 1 0 0 3 0 0 1 0 0 0 0 1 0 2 0 0 0 0 0 0 0 1 5 0 1 0 0 4 0 0 7 2 1 1 2 0 3 0 1 4 0 0 1 0 0 2 0 0 0 1 0 0 0 0 0 2 0 0 0 0 0 3 2 1 0 1 3 0 0 2 0 2 0 0 1 0 0 1 0 4 0 0 0 2 0 1 0 0 0 0 1 1 0 2 0 0 2 0 2 0 0 0 2 2 0 0 1 1 1 0 1 0 1 0 0 0 0 1 1 1 1 0 0
511 0 0 13 2 12 7 3 1 26 3 1 0 0 7 17 0 1 1 4 1 2 3 7 0 1 4 4 11 10 0 8 1 1 8 1 0 1 0 0 0 0 0 1 3 6 0 5 0 3 0 9 0 2 0 0 6 2 3 7 0 0 2 0 0 0 5 1 2 2 0 0 0 1 0 1 1 1 1 1 0 0 3 0 13 0 2 0 0 0 0 6 0 6 0 2 1 0 0 0 5 0 0 0 8 0 0 0 1 1 0 0 0 0 2 0 0 2 0 4 8 0 0 2 0 0 0 0 1 0 1 0 0 0 0 0 2 0 3 4 1 0 0 1 8 0 0 6 0 4 1 2 0 0 0 2 0 1 0 1 0 3 0 2 0 1 1 1 1 0 0 0 0 0 0 0 0 0 0 3 0 1 0 5 1 1 1 3 2 0 0 2 1 0 0 0 1 0 0 1 0 0 0 0 0 0 5 3 0 0 2 1 0 0 1 7 1 0 0 3 6 0 1 0 4 0 2 0 0 0 0 0 0 0 1 0 0 1 0 0
552 1 2 5 4 2 7 0 2 17 2 2 1 0 11 8 0 1 13 9 1 8 12 9 1 5 6 9 6 10 1 4 0 0 7 5 0 0 0 0 0 0 0 0 2 7 1 11 1 1 2 3 0 3 1 1 5 0 1 5 2 0 2 0 4 0 3 1 3 2 1 0 0 2 0 1 7 3 1 4 0 0 6 0 3 1 1 0 0 0 0 10 0 6 0 2 1 1 0 0 0 3 0 0 9 0 0 0 0 1 1 0 0 0 0 0 0 2 1 2 7 0 0 1 0 0 2 0 1 0 0 2 0 0 2 0 7 0 6 1 8 0 1 2 14 0 0 5 4 6 1 2 3 1 0 0 0 1 0 0 0 0 0 0 0 0 1 6 0 0 0 0 0 0 1 0 0 0 2 5 3 0 0 9 0 1 0 0 1 0 1 0 1 1 2 0 2 1 2 1 1 0 1 3 0 0 0 1 0 0 0 0 0 1 0 2 0 0 1 6 5 0 0 4 2 0 2 0 5 1 0 0 0 0 2 1 2 3 2 0
3116 1 6 4 1 3 3 1 1 7 1 1 0 0 3 5 2 0 2 6 0 7 0 1 2 3 4 7 0 3 1 0 0 0 5 1 0 0 2 0 0 1 0 0 1 1 0 2 0 6 0 0 0 3 0 3 6 0 0 0 9 0 0 1 2 0 0 8 0 0 0 0 0 0 0 1 0 4 0 2 0 0 4 0 0 0 0 0 0 0 0 0 2 3 0 0 0 0 0 0 0 0 0 0 3 0 0 0 2 0 0 0 0 0 0 1 0 0 0 0 0 0 0 0 0 0 1 0 0 0 1 0 0 0 1 0 0 0 0 1 0 1 0 2 0 0 0 0 0 0 1 0 0 0 4 1 0 0 0 0 0 0 0 0 0 0 5 0 0 0 0 0 2 0 0 0 0 0 3 0 0 0 0 0 0 0 0 0 0 0 0 0 0 0 0 0 0 0 0 1 0 0 0 0 0 0 0 0 0 0 0 0 0 0 0 0 0 2 0 0 2 0 0 2 0 0 0 2 0 0 0 2 0 0 0 0 0 1 1 0
379 3 3 5 3 7 11 3 0 11 0 0 0 0 13 20 0 0 2 8 0 14 6 6 1 4 9 4 7 6 1 8 0 1 6 3 2 2 2 1 0 0 0 1 2 4 0 11 1 3 1 6 2 0 1 0 5 4 3 5 3 1 0 2 0 0 3 0 2 0 0 0 0 0 0 2 0 0 0 1 0 0 6 0 6 1 1 1 0 1 0 2 0 9 0 1 0 0 1 0 2 1 1 0 3 1 0 0 0 0 1 0 1 1 3 1 0 1 0 0 7 0 0 0 0 1 3 0 1 0 0 0 0 0 0 0 1 0 7 1 0 0 1 0 7 0 0 3 0 2 0 2 0 1 3 3 0 0 0 0 0 2 1 0 0 0 4 0 0 1 1 0 4 0 1 0 0 1 4 2 3 0 0 6 2 2 2 1 2 0 0 1 0 0 0 2 1 1 1 1 3 1 1 0 0 0 1 2 0 2 0 0 0 1 0 9 2 0 0 2 5 0 1 3 0 1 5 0 1 3 1 0 4 2 2 0 0 5 0 0
745 0 3 3 1 10 2 0 0 14 0 1 0 0 3 14 0 0 5 7 0 10 7 5 0 4 4 4 6 8 0 8 0 0 10 1 0 0 0 0 0 0 0 5 0 2 0 6 0 10 2 12 0 2 0 1 11 3 1 6 2 0 0 1 0 0 2 2 1 0 0 0 0 3 1 0 1 2 0 2 0 0 2 2 5 2 0 1 0 0 0 12 2 5 1 0 0 0 1 0 0 1 0 1 4 0 0 0 1 0 0 0 0 1 2 0 0 0 0 0 16 0 0 0 1 0 0 2 2 0 0 0 0 0 0 0 1 0 4 0 0 0 0 1 4 0 0 4 0 1 0 2 2 0 0 1 1 0 0 0 0 0 0 0 0 0 0 0 1 0 0 2 1 0 0 0 0 0 3 2 1 0 0 3 0 0 5 1 0 0 0 1 0 1 0 0 2 1 1 0 0 1 0 0 0 0 2 2 3 0 0 0 0 0 0 2 1 0 0 2 1 0 0 2 2 1 1 3 0 1 0 0 0 0 1 0 0 0 0 0
521 0 2 10 1 5 13 1 3 9 1 0 0 1 8 10 0 1 1 3 0 13 12 3 0 3 3 5 10 10 1 7 0 0 13 5 2 0 1 0 1 0 0 0 0 0 0 9 0 1 2 6 3 0 0 2 5 5 4 7 2 0 0 2 1 0 3 1 0 1 0 0 0 1 0 0 1 1 0 3 2 0 4 2 5 1 0 0 0 0 1 4 1 7 0 1 0 0 1 0 0 0 0 0 6 0 1 0 0 0 0 1 0 0 1 1 0 0 0 1 9 0 1 1 0 0 2 0 2 0 0 1 1 1 0 1 6 0 7 0 6 1 0 1 9 0 0 5 2 3 0 1 4 0 1 1 0 0 0 1 1 0 0 1 0 1 1 0 0 1 0 0 5 0 0 0 0 0 5 7 2 0 0 7 0 0 1 0 2 0 0 0 1 0 0 0 1 2 0 0 0 0 0 0 1 0 1 1 0 0 1 1 0 0 0 2 0 0 0 1 3 0 1 5 0 0 2 0 3 0 0 0 1 1 0 0 0 1 1 0
421 2 2 9 2 9 14 2 2 11 2 2 0 0 8 11 1 3 9 3 0 9 8 4 0 0 3 4 11 6 1 11 0 0 4 3 0 3 1 0 0 0 0 0 2 6 0 8 1 2 0 3 0 3 0 1 12 2 2 9 1 0 0 1 0 0 7 2 1 2 2 0 0 2 0 2 3 1 0 2 0 0 1 1 10 2 1 0 1 0 1 3 1 9 0 1 1 0 0 0 0 0 0 3 6 0 0 0 0 0 0 0 1 0 3 2 2 0 0 1 8 0 0 0 1 0 0 1 1 0 1 0 0 0 0 0 5 0 6 1 6 0 0 1 13 0 0 6 6 1 0 3 2 0 3 4 0 1 0 0 1 1 0 1 0 0 3 1 0 1 1 0 3 0 1 3 0 1 0 9 2 1 0 5 0 1 1 0 1 0 1 1 0 2 0 1 1 1 0 0 0 1 0 1 0 0 0 2 2 0 1 0 0 0 1 14 1 1 0 6 2 0 2 8 1 0 3 0 4 1 1 0 1 0 0 0 0 0 0 0
686 0 3 5 2 5 4 0 0 9 1 1 0 0 6 5 0 0 1 4 0 10 3 2 0 4 6 2 2 3 1 5 0 0 8 4 0 1 1 0 0 0 0 1 1 2 0 7 0 1 1 3 0 2 0 0 7 2 0 2 2 0 0 0 0 0 3 1 0 0 0 0 0 1 0 0 1 0 0 0 0 0 2 0 1 2 0 0 0 0 0 3 0 3 0 1 0 1 1 0 0 0 0 0 5 0 0 0 0 0 0 0 0 0 2 1 0 0 0 0 2 0 0 0 0 0 2 0 0 0 0 0 0 0 0 3 0 0 3 1 0 0 0 1 5 0 0 2 0 0 0 2 4 0 1 0 0 0 0 1 0 0 0 0 0 0 2 1 0 0 0 0 2 0 1 0 0 0 3 4 0 0 0 4 0 0 0 0 1 0 0 2 0 0 0 0 0 0 0 1 0 0 1 0 0 0 0 1 0 0 0 0 0 0 0 3 0 0 0 2 2 0 0 1 0 1 5 0 0 0 0 0 0 0 1 1 0 1 0 0
605 0 3 7 3 4 3 0 1 7 0 1 0 0 10 7 0 0 4 5 0 15 8 7 0 1 10 7 5 9 1 4 0 1 9 2 1 0 1 0 0 0 0 0 0 1 0 3 0 1 0 0 1 1 0 0 8 1 1 1 2 0 0 2 0 0 6 1 1 0 1 0 0 2 0 1 4 0 1 1 0 0 4 0 1 2 0 0 0 0 0 4 0 6 0 0 0 0 0 0 0 0 0 0 5 0 0 0 0 0 0 0 0 0 4 1 0 2 0 0 4 0 0 0 0 0 2 0 1 0 0 0 0 0 0 1 3 0 2 1 1 0 0 2 8 0 0 7 0 0 0 1 1 0 1 4 0 0 0 1 1 0 0 0 0 0 1 1 1 0 0 0 1 0 0 0 0 0 0 7 0 2 0 9 0 0 0 1 0 0 0 8 0 1 0 0 0 0 0 0 0 0 2 0 0 0 0 0 0 0 0 0 0 1 0 7 0 0 0 5 3 0 0 2 2 0 0 0 2 1 1 0 0 0 1 0 0 0 0 0
587 0 3 8 2 12 4 0 1 15 6 0 0 1 5 7 0 1 4 10 2 17 5 9 0 3 6 4 17 5 0 11 2 0 13 3 0 0 0 0 0 0 0 1 4 6 0 3 0 6 0 7 1 2 0 0 5 2 2 6 4 0 0 1 0 0 6 2 1 0 0 0 1 1 0 0 4 1 0 3 0 0 3 0 10 1 0 0 0 0 0 1 0 7 0 1 0 0 1 1 1 0 1 1 0 0 1 0 1 0 1 0 0 0 4 0 0 0 0 0 3 0 0 1 0 0 0 0 3 0 0 0 0 0 0 0 6 0 6 0 0 0 1 0 12 0 1 15 0 1 0 6 6 1 0 8 1 0 0 1 0 0 0 1 0 0 0 0 1 0 0 0 4 0 1 3 0 0 1 12 1 0 0 12 0 0 2 0 0 0 0 5 0 0 0 1 0 1 0 0 0 0 0 1 1 1 3 3 1 0 1 0 0 1 0 6 1 0 0 10 0 0 0 2 3 1 0 1 2 0 0 0 0 0 0 0 0 2 0 0
638 1 3 10 0 18 13 3 2 25 1 1 0 1 12 26 1 1 9 9 0 16 13 2 0 8 7 4 22 8 1 19 1 0 7 5 0 1 0 0 1 0 0 3 5 9 0 8 0 9 0 15 0 1 0 0 8 7 3 7 2 1 2 1 2 0 1 2 1 0 0 1 0 2 2 0 1 3 0 1 0 0 3 0 17 8 0 1 0 1 0 6 2 13 0 0 1 2 2 1 1 2 0 1 11 0 0 0 2 0 0 1 0 1 1 1 1 2 0 1 20 0 1 1 0 0 0 0 2 0 1 0 1 0 0 0 0 1 8 1 1 2 1 1 12 0 0 2 0 0 0 4 4 0 0 5 0 0 0 1 0 0 2 4 1 0 0 2 0 0 0 0 0 0 1 1 0 1 4 3 1 1 0 4 2 0 5 0 4 2 0 1 0 0 0 0 1 0 2 0 2 1 2 1 1 0 1 2 1 0 1 1 0 1 0 2 2 0 0 8 5 0 0 3 4 0 2 2 2 1 0 0 0 0 0 0 0 1 0 0
431 0 3 17 3 9 9 2 2 19 0 2 1 0 12 9 0 3 7 7 0 12 8 9 0 6 5 14 7 13 2 7 2 0 15 4 0 2 1 0 0 0 0 2 4 7 0 10 0 1 0 3 0 3 0 1 9 1 0 4 3 0 2 0 0 0 7 1 0 0 0 0 0 3 2 2 1 0 0 8 0 0 4 0 4 1 1 0 0 0 1 9 1 5 0 2 0 0 0 0 0 2 0 1 7 1 0 0 2 0 1 0 0 0 1 2 0 1 1 0 7 0 0 0 0 0 2 0 2 0 1 0 1 1 0 1 4 0 5 0 3 2 1 1 6 0 0 10 5 0 0 7 1 1 0 1 2 0 0 0 1 0 1 0 0 1 0 0 0 0 0 0 1 0 0 0 0 0 5 8 4 0 0 10 2 1 4 0 1 0 2 2 0 0 0 0 1 0 0 0 0 1 1 0 2 0 0 0 1 0 1 0 0 0 0 7 0 0 0 4 6 0 0 4 4 0 1 0 2 2 0 0 0 0 1 0 0 1 0 0
469 1 2 6 0 4 10 1 1 23 2 3 0 0 8 15 0 1 4 11 0 14 8 6 0 4 10 3 16 5 1 13 0 0 10 7 0 0 0 0 0 0 0 2 8 5 0 10 0 1 0 4 0 0 0 0 6 1 2 3 2 0 0 0 0 0 7 1 1 0 0 0 0 2 2 0 2 0 0 6 0 0 2 0 7 2 3 1 0 1 0 5 1 2 0 0 0 0 1 0 1 4 1 2 15 2 0 0 0 0 0 1 0 0 4 1 0 1 0 0 17 0 0 0 0 0 0 0 2 0 1 1 1 0 0 0 1 0 6 0 1 1 1 0 10 0 0 5 0 0 1 1 2 0 0 1 0 0 0 2 0 0 0 0 0 2 0 0 0 0 0 0 0 0 0 0 0 2 5 7 0 0 1 13 0 0 3 0 3 1 0 7 0 0 0 0 2 0 0 1 0 2 0 0 1 0 1 1 2 0 1 0 0 0 0 3 0 0 2 1 3 0 0 2 4 0 1 0 1 1 0 0 0 1 0 0 0 2 0 0
386 0 2 6 0 9 11 1 2 22 2 1 0 1 10 17 0 4 9 4 0 14 12 7 1 5 3 3 15 8 1 16 0 0 8 5 1 1 0 0 2 1 0 2 5 5 0 8 0 3 2 5 1 2 0 2 4 4 1 6 2 1 1 3 1 0 10 1 4 0 0 0 0 1 3 2 0 1 0 2 0 0 1 0 11 3 1 0 0 1 0 9 2 7 0 4 1 0 0 1 0 2 1 3 7 1 0 0 0 0 0 0 0 0 3 1 1 0 0 2 13 0 0 1 0 1 1 0 2 0 1 1 1 0 0 0 5 0 5 0 3 3 1 3 9 0 0 7 3 0 4 4 4 1 1 4 0 3 0 0 0 0 0 2 0 0 0 3 0 0 0 0 0 0 1 0 0 0 4 5 1 1 0 6 0 0 3 1 3 1 0 4 0 0 1 1 2 0 1 1 1 3 0 1 1 3 1 1 2 0 1 0 0 0 1 6 0 1 0 6 3 0 1 8 4 0 1 1 2 1 1 0 2 1 0 0 0 1 0 0
3048 7 2 7 2 6 2 0 0 8 4 1 1 0 3 12 16 0 0 3 0 11 0 0 0 4 2 10 0 5 2 0 1 0 4 1 0 0 1 0 0 0 0 0 1 3 1 7 0 2 0 0 0 7 1 2 12 0 1 0 3 0 1 5 2 0 1 9 0 0 0 0 0 0 0 0 0 1 1 1 0 0 8 0 2 0 0 0 0 0 0 0 0 2 0 1 0 0 0 0 0 0 1 0 1 0 0 0 0 0 0 0 0 0 1 1 0 0 1 0 1 0 0 0 0 0 5 0 0 0 0 0 0 0 3 1 0 0 0 0 0 2 0 2 1 0 0 2 0 5 0 0 0 0 4 0 0 0 0 0 0 1 0 0 0 0 2 0 0 0 0 0 1 0 0 0 0 0 3 1 0 0 0 1 0 0 0 1 0 0 0 0 0 0 0 0 1 0 0 0 0 0 0 0 0 0 0 0 0 0 0 0 0 0 0 0 1 6 0 1 1 0 1 1 10 0 0 0 0 0 0 0 0 0 0 0 0 0 0 0
524 1 1 9 0 11 4 0 1 17 1 0 0 0 9 15 0 0 2 2 1 6 3 3 0 3 4 5 9 7 0 6 0 1 5 5 0 0 0 0 0 0 0 2 2 0 0 9 0 0 0 4 0 5 0 1 16 3 1 3 2 0 0 4 0 0 0 2 0 0 0 0 0 4 0 0 1 0 0 1 0 0 1 0 13 2 0 0 0 0 0 4 0 6 1 1 0 0 0 0 2 0 1 0 5 1 1 0 0 1 0 0 0 0 4 0 0 0 0 0 10 0 0 0 0 0 4 1 0 0 0 0 0 0 0 2 1 1 0 0 0 0 0 0 5 0 0 4 0 1 0 2 2 0 0 1 0 0 0 1 2 1 0 1 0 0 0 1 0 0 0 0 0 0 0 0 0 0 1 0 1 1 0 1 0 0 1 0 1 1 0 6 0 0 0 0 1 1 1 0 0 0 1 1 0 0 3 2 0 0 3 0 0 0 0 3 0 0 0 1 1 0 0 1 4 0 2 1 0 3 0 0 0 0 0 0 0 1 0 0
465 1 1 9 3 2 10 0 0 17 2 5 0 0 12 8 4 1 9 4 0 13 10 3 0 3 5 9 9 10 1 7 0 1 4 4 1 0 0 0 0 0 0 2 0 2 0 11 0 5 0 6 0 5 0 3 18 0 3 6 0 0 0 3 1 0 3 6 1 2 0 0 1 3 0 2 2 1 0 5 0 0 3 0 7 0 1 1 1 0 0 4 2 5 0 3 0 2 1 0 1 2 1 2 1 0 0 0 1 0 0 1 0 1 1 0 0 3 0 2 10 0 1 0 1 1 2 0 0 0 0 0 0 0 0 1 3 1 1 1 4 2 0 1 8 0 0 5 3 5 2 3 3 1 0 2 0 0 0 0 0 1 1 0 0 0 0 1 0 1 0 0 3 0 0 0 1 0 4 2 2 0 0 5 0 0 2 1 2 0 0 1 1 1 0 0 0 0 1 0 0 0 2 3 0 0 0 0 2 0 2 0 0 1 0 7 2 0 0 4 3 0 1 4 5 0 2 0 4 0 1 0 2 1 1 0 0 1 1 0
459 2 5 8 0 4 9 2 1 19 2 1 3 0 8 20 5 3 4 7 0 13 8 6 1 1 3 15 3 4 1 11 1 0 7 2 0 3 0 0 0 0 0 0 7 5 0 10 0 1 0 7 0 5 0 3 18 0 1 4 0 1 1 2 0 0 7 8 0 2 1 0 1 0 1 0 1 2 0 3 0 1 2 3 5 1 0 2 2 1 0 5 0 9 0 2 1 0 0 1 2 0 1 0 3 0 0 0 0 0 0 3 1 0 0 0 0 1 0 1 9 0 2 0 2 1 1 0 0 0 0 0 0 0 0 3 2 0 3 0 1 1 0 0 5 0 0 7 0 4 0 3 5 0 1 4 0 2 0 2 0 0 1 0 1 0 1 0 1 1 1 0 1 0 1 0 0 1 3 1 1 0 1 6 2 3 0 0 1 0 0 3 1 0 0 1 2 0 2 1 0 0 0 0 1 0 0 2 0 0 0 0 0 0 0 3 0 2 0 6 4 0 1 1 5 2 2 1 0 1 0 0 0 0 0 1 0 4 0 0
327 3 1 14 3 7 6 0 2 15 4 0 4 1 15 17 4 0 3 4 1 11 5 6 0 2 11 12 8 10 3 10 1 0 10 4 0 3 0 0 0 1 0 0 1 1 1 12 2 3 2 1 0 4 0 4 14 3 1 7 0 0 0 5 0 0 9 5 0 0 0 0 0 3 0 3 3 3 0 4 0 0 0 1 12 1 1 0 0 0 1 3 0 1 0 1 1 1 3 3 0 0 1 0 5 0 0 0 0 0 1 0 0 0 0 0 0 0 1 1 6 0 0 0 0 2 2 0 1 0 0 0 2 0 2 1 2 0 1 1 7 2 0 1 5 1 0 8 2 3 1 1 0 0 0 2 2 2 0 0 0 0 0 2 2 1 0 1 0 0 0 1 1 0 0 0 0 2 4 3 3 1 0 13 0 0 1 0 1 0 0 3 1 0 0 0 1 0 0 1 0 3 0 0 0 1 3 2 0 0 2 0 0 0 2 5 1 0 0 0 5 0 0 6 6 0 5 0 5 1 0 0 0 0 0 1 0 0 1 0
3118 1 4 4 1 4 6 0 0 5 3 0 1 0 1 4 2 0 3 5 0 7 0 0 1 4 1 12 1 4 2 1 0 0 3 0 2 0 1 0 0 0 0 1 1 0 0 9 0 3 1 0 0 2 0 4 5 0 1 1 7 0 0 3 2 2 0 4 1 0 0 0 0 0 0 0 0 9 0 3 0 0 2 0 0 0 0 0 0 0 0 0 0 1 0 0 0 0 0 0 0 0 1 0 0 0 0 0 1 0 0 0 1 0 0 2 0 0 0 0 0 0 0 0 0 0 1 0 1 0 1 0 0 0 2 2 0 0 1 1 0 1 0 1 0 0 0 1 2 0 0 0 0 0 1 0 0 0 0 0 0 1 0 0 0 0 1 0 0 0 0 0 1 0 0 0 0 0 2 0 1 0 1 0 0 0 0 1 1 0 0 0 1 0 0 1 0 0 0 0 0 0 0 0 0 0 0 0 0 0 0 0 0 1 0 0 0 2 0 0 0 0 0 1 2 0 0 0 0 0 0 0 0 0 0 0 0 0 0 0
631 3 2 10 1 12 10 2 2 13 2 1 0 0 13 19 0 1 2 11 0 13 13 5 0 3 6 3 10 5 2 8 3 0 10 5 3 0 1 0 1 0 0 1 0 3 2 4 0 1 0 3 0 0 0 0 5 1 1 4 4 3 3 1 1 0 3 3 1 0 3 1 0 0 0 0 3 4 0 3 0 0 4 0 10 1 0 0 1 2 0 4 0 7 1 2 1 2 0 1 0 1 0 0 11 0 1 0 0 0 0 3 2 0 0 2 0 5 1 3 7 0 0 0 0 0 2 0 0 0 1 1 1 0 0 2 3 1 2 1 3 1 0 0 7 0 0 3 6 1 0 2 1 2 3 3 1 3 0 0 0 2 0 0 0 0 1 1 0 1 0 0 2 1 1 1 0 0 0 4 3 0 0 8 1 1 1 0 1 0 0 2 2 0 0 2 2 1 0 2 1 1 1 0 0 2 1 0 2 0 0 0 0 1 0 12 0 0 0 4 5 0 0 1 0 1 1 0 3 0 0 0 0 1 0 1 0 0 0 1
3125 4 4 1 0 3 1 0 0 7 4 4 4 0 3 8 3 0 2 8 0 9 0 1 3 1 2 3 0 4 3 1 1 0 2 1 0 0 3 0 0 0 0 0 4 1 1 4 1 4 0 0 0 2 1 0 3 0 0 0 3 0 0 4 1 0 0 0 0 0 0 0 0 0 0 2 0 4 0 1 0 0 7 0 0 0 0 0 0 0 0 0 0 2 0 1 0 0 0 0 0 0 0 0 5 0 0 0 1 0 0 0 0 0 0 2 0 0 0 0 2 0 0 0 0 0 2 0 0 0 0 0 0 0 2 2 0 0 0 0 0 0 0 0 0 0 0 0 0 2 0 0 0 0 2 0 0 0 0 0 0 0 1 0 0 0 4 0 0 0 0 0 2 0 0 0 0 2 3 0 0 0 0 1 0 0 0 0 0 0 0 0 0 0 0 0 0 0 0 0 0 0 0 0 0 0 0 0 0 0 0 0 0 0 0 0 0 2 0 0 1 0 0 1 2 0 0 0 0 0 0 0 0 0 0 0 0 0 0 0
395 2 3 8 3 3 12 0 0 8 2 0 0 1 6 9 2 1 1 6 0 13 5 2 1 3 4 15 1 11 0 5 0 0 9 1 0 0 2 0 0 0 0 1 2 1 0 11 0 4 2 2 0 3 0 1 11 1 1 3 1 0 1 1 0 0 1 0 0 1 0 0 0 1 0 0 0 0 0 0 0 0 5 0 3 0 0 0 0 0 0 3 0 3 0 2 0 0 0 0 0 0 1 0 3 0 0 0 0 0 0 0 0 0 2 1 0 0 0 0 2 0 0 0 0 0 0 0 1 0 0 0 0 0 0 1 8 0 1 0 2 1 0 1 3 0 0 3 1 3 0 0 2 0 4 0 0 0 0 2 1 0 0 0 0 0 1 1 0 0 0 0 2 0 0 0 0 0 3 1 1 0 0 3 0 0 1 1 0 0 1 0 0 0 0 0 0 1 0 0 0 0 0 0 0 0 0 1 0 0 1 0 0 0 0 4 1 0 0 0 2 0 1 0 1 2 1 0 0 0 1 0 1 1 0 0 0 0 0 0
3034 2 2 3 0 12 14 0 0 6 3 3 2 0 3 7 3 0 3 5 0 13 0 0 5 4 0 16 0 4 4 0 0 0 4 1 0 0 2 0 0 1 0 0 4 0 0 5 1 5 1 0 0 4 0 8 17 0 1 1 11 0 0 1 0 1 0 5 0 0 0 0 0 0 0 0 0 7 2 1 0 0 5 0 0 0 0 0 0 0 0 0 0 1 0 0 0 0 0 0 0 0 0 0 1 0 0 0 1 0 0 0 0 0 3 1 0 0 0 0 4 0 0 0 0 0 1 0 0 0 1 0 0 0 1 2 0 0 0 0 0 2 0 0 0 0 1 0 1 1 0 0 0 0 2 0 0 0 2 0 1 1 1 0 0 0 5 0 0 0 0 0 3 0 0 0 0 0 12 0 1 0 0 0 0 0 0 0 0 0 2 0 0 0 0 0 0 0 0 0 0 0 0 0 0 0 0 0 0 0 0 0 0 0 1 0 0 1 0 0 2 0 0 0 6 0 0 2 0 1 0 0 0 0 0 0 0 0 0 0
212 0 0 3 0 9 4 0 1 1 0 0 1 1 2 1 0 0 0 3 0 5 1 1 0 0 2 0 1 3 0 1 0 0 3 0 0 0 0 0 0 0 0 0 1 2 0 2 0 0 0 0 0 0 0 0 2 1 1 0 4 0 0 1 0 0 1 2 1 0 0 0 0 1 0 0 1 0 0 0 0 1 2 0 0 1 0 0 0 0 1 1 0 1 0 0 0 0 1 0 0 0 0 0 2 0 1 0 2 0 0 0 0 0 0 0 1 0 0 0 4 0 0 1 1 0 0 0 0 0 0 0 0 0 0 0 1 1 1 1 0 0 0 0 0 0 0 1 1 0 0 1 4 0 0 1 1 0 0 0 0 0 0 0 0 0 0 0 0 0 0 0 2 0 0 0 0 0 1 0 1 0 0 2 0 1 0 0 0 0 0 0 0 0 0 0 0 2 0 0 1 0 0 0 0 0 0 0 0 0 0 0 0 1 0 1 0 0 0 1 0 0 0 0 0 0 0 0 1 2 0 0 0 0 0 0 0 0 0 0
1292 0 2 9 1 4 11 1 0 17 1 3 1 0 7 7 0 0 3 6 0 13 6 0 0 3 3 6 3 4 1 4 0 0 9 3 1 0 0 0 0 0 0 0 2 6 0 6 1 5 0 1 1 3 0 2 8 1 0 2 7 1 0 1 0 1 5 1 0 0 0 1 0 1 1 0 0 3 0 5 0 0 3 0 4 0 0 0 1 1 0 2 1 3 0 1 0 0 0 0 0 0 0 0 6 1 0 0 0 0 1 2 1 0 4 0 0 0 0 0 6 0 0 0 2 0 1 0 0 0 0 1 0 0 0 0 4 0 1 0 0 1 0 0 7 0 0 7 1 1 1 0 2 0 0 2 0 0 0 1 0 1 1 0 0 0 0 0 0 0 0 0 0 0 0 0 0 0 6 5 1 0 0 3 0 0 0 0 1 0 1 4 0 1 0 0 0 1 1 2 2 1 0 0 1 1 0 1 0 0 0 0 0 0 1 5 0 0 0 3 1 0 2 0 4 0 1 1 1 0 1 0 0 0 0 0 0 1 0 0
464 2 1 9 3 2 7 0 0 13 2 0 0 0 6 11 0 2 6 6 1 10 17 9 0 5 4 11 4 10 0 6 1 0 7 6 0 0 0 0 0 0 0 0 5 6 0 7 0 3 0 5 1 2 1 0 14 3 2 11 2 1 0 1 0 0 5 0 0 1 0 0 1 1 1 0 1 0 0 4 0 0 1 0 3 0 0 0 0 0 0 9 1 5 0 1 0 0 0 0 0 1 0 0 11 1 1 0 0 0 2 0 0 0 1 0 0 0 0 0 6 0 0 0 1 0 1 0 1 0 0 0 1 0 0 1 7 0 7 0 2 1 0 0 13 0 0 6 6 0 2 5 1 0 0 4 0 2 0 3 0 1 1 0 0 0 0 1 0 1 0 0 4 0 0 0 0 0 5 10 5 0 0 8 0 0 1 1 0 0 1 2 1 2 0 0 1 2 0 1 0 2 2 0 0 0 0 3 0 0 0 0 0 0 1 11 2 0 0 5 6 0 0 2 2 0 5 0 1 3 3 0 1 0 0 0 0 1 2 0
683 2 1 10 1 9 12 1 3 14 0 2 0 2 12 20 0 3 13 12 1 17 8 5 0 2 2 8 15 6 1 13 0 0 7 0 0 0 1 1 1 2 0 0 4 3 0 7 2 0 1 6 0 1 0 3 8 0 1 5 2 1 2 3 2 1 7 1 0 1 2 0 0 0 0 2 4 5 0 5 0 0 5 1 10 1 1 2 1 0 1 13 2 10 0 0 1 1 0 0 1 5 0 0 7 1 0 0 1 0 0 0 0 0 0 0 1 0 0 1 17 0 0 1 0 0 0 1 1 0 1 0 0 0 0 0 5 1 3 2 4 3 0 3 8 1 0 6 8 2 2 1 0 2 1 2 0 2 0 1 2 0 0 0 0 0 1 1 0 0 0 0 1 1 1 1 0 1 8 9 3 0 0 11 0 1 1 0 0 1 2 1 1 0 0 2 3 1 1 0 1 2 1 0 0 1 1 2 0 0 1 0 0 2 1 7 1 1 0 8 7 0 2 6 4 2 0 0 2 0 1 0 0 1 2 0 1 1 0 0
538 2 0 9 3 3 20 1 0 7 0 0 0 0 7 4 1 1 0 5 0 14 6 9 0 3 3 8 5 17 0 6 0 0 11 5 1 0 0 0 0 0 0 0 3 2 0 8 0 1 1 3 0 1 0 1 16 2 2 6 2 0 0 0 0 0 0 0 1 0 1 0 0 4 0 2 1 2 0 6 0 0 2 1 5 0 0 0 0 0 0 8 0 2 0 1 0 0 0 0 0 1 0 0 7 0 1 0 0 0 0 0 2 0 3 0 0 0 0 0 5 0 0 0 0 0 0 0 5 0 1 0 0 0 0 0 7 1 3 0 2 3 0 1 12 0 0 8 3 1 0 2 2 0 1 0 0 0 0 0 0 0 2 0 0 0 1 0 0 0 0 0 0 1 0 0 0 0 9 11 1 0 0 9 0 0 1 0 2 0 1 0 0 0 0 1 0 0 0 0 0 0 0 0 0 0 0 0 1 0 0 0 0 0 0 10 1 2 0 3 2 0 0 1 1 0 1 0 0 1 1 0 1 0 1 0 1 0 0 0
749 0 1 8 0 16 16 0 0 25 11 2 0 0 9 20 1 2 2 18 2 18 4 15 0 3 8 8 14 6 0 14 0 0 11 2 0 0 0 0 0 0 0 1 10 15 0 8 1 5 1 11 1 7 0 0 9 0 4 2 3 1 0 0 0 1 11 1 1 1 0 0 2 1 2 0 11 3 0 6 1 0 4 0 10 3 1 2 0 1 0 5 0 18 0 0 0 0 1 0 2 0 1 1 7 1 0 0 0 0 0 0 1 0 4 0 0 0 1 0 16 0 1 0 0 0 0 1 1 0 0 2 0 0 0 1 11 0 4 0 0 2 1 0 6 0 0 9 0 1 0 16 9 0 0 6 2 0 0 0 0 3 0 3 0 0 1 0 0 0 1 0 9 0 0 0 1 3 4 21 0 0 0 9 0 1 0 0 1 0 1 1 0 0 0 1 2 0 2 1 0 1 0 0 1 0 3 2 1 0 0 0 0 0 1 8 1 1 0 6 6 0 1 0 7 2 0 2 0 0 0 0 1 0 0 0 0 3 0 0
246 1 2 5 1 11 13 3 1 13 6 3 0 1 4 22 2 0 2 13 0 18 7 9 0 3 8 9 12 4 0 8 0 0 12 3 0 3 2 0 1 0 0 2 5 15 1 3 0 5 0 5 0 4 1 3 6 4 3 4 0 1 1 1 0 0 11 0 3 2 0 0 1 1 2 1 5 3 0 3 0 0 2 0 10 0 0 1 0 2 0 12 0 7 0 0 0 2 0 0 2 0 1 2 9 0 0 0 0 0 0 0 2 0 0 1 0 2 2 1 4 0 0 0 0 0 0 0 0 0 0 2 0 0 0 2 11 0 3 0 4 1 1 2 7 1 0 12 6 4 1 9 5 0 0 8 1 0 0 0 0 4 1 1 1 0 1 1 0 0 1 1 8 0 1 0 0 0 3 18 2 1 0 11 0 1 2 1 2 0 0 0 1 1 1 0 2 0 0 1 2 1 0 1 1 2 0 2 0 0 0 0 0 1 0 2 1 1 0 5 9 0 0 6 7 2 1 1 1 1 0 0 0 0 0 0 1 2 2 0
435 0 3 4 0 9 2 3 1 20 7 1 0 0 5 19 0 1 7 12 0 11 6 9 0 3 5 5 20 2 0 7 1 0 10 1 0 0 0 0 0 0 0 1 8 12 0 4 0 2 0 11 1 4 0 0 3 3 4 5 1 3 1 0 0 0 14 0 1 1 0 0 5 1 2 0 4 1 0 1 0 0 2 1 10 2 0 1 1 0 0 5 0 5 0 6 0 1 0 1 2 1 0 0 11 1 0 2 0 0 1 1 0 1 1 0 0 0 0 1 11 0 0 0 0 0 0 0 2 0 0 0 0 0 0 0 8 0 2 1 0 1 1 2 4 0 0 8 0 1 1 8 2 1 0 9 1 0 0 1 0 1 1 1 0 0 0 1 0 0 0 0 5 0 1 2 0 1 4 12 3 0 0 6 1 0 0 5 0 0 0 3 0 0 0 0 1 1 0 1 1 0 0 1 0 1 1 2 0 0 0 0 0 0 0 4 1 0 0 3 4 0 0 0 4 2 1 1 0 2 1 1 1 1 1 0 0 3 1 0
533 1 0 9 0 3 7 0 0 4 5 2 0 0 5 7 0 0 5 14 0 17 6 11 0 4 6 6 11 1 0 4 0 0 14 7 1 1 0 0 0 0 0 3 3 5 0 9 0 3 0 4 1 6 0 0 7 5 0 3 1 1 0 2 1 0 8 0 3 2 1 0 1 1 2 0 1 0 0 1 0 0 0 0 0 0 0 0 0 0 0 5 0 0 0 0 0 0 0 1 0 1 0 0 11 0 0 1 0 0 0 0 1 0 1 0 0 0 0 1 4 0 0 0 0 0 0 0 0 0 0 0 0 0 0 1 7 1 3 1 1 3 1 0 6 0 0 12 0 0 0 7 3 0 0 4 0 2 0 1 0 2 0 0 0 0 0 0 0 0 0 0 3 0 0 0 0 0 5 13 2 0 1 10 2 0 1 0 2 0 0 3 0 0 0 0 0 0 0 0 1 0 0 1 0 0 0 1 0 0 0 0 0 1 1 3 0 0 0 3 6 0 0 0 4 3 0 1 2 0 0 0 1 0 0 0 0 1 0 0
283 1 5 10 1 8 11 1 2 13 4 2 2 1 5 24 1 2 3 11 0 16 5 9 0 5 4 7 16 4 1 8 0 0 17 2 2 0 0 0 0 0 0 1 6 4 0 13 1 4 1 6 1 6 0 1 8 1 0 5 1 2 2 3 4 0 11 1 2 0 2 0 1 1 2 1 1 0 1 2 0 0 5 0 8 5 0 0 0 1 0 6 0 8 0 2 1 2 1 0 0 0 1 0 4 1 0 0 0 0 0 1 1 0 0 0 1 3 0 2 5 0 0 1 0 1 2 2 1 0 0 0 0 1 0 0 8 0 1 1 3 1 1 0 2 0 0 11 0 2 1 4 3 0 1 4 0 3 0 0 0 1 0 1 1 0 0 1 0 0 0 1 3 0 1 1 0 0 14 14 1 0 0 11 0 1 1 2 1 0 0 4 0 0 0 1 0 0 3 0 1 0 2 0 0 1 2 3 0 0 0 0 0 0 0 8 3 0 0 3 4 0 0 0 4 2 1 2 1 2 1 0 0 1 2 0 1 4 1 0
490 0 0 8 0 4 5 0 1 4 6 1 0 0 9 13 0 0 4 13 0 22 11 8 0 4 6 7 10 5 0 5 0 1 15 3 0 0 0 0 0 0 0 0 3 4 0 2 0 3 0 2 1 6 0 0 8 0 3 6 1 2 0 3 0 0 10 0 3 0 2 0 2 2 2 1 4 0 1 2 2 0 1 0 2 2 0 0 0 0 1 4 0 6 0 0 0 0 0 0 0 0 0 0 5 0 0 0 0 0 0 0 0 0 5 0 0 1 0 0 3 0 0 0 0 0 3 0 2 0 1 0 0 0 0 0 10 0 2 2 1 1 1 2 8 0 0 13 0 0 0 5 4 1 0 6 0 0 0 0 0 1 0 0 0 0 0 0 1 0 0 0 4 0 0 0 0 0 2 17 0 1 0 12 0 0 1 1 0 0 0 5 0 1 0 0 1 0 0 0 0 0 2 0 0 0 0 3 1 0 0 0 0 1 0 6 1 0 0 7 6 0 0 1 4 2 0 1 1 1 0 0 0 2 1 0 0 1 0 0
298 0 1 9 0 5 14 2 2 6 4 1 0 3 9 13 0 3 5 14 1 15 7 8 0 5 3 12 10 12 0 7 0 0 10 2 1 2 0 0 0 0 1 0 3 4 0 11 0 12 0 5 0 4 1 3 14 4 2 7 0 1 3 1 2 0 12 0 2 0 0 0 2 3 2 1 0 1 0 4 0 0 4 1 6 0 0 0 0 0 0 4 0 3 0 3 0 1 0 0 0 0 0 0 4 2 0 0 0 1 0 1 0 0 2 0 0 1 0 0 10 0 0 0 0 2 2 0 0 0 2 0 2 0 0 0 12 0 3 0 1 3 1 1 4 0 0 12 2 0 1 4 2 0 0 4 0 2 0 0 1 1 0 0 0 1 0 0 0 0 0 0 4 0 0 0 1 2 3 12 0 0 0 11 1 1 0 1 1 0 0 2 0 0 0 0 0 1 1 1 1 0 2 2 1 0 0 5 0 0 1 0 0 0 0 3 2 0 0 3 10 0 2 2 8 5 1 2 4 2 2 0 1 0 2 1 1 4 1 0
995 2 2 12 2 12 11 1 1 16 4 4 0 0 3 19 2 1 6 10 0 16 13 10 0 6 4 5 12 9 2 8 0 0 11 4 0 0 0 0 0 0 0 2 4 3 1 5 1 3 1 7 0 2 0 0 8 2 3 4 5 0 0 1 0 1 11 1 0 0 0 0 1 2 1 1 4 3 2 4 0 1 5 0 6 0 0 0 0 0 0 4 0 5 1 0 2 0 0 1 2 0 3 0 3 0 0 0 0 0 0 0 0 0 0 0 0 1 0 0 11 0 0 0 0 1 0 0 2 0 0 0 0 0 0 0 14 0 6 0 1 2 0 0 10 0 0 13 1 1 0 4 10 2 0 7 0 0 0 4 1 1 2 0 1 2 1 0 0 0 0 0 2 1 1 2 0 1 4 14 0 0 0 17 0 1 3 0 1 1 1 3 1 3 0 0 0 0 1 0 0 0 1 0 1 0 4 2 1 0 1 0 0 0 1 8 1 0 1 2 3 0 0 0 6 1 2 2 1 2 0 0 0 2 0 0 1 3 1 0
3127 4 4 3 0 7 4 0 1 8 4 2 1 0 1 3 9 0 0 8 0 7 0 2 3 2 3 7 0 4 0 0 0 0 2 0 0 0 2 0 0 0 0 0 4 0 0 1 0 5 0 0 0 5 0 0 5 0 1 0 4 0 0 2 0 0 0 0 0 0 0 0 0 0 0 0 0 4 0 1 0 0 4 0 2 0 0 0 0 0 0 0 0 3 0 0 0 0 0 0 0 0 0 0 1 0 0 0 0 0 0 0 0 0 3 1 0 0 1 0 0 0 0 0 0 0 1 0 0 0 0 0 0 0 3 1 0 0 0 0 1 0 0 1 0 0 0 1 1 3 0 0 0 0 2 0 0 0 0 0 0 0 0 0 0 0 5 0 0 0 0 0 2 0 0 0 0 0 1 0 0 0 1 0 0 0 0 1 0 0 1 0 0 0 0 0 0 0 0 0 0 0 0 0 0 0 0 1 0 0 1 0 0 0 0 0 0 3 0 0 0 0 0 1 3 0 0 1 0 0 0 0 0 0 0 0 0 0 0 0
3068 1 4 5 0 10 6 0 0 11 4 1 1 0 1 5 8 0 3 6 0 4 0 2 2 2 4 6 0 2 3 0 1 0 7 0 0 0 3 0 0 0 1 0 3 2 0 9 1 4 2 0 0 4 0 4 6 0 1 0 9 0 1 2 1 0 0 8 0 0 0 0 0 0 0 0 1 3 0 1 0 0 4 0 1 0 0 0 0 0 0 0 0 3 0 0 0 0 0 0 0 0 0 0 4 0 0 0 1 0 0 0 0 0 1 0 0 0 1 0 1 0 0 0 0 0 2 0 1 0 1 0 0 0 0 2 0 0 0 0 0 0 0 1 0 0 0 0 1 3 0 0 0 0 2 1 0 0 0 1 0 2 0 0 0 0 3 0 0 0 0 0 3 0 0 0 0 0 7 0 1 0 1 5 0 0 0 2 0 0 0 0 0 0 0 0 0 0 0 0 0 0 0 0 0 0 0 1 0 0 0 0 0 0 1 0 0 2 0 0 2 0 0 0 4 0 0 1 0 0 0 1 0 0 0 0 0 0 0 0
564 4 2 8 1 3 18 1 1 9 2 0 0 0 11 5 1 1 3 9 0 13 3 11 1 1 6 9 2 12 2 2 1 0 10 4 2 1 0 0 0 1 0 0 3 2 0 6 0 1 0 3 1 2 0 0 13 2 0 6 4 0 1 1 0 0 3 3 0 0 0 0 0 4 0 2 1 1 0 9 0 1 5 0 4 0 1 0 0 0 0 5 0 5 0 1 0 0 0 0 0 0 0 0 7 0 0 0 0 0 0 0 0 0 3 1 0 1 0 1 4 0 1 0 0 0 1 0 2 0 0 0 0 0 0 0 1 0 2 0 1 0 0 1 7 0 0 6 2 1 0 2 2 0 1 0 0 0 0 0 0 0 0 0 1 0 0 1 0 0 1 0 2 0 0 0 0 0 3 4 2 0 0 2 1 0 1 1 1 0 0 0 0 0 0 1 0 0 1 0 0 0 0 0 1 0 0 1 0 0 0 0 0 0 0 8 1 3 0 4 1 0 0 1 0 0 1 2 0 1 0 0 1 0 1 0 1 0 0 0
3045 1 2 7 1 2 4 0 1 8 4 7 0 1 3 3 9 0 1 7 0 17 0 2 6 3 3 16 0 3 4 0 0 0 6 2 0 0 6 0 0 0 0 0 6 0 0 2 0 3 0 0 0 7 0 5 5 0 3 0 3 0 0 1 0 1 0 7 0 0 1 0 0 0 0 2 0 0 0 1 0 0 4 0 2 0 0 0 0 0 0 0 0 2 0 0 0 0 0 0 0 0 0 0 0 0 0 0 0 0 0 0 1 0 6 2 0 0 0 0 1 0 0 0 0 0 5 0 0 0 1 0 0 0 0 1 0 0 0 0 0 0 0 1 0 0 0 0 2 4 0 0 0 0 5 0 0 0 1 0 0 0 0 0 1 0 4 0 0 0 0 0 5 0 0 0 0 0 12 0 0 0 1 2 0 0 0 2 0 0 0 0 0 0 0 0 0 0 0 0 1 0 0 0 0 0 0 0 0 0 1 0 0 0 0 0 0 3 0 1 1 0 0 1 5 0 1 0 0 0 0 0 0 0 0 0 0 0 0 0
3056 4 5 4 1 12 8 0 0 10 6 1 3 0 3 9 6 0 0 3 0 8 0 2 2 6 1 15 0 1 3 0 0 0 4 0 0 0 3 0 0 0 1 0 4 0 0 3 0 4 0 0 0 2 0 3 9 0 1 1 8 0 0 3 1 0 0 2 0 0 0 0 0 0 0 0 0 1 0 1 0 0 4 0 0 0 0 0 0 0 0 0 0 4 0 0 0 1 0 0 0 0 0 0 1 0 0 0 1 0 0 0 0 0 5 3 0 0 0 0 3 0 0 0 0 0 1 0 0 0 1 0 0 0 3 1 0 0 0 0 0 0 0 1 0 0 0 0 0 7 0 0 0 0 5 1 0 0 1 0 0 1 0 0 1 0 5 0 0 0 0 0 2 0 0 0 0 0 14 0 1 0 1 1 0 0 0 0 0 0 0 0 0 0 0 0 0 0 0 1 0 0 0 0 0 0 0 0 0 0 0 0 0 0 0 0 0 1 0 0 2 0 0 0 4 0 0 3 0 0 0 0 0 0 0 0 0 0 0 0
628 1 1 10 0 6 10 0 1 10 7 0 0 0 8 6 3 0 3 3 0 5 2 4 2 1 5 6 3 15 0 1 0 0 10 2 0 0 1 0 0 0 1 0 2 2 0 5 0 2 0 2 0 6 0 0 15 0 1 3 2 0 0 0 0 0 2 1 1 0 0 0 1 1 0 0 0 0 0 5 0 1 5 0 5 0 0 0 0 0 0 3 0 6 0 3 0 1 0 0 0 1 0 0 2 0 0 0 0 0 0 0 0 0 3 1 0 0 0 0 4 0 0 0 0 0 0 0 3 0 1 0 0 0 0 1 3 0 1 0 0 0 0 1 5 0 0 6 0 3 0 0 1 0 2 0 0 1 1 1 0 0 0 0 0 0 2 0 0 0 0 0 4 0 0 0 0 0 1 1 0 0 0 6 1 0 0 0 1 0 0 0 0 0 1 0 1 0 0 1 0 0 0 1 0 0 0 2 0 0 0 0 0 1 0 5 0 2 0 1 0 0 0 0 2 0 0 2 0 0 0 0 0 0 1 0 0 3 0 0
625 4 1 7 2 5 7 0 0 9 7 2 1 0 4 3 3 1 1 7 0 8 5 4 2 4 3 4 3 4 0 2 0 0 13 1 0 0 1 0 0 0 1 0 6 2 0 8 0 1 0 1 1 3 0 1 11 2 1 5 1 0 1 0 1 0 3 1 1 0 0 0 0 2 0 1 3 0 1 2 0 0 4 1 1 0 0 0 0 0 0 4 0 4 0 0 0 1 0 0 0 0 1 0 3 0 1 0 0 1 0 0 0 0 0 1 0 1 0 1 2 0 0 0 1 0 0 0 2 0 0 0 0 0 0 0 2 0 2 0 1 0 0 0 8 0 0 7 1 3 0 1 2 0 2 1 1 0 1 1 0 1 1 0 0 0 2 1 0 0 0 0 3 0 0 0 0 0 0 7 1 0 0 4 0 0 2 0 0 0 0 0 0 1 0 0 0 0 0 1 0 0 0 0 0 0 0 1 0 0 0 0 0 0 0 5 0 2 0 3 3 0 0 0 0 0 1 1 3 0 1 0 1 0 0 0 0 0 0 0
502 1 0 3 1 14 6 0 1 13 4 0 1 0 0 10 4 0 4 6 0 6 2 4 2 1 2 6 10 1 0 7 2 0 7 2 0 0 1 0 0 0 0 0 2 3 0 4 0 3 1 4 0 0 0 0 8 1 0 2 1 0 1 0 0 0 2 1 0 0 0 1 1 1 1 0 1 2 0 5 0 0 5 0 5 1 1 1 0 0 0 6 1 7 1 1 0 3 0 1 2 3 0 1 4 0 0 0 0 0 1 0 0 0 0 1 0 3 0 1 10 0 0 1 0 0 0 0 2 0 0 0 0 0 0 0 2 0 0 1 0 0 0 1 1 0 0 7 0 1 0 3 1 0 2 3 0 0 0 0 0 1 0 1 0 0 3 0 0 0 0 0 3 0 0 0 0 1 3 8 1 0 0 7 0 0 1 1 1 0 0 1 1 0 0 0 1 0 0 1 0 0 0 0 0 0 1 0 0 0 2 0 0 0 0 1 1 2 0 2 2 0 0 0 1 0 2 0 0 1 0 0 0 1 1 0 0 1 0 0
399 4 1 6 0 12 12 0 1 19 5 1 1 1 14 12 4 0 4 5 0 6 5 7 4 8 5 5 9 12 1 10 0 0 7 4 1 2 1 0 0 0 0 2 3 3 1 7 0 3 3 4 1 1 0 1 12 2 0 5 1 0 0 3 1 0 4 2 1 1 1 0 0 2 1 0 4 2 1 1 0 0 5 0 4 0 1 1 0 1 0 7 1 11 0 2 0 2 1 0 1 0 0 0 4 1 0 0 1 0 1 0 0 0 0 1 0 2 0 1 7 0 1 0 1 0 0 1 1 0 0 0 0 0 0 0 1 0 5 1 3 0 0 0 5 0 0 4 5 2 0 3 0 0 2 2 0 0 0 1 0 1 1 1 1 2 2 1 0 0 0 0 3 0 0 0 0 1 3 3 0 0 0 5 0 0 1 1 0 0 0 2 0 0 1 0 2 2 0 3 2 0 2 2 0 0 0 2 0 0 0 0 0 1 0 8 1 3 0 4 4 0 0 6 1 1 1 4 1 1 0 1 1 1 1 0 0 2 0 0
385 3 4 13 3 9 9 3 1 21 6 2 0 1 8 15 5 4 8 5 1 14 8 7 3 2 5 6 8 4 0 6 0 0 7 5 1 3 1 0 2 0 1 2 5 0 1 5 0 0 0 5 2 1 0 3 8 3 6 8 1 0 1 0 2 0 7 1 1 0 0 0 0 1 0 1 2 1 0 3 0 0 7 0 8 1 1 2 0 0 0 4 0 14 0 2 0 4 4 1 2 1 0 0 5 0 0 0 0 0 0 0 0 0 1 1 0 3 0 1 8 0 0 1 0 1 0 2 0 0 0 0 1 0 0 1 4 1 2 1 2 4 0 1 8 0 0 6 4 6 1 4 2 1 2 3 1 1 1 0 0 0 1 0 0 0 3 0 0 1 0 1 3 0 0 1 0 1 5 2 2 0 0 8 1 0 1 1 2 1 0 3 0 1 0 0 1 0 0 3 1 0 1 1 0 1 1 1 1 0 0 1 0 2 1 7 2 2 0 2 2 0 0 4 2 0 0 1 3 1 1 0 1 1 1 0 0 1 1 0
3090 2 3 4 0 8 7 0 0 3 4 2 0 0 2 7 4 0 1 5 0 5 0 2 0 2 2 12 1 2 1 0 0 0 6 1 0 0 5 0 0 0 1 0 5 0 0 5 0 4 0 0 0 2 0 1 10 2 1 0 8 0 0 0 1 1 0 9 0 0 0 0 0 0 0 0 0 2 0 1 0 0 4 0 0 0 0 0 0 0 0 0 0 1 0 2 0 0 0 0 0 0 0 0 2 0 0 0 1 0 0 0 0 0 5 4 0 0 0 0 2 0 0 0 0 0 0 0 0 0 1 0 0 0 0 2 0 0 0 0 0 0 0 1 1 0 0 0 2 2 0 0 0 0 4 0 0 0 1 0 0 3 0 0 0 0 2 0 0 0 0 0 2 0 0 0 0 0 4 0 3 0 3 2 0 0 0 2 0 0 0 0 0 0 0 0 0 0 0 0 0 0 0 0 0 0 0 0 0 0 0 0 0 0 1 0 0 1 0 1 1 0 0 0 1 0 0 4 0 0 0 1 0 0 0 0 0 0 0 0
245 0 0 0 2 7 2 0 0 7 0 0 0 1 6 2 0 1 1 2 1 3 1 5 0 1 3 0 2 1 0 2 0 0 3 2 0 0 0 0 0 1 0 0 1 0 0 3 0 0 1 4 0 0 1 0 4 3 0 1 5 0 1 0 0 0 3 1 2 1 0 0 1 1 0 0 1 0 0 2 0 0 1 1 4 0 1 0 0 0 0 2 1 1 0 1 0 0 1 0 0 0 1 0 3 1 0 0 0 1 0 0 0 0 0 0 0 0 0 0 1 0 1 0 0 2 0 1 0 0 0 0 0 0 0 0 1 0 2 1 0 0 0 0 2 0 0 2 0 1 0 2 1 1 0 1 0 0 0 0 0 0 0 0 0 0 0 0 0 0 0 0 2 0 1 0 0 1 2 4 0 0 0 3 0 1 0 0 1 0 0 0 0 0 0 1 0 1 0 0 0 0 0 0 1 0 2 0 0 0 0 0 0 0 0 2 0 0 0 0 0 0 0 0 0 0 0 0 0 0 0 0 0 0 1 0 0 1 0 0
3108 7 4 5 0 2 5 0 0 6 2 1 5 0 3 6 5 0 2 7 0 12 0 4 0 1 1 11 0 6 1 1 0 0 1 0 0 0 4 0 0 0 0 1 0 1 2 1 0 2 0 0 0 3 1 1 6 0 0 2 1 0 1 4 1 0 0 6 0 0 0 4 0 0 0 2 0 2 0 1 0 0 2 0 1 0 0 0 0 0 0 1 0 4 0 0 0 1 0 0 0 0 0 0 3 0 0 0 0 0 0 0 0 0 0 2 0 0 1 0 0 0 0 0 0 0 1 0 0 0 0 0 0 0 2 0 0 0 0 0 2 0 0 2 0 0 0 0 4 1 0 1 0 0 2 0 0 0 0 0 0 1 1 0 0 0 1 0 0 0 0 0 3 0 0 1 0 0 0 1 0 0 0 0 0 1 0 1 0 0 0 0 0 0 0 0 0 0 0 0 0 0 0 0 0 0 0 0 0 0 0 0 0 0 0 0 0 1 0 3 1 0 0 2 1 0 0 0 0 0 0 0 0 0 0 0 0 0 0 0
3041 7 5 2 0 7 8 0 0 14 6 3 1 1 5 4 8 1 0 11 0 11 0 3 3 5 1 13 0 4 2 0 0 0 5 2 1 0 2 0 0 0 2 0 5 1 0 6 2 3 0 0 0 2 1 3 4 0 2 0 7 0 1 1 1 2 0 5 0 0 0 0 0 0 0 3 0 3 1 2 0 0 3 0 4 0 0 0 0 0 0 0 0 3 0 2 0 0 0 0 0 0 0 0 1 0 0 0 0 0 1 0 0 0 0 2 0 0 1 0 0 0 0 0 0 0 4 0 1 0 0 0 0 0 2 4 0 0 0 0 0 0 0 0 0 0 0 1 0 4 0 0 0 0 2 0 0 0 2 0 0 1 0 0 0 0 3 0 0 0 0 0 2 0 0 1 2 0 6 0 1 0 0 2 0 1 0 0 0 0 0 0 0 0 0 0 0 0 0 0 0 0 0 0 0 0 0 0 0 0 0 0 0 0 1 0 0 1 0 1 2 0 0 1 3 0 0 1 0 1 0 0 0 0 0 0 0 0 0 0
385 2 1 2 0 7 12 0 1 11 6 1 0 1 6 7 1 1 0 9 0 13 0 7 0 1 4 8 6 9 0 16 0 0 4 1 0 0 0 0 0 0 0 0 4 6 0 9 0 3 1 4 0 4 0 0 16 0 0 0 1 0 0 1 0 0 4 2 1 0 0 1 1 1 0 1 4 0 0 1 0 0 2 0 9 0 0 0 1 1 0 2 0 6 0 0 0 0 1 1 0 0 1 0 0 1 3 0 0 0 0 3 0 0 7 0 0 0 0 0 7 0 2 0 0 0 0 0 1 0 0 0 0 0 0 3 5 0 0 0 0 0 0 0 1 0 0 9 1 1 0 7 7 0 0 3 1 0 0 3 0 1 0 0 0 0 0 0 0 0 0 0 4 0 0 1 0 0 4 10 2 0 1 7 0 0 1 0 2 0 0 1 0 1 0 0 0 0 0 1 1 0 0 0 0 0 0 0 1 0 0 0 0 1 0 4 0 0 0 3 0 0 0 0 2 2 2 0 0 0 0 0 0 0 0 0 1 0 0 0
648 3 2 6 1 6 13 0 0 5 1 2 0 0 11 9 0 1 1 8 0 9 2 2 0 2 6 14 2 4 0 4 1 0 10 0 0 0 0 0 1 0 1 0 3 1 0 15 0 5 0 0 0 1 0 2 7 1 0 1 2 0 0 2 0 0 4 1 0 0 0 0 0 1 0 1 4 2 0 3 0 0 2 0 0 1 0 0 0 0 0 4 0 5 0 0 0 0 0 0 0 0 0 0 1 0 0 0 0 0 0 0 0 0 0 0 0 0 0 0 2 0 0 0 0 0 0 0 1 0 0 0 0 0 0 2 0 0 0 0 0 0 0 0 3 0 0 3 1 1 0 1 1 0 0 2 0 3 1 0 0 0 0 0 1 0 0 0 1 0 0 0 2 0 0 0 0 0 6 7 1 0 1 6 0 0 0 0 0 0 0 0 0 0 0 0 0 0 0 0 0 0 0 1 0 0 0 1 0 0 0 0 0 0 0 4 0 0 0 4 2 0 0 2 4 0 1 0 0 0 0 0 0 0 0 0 0 1 0 0
417 6 2 6 5 7 17 0 0 16 0 2 1 0 10 14 0 1 8 11 0 16 10 8 0 2 8 10 9 7 0 6 2 1 9 5 1 0 0 0 1 0 1 2 4 2 2 8 0 0 1 5 1 3 1 3 11 0 3 3 2 0 2 2 1 0 9 2 1 0 0 0 0 2 2 3 7 1 2 1 0 0 4 1 10 0 1 0 0 1 2 6 1 3 1 5 0 0 1 0 2 0 0 0 9 1 0 0 0 0 1 1 1 0 0 0 0 0 0 0 10 0 0 1 0 0 1 1 5 0 1 0 0 0 0 3 0 0 3 3 1 1 0 2 4 0 0 12 5 3 0 2 0 1 1 0 0 4 1 1 0 0 3 0 2 0 0 1 0 1 0 0 5 0 0 0 0 2 0 4 2 0 0 5 0 0 0 1 0 0 1 1 0 0 0 3 1 0 0 0 0 0 1 1 0 1 3 0 0 0 1 0 0 3 0 8 0 1 0 6 9 0 1 5 3 0 1 1 2 2 1 0 0 1 0 0 0 2 2 1
584 5 1 4 1 4 11 0 2 6 3 3 0 0 7 4 0 0 8 9 0 11 10 8 0 7 5 12 3 4 0 2 0 0 10 3 0 0 0 0 0 0 1 0 2 5 0 7 0 0 0 1 0 1 0 1 9 2 0 8 2 0 0 1 0 0 8 1 1 0 0 0 0 0 0 1 2 1 0 1 0 0 2 0 1 2 0 0 0 0 0 7 0 2 0 0 0 0 0 0 1 0 0 0 10 0 0 0 0 0 0 0 0 0 2 0 0 1 0 1 2 0 0 0 0 0 0 0 0 0 0 1 1 0 0 2 2 0 9 0 1 0 0 0 8 0 0 10 0 1 0 2 2 0 0 2 0 0 1 0 1 0 0 0 0 0 0 0 0 0 0 0 6 0 0 0 0 0 0 3 1 0 0 9 0 0 2 0 1 0 0 3 0 0 0 0 0 0 0 1 0 0 0 0 0 0 0 0 1 0 0 0 0 0 1 7 0 0 1 2 6 0 0 1 1 0 1 0 2 0 1 0 0 1 1 1 0 1 0 0
601 3 0 10 0 4 9 1 2 8 2 1 0 0 10 4 0 0 1 5 0 13 4 3 0 4 5 11 6 5 0 3 0 0 10 3 1 0 0 0 0 0 1 0 1 2 0 10 0 2 2 3 0 2 0 1 8 6 0 4 2 0 0 1 0 0 4 1 1 2 1 0 0 1 0 1 1 0 0 2 0 0 1 0 1 0 1 0 0 0 1 3 0 3 0 0 0 0 0 0 1 2 0 1 10 1 0 0 0 0 0 0 0 0 3 0 0 1 0 1 5 0 1 0 0 0 0 0 0 0 0 0 1 0 0 2 2 0 3 1 0 2 0 4 7 0 0 2 1 1 0 1 2 0 0 1 0 0 1 0 0 1 0 0 0 0 0 0 0 0 0 0 1 0 0 0 0 0 1 4 1 1 0 8 0 0 1 0 2 0 0 4 1 0 0 0 0 1 0 1 1 0 0 1 0 0 0 0 0 0 0 0 0 1 1 8 1 0 0 1 3 0 0 3 2 0 2 0 0 1 2 0 1 0 0 0 0 0 0 0
325 3 3 12 3 3 18 3 2 7 2 1 1 0 7 13 0 2 2 6 0 17 8 9 1 4 6 12 6 10 1 3 2 0 7 3 2 1 1 0 0 0 1 1 2 2 0 10 1 2 0 2 0 1 0 3 6 3 0 4 1 0 2 2 1 1 10 1 0 0 1 0 2 2 2 3 1 0 0 3 0 1 4 2 8 2 0 1 0 0 1 8 1 5 0 2 1 1 0 0 1 3 0 0 6 0 0 0 0 0 0 0 0 0 1 0 3 1 0 2 4 0 1 0 1 0 1 0 1 0 0 1 0 0 0 1 4 0 3 1 1 2 1 3 9 0 0 8 2 4 0 3 2 0 0 3 1 1 1 1 0 3 1 0 1 0 0 2 0 0 0 0 1 0 0 1 0 1 1 3 0 0 0 12 0 0 1 2 0 0 1 4 1 1 0 0 1 2 1 0 0 0 0 0 1 0 0 4 1 0 1 0 0 2 0 2 3 0 0 2 5 0 1 5 4 0 1 1 3 0 1 0 0 1 0 0 1 1 0 0
400 4 2 16 1 7 18 3 3 17 1 7 1 0 16 12 0 0 2 5 0 13 2 6 0 0 3 13 5 7 1 5 0 1 6 3 2 0 0 0 0 0 1 0 5 0 0 14 2 2 0 3 0 1 0 1 7 0 2 2 1 0 0 2 0 0 4 1 1 2 0 1 0 1 1 2 3 2 0 5 0 0 2 0 8 0 1 0 0 0 0 1 0 4 0 1 0 0 0 1 2 0 0 0 5 0 1 0 1 0 0 0 0 0 1 0 1 2 0 0 8 0 1 0 0 0 0 0 1 0 0 0 1 0 1 2 4 0 3 3 5 1 0 0 1 1 0 3 2 2 2 1 2 0 0 0 0 0 1 2 0 0 2 0 0 1 2 1 0 0 1 1 1 0 0 0 0 0 5 1 0 0 0 10 0 1 0 2 1 0 2 3 1 0 0 0 0 0 0 2 0 0 1 0 0 0 1 0 0 0 1 1 0 2 0 7 1 0 0 2 2 0 0 4 2 1 3 0 3 2 2 1 0 0 1 0 1 2 2 0
3116 2 6 8 2 3 5 0 0 10 7 0 3 0 1 6 2 1 2 4 0 5 0 1 3 4 2 6 0 4 1 0 0 0 4 1 0 0 0 0 0 0 0 1 0 0 0 3 0 3 1 0 0 1 0 2 4 0 2 0 2 0 0 3 0 0 0 3 0 0 0 0 0 0 0 0 0 6 0 1 0 0 7 0 1 0 0 0 0 0 0 0 0 2 0 1 0 0 0 0 0 0 0 0 1 0 0 0 0 0 0 0 0 0 8 0 0 0 0 0 2 0 1 0 1 0 1 0 1 0 0 0 0 0 0 2 0 0 1 0 1 0 0 1 0 0 0 1 0 3 0 0 0 0 1 0 0 0 0 1 0 0 0 0 0 0 2 0 0 0 0 0 2 0 0 0 0 0 3 0 0 0 1 0 0 0 0 2 0 0 0 0 0 0 0 0 0 1 0 1 0 0 0 0 0 0 0 0 0 0 0 0 0 0 0 0 0 0 0 2 2 0 0 1 2 0 0 2 0 1 0 0 0 0 0 0 0 0 0 0
3104 5 2 4 0 3 1 0 0 9 5 1 1 0 2 8 5 0 2 6 0 12 0 1 0 1 2 10 0 4 1 0 1 0 5 3 0 0 1 0 0 0 1 0 2 2 0 7 0 5 0 0 0 4 0 2 7 0 2 0 1 0 2 1 1 0 0 0 0 0 0 0 0 0 0 1 0 3 0 1 0 0 6 0 0 1 0 0 0 0 0 0 0 3 0 1 0 0 0 0 0 1 0 0 1 0 0 0 1 0 0 0 0 0 2 0 0 0 2 0 2 0 0 0 0 0 3 0 0 0 2 0 0 0 3 3 0 0 1 0 0 0 0 0 0 0 0 0 0 1 0 0 0 0 1 0 0 0 0 0 0 1 0 0 0 0 2 0 0 0 0 0 1 0 0 0 0 0 5 0 0 0 0 3 0 0 0 3 0 0 0 0 0 0 0 0 0 0 0 0 0 0 0 0 0 0 0 0 0 0 0 0 0 0 0 2 0 0 0 3 0 0 0 1 1 0 0 2 0 0 0 1 0 0 0 0 0 0 0 0
332 2 2 1 0 5 0 1 0 5 1 1 0 0 1 3 2 1 2 5 1 8 4 5 1 1 1 2 4 4 0 0 0 0 4 0 0 0 1 0 0 0 0 0 2 0 0 3 0 1 0 0 1 2 0 0 4 0 1 1 0 0 0 2 0 0 6 2 0 0 0 0 0 1 0 2 0 1 0 2 0 0 1 0 1 0 0 0 0 0 0 3 0 2 0 0 0 0 0 0 0 0 0 0 3 1 1 0 0 0 0 0 0 0 0 1 0 0 0 0 2 0 0 1 0 0 2 0 1 0 1 0 0 0 0 0 4 1 3 0 1 0 0 1 6 0 0 2 0 1 1 1 1 0 0 2 0 0 0 0 0 0 0 0 0 0 1 0 0 0 0 0 1 0 0 0 0 0 1 4 0 0 0 1 0 0 0 1 0 0 1 1 1 0 0 0 0 0 0 0 0 0 0 0 0 0 0 1 0 0 0 0 0 0 0 2 1 0 0 0 1 0 0 2 0 0 2 0 1 2 1 0 0 2 0 0 0 1 1 0
3140 3 0 3 1 9 11 0 1 0 0 2 1 0 2 3 1 0 0 5 0 4 0 1 1 4 0 13 1 2 2 0 0 0 4 1 1 0 2 0 0 1 0 0 1 0 0 4 0 6 0 0 0 2 0 5 9 0 0 0 2 0 0 2 2 0 0 0 0 0 0 0 0 0 0 2 0 0 1 1 0 0 1 0 0 0 0 0 0 0 0 0 0 1 0 0 0 0 0 0 0 0 0 0 1 0 0 0 2 0 0 0 0 0 0 0 0 0 0 0 4 0 0 0 0 0 0 0 0 0 2 0 0 0 0 1 0 0 0 0 0 0 0 1 1 0 0 0 2 2 0 0 0 0 1 0 0 0 1 0 0 0 0 0 0 0 1 0 0 0 0 0 2 0 0 0 0 0 6 0 0 0 2 4 0 0 0 1 0 0 0 0 0 0 0 0 0 0 0 0 0 0 0 0 0 0 0 0 0 0 0 0 0 0 0 1 0 0 0 0 2 0 0 1 2 0 0 1 0 0 0 1 0 0 0 0 0 0 0 0
353 1 0 7 2 15 9 0 0 13 1 1 0 2 12 11 1 0 5 9 1 11 5 8 2 3 5 5 11 6 1 10 0 0 5 4 2 1 2 0 0 1 0 0 3 4 1 8 0 7 1 4 3 1 2 5 4 3 3 1 3 2 1 1 0 0 6 0 0 0 1 0 1 0 2 1 1 0 1 3 0 0 1 1 12 3 0 0 0 1 1 7 1 9 0 0 1 1 1 0 0 1 0 0 4 3 1 0 1 0 0 2 1 0 0 0 0 1 1 1 15 1 1 0 1 0 2 1 2 0 0 0 0 1 0 2 1 1 2 1 0 0 0 1 4 0 0 3 6 1 1 1 3 0 0 3 0 2 0 3 0 0 2 2 1 0 1 0 0 1 0 0 3 0 1 0 0 0 0 4 1 1 0 8 1 0 1 2 3 0 0 2 2 0 0 3 1 0 3 0 1 0 1 0 2 0 3 1 1 0 3 0 0 3 0 8 1 0 0 5 2 0 0 3 6 1 1 0 1 1 1 0 0 0 1 1 0 2 1 0
406 3 1 5 1 13 10 0 0 12 1 1 1 1 12 14 0 1 5 6 0 11 1 3 1 5 6 10 3 8 1 8 0 1 5 3 2 0 2 0 0 2 0 1 3 2 1 9 0 5 0 6 0 2 1 7 10 2 2 5 2 0 3 1 1 0 2 0 0 1 0 0 0 0 0 3 2 3 1 6 0 0 3 3 7 1 0 0 0 1 0 4 0 10 0 1 0 0 0 1 3 0 1 1 7 1 1 0 1 0 0 0 1 0 0 0 0 1 0 1 7 0 1 0 1 0 0 1 0 0 0 0 0 0 1 2 0 0 1 0 4 0 0 1 5 0 0 3 4 2 0 1 1 1 1 2 1 4 0 3 0 0 2 0 1 0 2 0 0 0 1 0 4 0 1 0 0 0 1 1 2 0 0 5 0 0 4 0 1 0 0 3 0 0 0 0 1 0 0 0 0 1 0 0 0 1 1 2 0 0 0 0 0 0 1 5 0 0 0 6 4 0 1 5 2 1 0 0 0 0 0 0 1 2 0 0 1 0 0 0
421 4 3 7 1 14 13 1 1 15 2 2 0 2 10 17 1 2 2 4 0 11 2 9 1 0 6 7 11 2 1 6 2 0 4 2 2 0 2 0 0 2 0 1 1 6 0 10 1 2 1 7 1 3 0 8 13 1 1 4 3 0 0 0 1 0 2 1 2 2 2 0 1 3 1 1 1 2 0 5 0 0 4 0 6 0 1 1 0 1 0 8 0 5 0 2 1 2 1 0 0 1 0 0 3 1 0 0 1 0 0 0 1 2 5 0 0 2 0 0 9 1 0 0 0 3 0 0 1 0 1 1 0 0 0 1 2 0 3 1 3 3 0 2 8 0 0 9 3 0 3 4 0 0 1 1 0 0 0 0 0 0 2 4 0 1 2 0 1 0 1 0 2 0 0 0 0 2 6 5 2 0 0 8 0 1 0 0 1 0 0 2 1 1 0 1 3 0 0 1 0 0 1 0 0 2 7 0 0 0 1 0 0 0 0 8 0 0 0 4 4 0 0 6 0 1 0 2 0 2 0 0 0 1 0 1 0 1 0 0
162 2 1 2 0 7 3 1 0 4 4 2 2 0 2 6 0 1 0 5 1 8 1 7 0 0 0 2 4 2 0 5 0 0 4 2 1 0 0 0 0 0 0 1 1 4 0 5 0 0 2 5 1 4 0 0 1 1 2 2 0 0 0 0 0 0 5 0 0 0 1 0 0 4 1 0 3 2 2 2 0 0 1 0 4 0 0 0 0 1 0 3 2 3 0 0 1 0 0 0 1 0 0 0 1 0 0 0 0 0 0 0 0 0 4 0 0 1 0 0 4 0 0 0 0 0 0 0 2 0 0 1 0 0 0 0 2 0 3 2 0 0 1 2 4 0 0 6 0 0 1 2 0 0 0 1 0 0 0 1 0 0 1 3 0 0 0 0 1 0 0 1 2 0 0 0 0 0 5 7 1 0 0 8 0 0 1 0 1 0 0 0 0 0 0 0 2 0 0 0 0 0 0 0 0 1 1 1 1 0 2 0 0 0 0 4 0 0 0 4 2 0 0 1 0 1 1 2 0 1 0 0 0 0 0 0 0 1 0 0
333 5 6 7 1 7 12 4 1 19 2 3 0 1 8 13 1 2 5 12 0 13 5 5 1 6 8 7 5 7 1 4 1 0 6 2 1 1 4 0 0 1 0 0 2 2 0 10 0 5 2 4 0 3 0 4 6 4 3 3 1 1 1 0 0 0 12 1 1 0 0 0 0 2 0 4 4 2 0 2 1 0 4 1 9 2 1 0 0 0 0 6 0 4 1 3 1 1 1 0 0 1 2 1 4 1 0 0 1 0 0 1 0 0 4 0 1 2 0 0 8 0 2 0 1 0 0 2 3 0 2 0 0 0 0 1 3 0 6 0 1 3 0 0 6 0 1 5 3 1 2 6 4 0 2 4 0 0 0 2 0 0 0 0 0 0 2 0 0 0 0 0 2 0 0 0 0 3 2 5 1 0 0 12 0 0 1 0 2 0 0 3 1 1 1 3 2 1 0 2 1 0 0 0 0 0 1 2 0 0 0 0 0 1 0 3 1 2 0 6 3 0 0 3 6 1 1 2 1 2 1 0 1 1 0 0 0 2 0 0
653 1 0 4 2 7 10 1 2 3 0 1 0 0 3 3 0 1 2 7 0 6 4 5 1 1 4 5 1 6 1 3 0 0 6 2 1 0 2 0 0 1 0 0 3 3 0 6 0 4 1 4 0 2 0 5 12 1 0 7 2 0 0 1 1 0 3 0 1 2 0 0 0 3 1 2 1 1 0 3 0 0 1 1 0 0 1 0 0 0 0 5 0 4 0 1 0 0 0 0 0 0 0 0 3 0 0 0 1 0 0 0 0 0 4 0 0 0 0 0 4 0 0 0 1 0 0 0 0 0 1 0 0 0 0 1 2 1 3 0 0 0 0 0 2 0 0 3 2 1 0 3 2 0 0 0 0 0 0 0 0 0 0 0 0 0 1 0 0 0 0 0 2 0 0 0 0 0 2 6 0 0 0 10 1 0 1 0 0 0 0 0 0 1 0 0 0 1 0 0 0 1 0 1 0 0 0 3 0 0 0 0 0 1 0 4 0 0 0 3 1 0 0 1 0 0 1 0 2 0 0 0 0 1 1 0 0 0 0 0
3115 1 6 5 0 0 4 1 0 8 1 3 3 0 3 6 3 0 1 7 0 10 0 2 2 2 2 11 0 3 0 1 0 0 7 2 0 0 2 0 0 0 0 0 1 0 0 2 0 6 1 0 0 5 0 1 3 0 1 0 1 0 1 1 1 0 0 3 0 0 0 2 0 0 0 1 0 5 0 2 0 0 7 0 1 0 0 0 0 0 0 0 0 2 0 1 0 0 0 0 0 0 0 0 0 0 0 0 1 0 2 0 0 0 1 0 0 0 2 0 2 0 0 0 0 0 1 0 0 0 1 0 0 0 2 2 0 0 1 0 0 0 0 1 0 0 0 0 1 3 0 0 0 0 1 0 0 0 0 0 0 0 0 0 0 0 2 0 0 0 0 0 1 0 0 0 0 0 6 0 0 0 0 1 0 0 0 0 0 0 0 0 0 0 0 0 0 0 0 0 0 0 0 0 0 0 0 0 0 0 0 0 0 0 0 2 0 1 0 2 3 0 0 0 2 0 0 0 0 0 0 0 0 0 0 0 0 0 0 0
420 1 5 10 2 7 6 2 1 19 4 0 1 0 5 20 0 1 4 7 1 9 7 9 1 3 2 4 10 4 3 9 3 0 3 4 2 1 1 0 1 0 1 0 4 3 1 8 1 6 0 7 0 4 2 4 7 3 4 5 3 0 2 0 2 1 8 2 0 0 0 1 0 0 0 4 4 1 0 8 1 0 6 0 12 2 0 0 0 0 0 4 1 8 0 5 2 2 1 0 0 0 0 1 5 1 0 0 0 1 0 0 0 0 1 1 1 1 0 2 6 0 2 0 0 0 0 1 1 0 0 1 0 0 0 0 5 0 3 3 3 0 1 4 9 0 0 9 4 1 0 5 3 0 1 4 3 1 0 5 1 1 2 1 0 2 0 2 0 0 0 1 4 0 0 0 0 0 1 2 0 1 0 7 1 1 0 0 1 0 1 1 1 1 0 2 1 1 0 2 0 1 0 1 1 1 0 0 0 1 2 0 0 3 1 8 1 0 0 7 4 0 1 2 3 3 2 0 1 4 1 0 1 0 0 0 1 0 1 0
387 1 2 9 3 1 1 0 1 9 1 0 0 2 3 6 0 0 2 12 0 8 3 5 0 0 2 8 4 8 0 4 0 0 2 1 0 0 0 0 0 1 0 1 2 1 1 3 1 7 3 5 1 1 0 0 3 2 3 2 1 0 0 0 0 1 8 2 1 0 0 0 0 0 0 1 3 0 0 1 0 0 3 0 5 0 0 0 0 0 0 1 0 2 0 1 0 0 0 0 1 0 0 2 1 0 0 0 0 1 1 0 1 1 1 0 1 0 0 0 5 0 0 0 0 1 1 4 0 0 0 1 0 0 0 0 14 0 3 0 0 2 1 1 2 0 0 7 1 0 0 2 3 0 0 1 2 0 0 3 1 1 2 0 0 0 0 0 0 0 0 1 3 0 1 0 1 0 2 5 0 1 0 12 0 1 0 1 3 2 0 1 0 0 0 0 1 0 0 0 1 0 0 0 0 0 0 2 0 0 1 0 0 0 0 1 1 0 0 3 3 0 0 1 0 2 1 1 0 2 2 0 0 0 0 0 0 0 0 0
79 1 0 1 3 6 4 0 1 5 2 0 0 0 2 7 0 0 1 7 0 7 3 3 1 0 1 0 5 4 0 4 0 0 5 1 0 0 0 0 0 0 0 0 1 1 2 1 0 5 1 3 1 0 0 0 5 1 4 0 0 0 0 0 1 1 8 0 1 0 0 0 1 0 0 1 4 0 0 1 0 0 0 0 3 0 0 2 0 0 0 2 0 3 0 1 0 0 0 0 1 0 0 0 1 0 0 0 0 1 1 0 0 1 1 0 1 0 0 0 7 0 0 0 0 0 1 3 0 0 0 1 0 0 0 0 10 0 3 1 0 2 1 1 3 0 0 6 1 0 0 2 2 0 0 0 2 0 0 2 1 1 2 0 0 0 0 0 0 0 1 1 0 0 0 0 1 0 3 7 3 1 0 11 0 0 0 0 1 0 0 1 0 0 0 1 1 0 0 0 0 0 0 1 0 0 0 1 0 0 0 0 0 0 0 1 2 0 0 2 3 0 0 2 2 2 0 1 0 2 2 0 0 0 0 1 0 0 0 0
