0 200 2 9 0 2 0 14 10 2 4 4 2 5 0 7 2 0 1 0 1 3 5 0 12 7 4 2 7 0 1 6 5 0 0 1 0 0 10 0 0 1 2 0 2 6 4 0 1 4 0 1 0 6 2 4 0 2 0 2 1 0 3 5 1 1 1 1 8 0 0 5 0 7 1 2 2 0 0 0 0 0 0 3 1 0 0 0 0 1 0 0 1 0 0 1 0 1 6 2 0 0 0 0 0 0 1 1 0 0 0 0 1 0 0 0 1 7 0 0 0 2 0 6 1 0 0 1 0 1 0 0 0 0 1 5 0 0 0 0 0 0 1 4 1 0 1 1 0 0 1 0 0 1 0 0 1 0 0 0 0 0 0 0 0 0 0 0 0 0 0 1 0 0 0 0 2 1 0 0 5 0 0 2 0 0 0 0 0 0 0 0 0 1 0 1 0 0 2 0 0 0 2 1 0 0 0 1 0 0 0 0 2 2 0 8 1 1 2 1 0 2 1 0 0 0 0 1 0 1 7 1 1 0 1 0 0 0 0 4
0 295 1 13 2 4 0 21 9 3 9 4 3 3 0 9 2 0 7 0 1 3 5 2 13 7 2 1 5 0 0 3 4 0 0 1 0 0 11 3 0 1 2 1 3 7 1 0 1 3 0 1 0 4 1 3 0 2 0 2 1 0 0 2 1 1 2 1 5 0 1 5 0 7 0 2 1 0 0 0 0 0 0 2 1 0 0 0 0 1 0 0 0 0 0 1 0 1 5 3 1 0 0 0 0 0 1 1 0 1 0 0 1 0 0 0 1 8 0 0 0 0 0 2 1 0 0 1 0 0 0 0 0 0 1 5 0 0 0 0 1 0 1 2 0 0 0 0 0 0 1 0 0 1 0 0 0 0 0 0 0 0 0 0 0 0 0 0 0 0 0 1 0 0 0 0 2 1 0 0 1 0 0 1 1 0 0 0 0 0 0 0 0 0 0 0 0 0 2 0 0 0 2 2 1 0 0 0 0 0 0 0 0 0 0 5 1 1 0 1 1 6 0 0 0 0 0 1 0 1 4 0 1 0 1 0 0 0 0 0
0 339 1 10 1 3 0 18 13 3 12 5 2 3 2 14 3 0 0 1 0 15 7 0 14 9 6 10 12 1 1 7 4 0 2 0 2 0 12 1 0 3 3 0 1 13 2 0 1 2 0 1 0 11 1 3 0 0 0 2 0 1 10 3 1 0 1 0 11 0 1 6 0 12 0 1 1 1 1 0 0 1 0 4 2 0 0 0 0 1 2 0 0 0 0 0 0 1 5 5 0 0 0 0 0 1 1 1 0 0 0 0 0 0 0 0 1 7 0 0 0 0 0 7 2 0 0 2 0 0 0 0 1 0 1 7 0 0 0 0 0 0 2 8 0 0 2 0 0 0 1 0 0 1 0 0 0 0 0 0 0 0 0 0 0 0 0 0 2 0 0 1 1 0 0 0 1 1 0 0 6 0 0 6 0 1 0 0 1 0 0 0 0 0 0 0 2 0 2 0 3 0 0 2 0 0 0 1 5 0 0 0 0 0 0 9 0 1 0 1 0 4 0 0 0 0 0 1 0 1 7 0 1 0 1 0 0 0 0 3
0 13 0 1 1 3 1 0 2 1 4 0 0 0 1 2 0 0 0 0 0 8 0 0 5 1 1 6 4 0 0 1 0 0 2 0 0 0 1 1 0 4 1 0 0 2 2 0 1 1 0 0 0 4 0 1 0 0 0 0 0 0 5 2 0 0 0 0 4 0 0 0 0 0 0 0 0 0 0 0 0 0 0 0 0 0 0 0 0 0 0 0 0 0 0 0 0 0 0 0 0 0 0 0 0 0 0 0 0 0 0 0 0 0 0 0 0 1 0 0 0 0 0 2 0 1 0 0 0 0 0 0 0 0 0 1 0 0 0 0 0 0 0 0 0 0 0 0 0 0 0 0 0 0 0 0 0 0 0 0 0 0 0 0 0 0 0 0 2 0 0 0 0 0 0 0 0 0 0 0 1 0 0 3 0 1 0 0 1 0 0 0 0 0 0 0 2 0 0 0 1 0 0 0 0 0 0 1 2 0 0 0 0 0 0 0 0 0 0 0 0 2 0 0 0 0 1 0 0 0 1 1 0 0 0 0 0 0 0 2
0 31 0 2 0 2 1 4 3 0 6 2 0 0 0 2 0 0 3 0 0 7 1 0 10 1 3 5 7 0 0 3 0 0 1 0 0 0 7 2 0 4 0 0 0 6 1 0 2 2 0 0 0 7 0 2 0 1 0 0 0 0 7 3 0 0 1 0 7 1 0 2 0 0 0 1 0 1 0 0 0 0 0 2 0 0 0 0 0 0 1 0 0 0 0 0 0 0 0 2 0 0 0 0 0 1 1 0 0 1 0 0 0 0 0 0 1 2 0 0 0 0 0 3 0 0 0 1 0 0 0 0 0 0 0 4 0 0 0 0 1 0 0 2 0 0 2 0 0 0 0 0 0 1 0 0 0 0 0 0 0 0 0 0 1 0 0 0 1 0 0 0 0 0 0 0 0 0 0 0 2 0 0 5 0 1 0 0 0 0 0 0 0 0 0 0 2 0 0 0 2 0 0 0 0 0 0 0 4 0 0 0 1 0 0 3 0 0 0 0 0 7 0 0 0 0 0 0 0 0 3 0 0 0 0 0 0 0 0 1
0 170 1 6 0 5 0 13 4 4 7 3 2 2 0 6 2 0 1 1 0 5 3 0 9 8 6 3 6 1 1 7 5 0 0 0 0 0 13 4 0 2 2 0 1 12 4 0 0 1 0 0 0 8 1 2 1 0 0 1 0 1 9 1 0 0 1 0 6 0 1 3 0 7 0 1 1 2 1 0 0 0 0 2 1 0 0 0 0 0 2 0 0 0 0 0 0 1 5 4 0 0 0 0 0 1 1 1 0 0 0 0 0 0 0 0 1 2 0 0 0 0 0 1 3 0 0 1 0 0 0 0 0 0 0 6 0 0 0 0 0 0 1 3 0 0 1 0 0 0 0 0 0 1 0 0 0 0 0 0 0 0 0 0 0 0 0 0 2 0 0 0 0 0 0 0 1 0 0 0 7 0 0 4 0 0 0 0 0 0 0 1 0 0 0 0 0 1 0 0 1 0 0 1 0 0 0 0 4 0 0 0 0 1 0 4 0 1 0 1 0 3 0 0 0 0 0 0 0 1 7 0 1 1 1 0 0 0 0 2
0 180 1 5 0 2 1 10 1 4 7 2 3 0 0 4 1 0 0 1 0 3 0 0 8 4 4 3 6 0 0 3 1 0 0 0 0 0 4 3 1 4 0 0 1 7 1 0 0 0 0 0 0 8 1 2 0 0 0 0 0 0 5 2 0 0 1 0 5 1 1 2 0 3 0 1 0 1 1 0 0 0 0 2 0 0 0 0 0 0 2 0 0 0 0 0 0 1 2 1 0 0 0 0 0 2 1 0 0 0 0 0 0 0 0 0 1 2 0 0 0 0 0 0 0 0 0 1 0 0 0 0 0 0 0 5 0 0 0 0 0 0 1 1 0 0 1 0 0 0 0 0 0 1 0 0 0 0 0 0 0 0 0 0 0 0 0 0 0 0 0 0 0 0 0 0 0 0 0 0 2 0 0 1 0 0 0 0 0 0 0 0 0 0 0 0 0 0 0 0 1 0 0 1 0 0 0 0 3 0 0 0 0 0 0 4 0 0 0 1 0 2 0 0 0 0 0 0 0 1 1 0 1 0 0 0 0 0 0 1
0 186 1 9 0 1 0 14 10 2 6 4 5 2 0 5 2 0 0 0 0 5 3 1 9 8 3 5 8 0 0 4 4 0 0 0 0 0 10 1 0 0 2 1 0 8 1 0 0 2 1 1 0 6 1 4 0 0 1 1 1 0 9 0 0 0 2 0 8 0 0 8 0 6 0 1 2 1 1 0 1 0 0 3 2 0 0 0 0 1 1 0 0 0 0 0 0 1 4 5 1 0 0 0 0 1 1 1 0 0 0 0 0 0 0 0 1 6 0 0 0 0 1 1 2 0 0 2 0 0 0 1 0 1 1 4 0 0 0 0 0 0 0 4 0 0 1 0 0 0 1 0 0 1 0 0 0 0 1 0 0 0 0 0 0 0 0 0 1 0 0 1 0 1 0 0 1 1 0 0 5 0 0 2 1 0 0 0 1 0 0 0 0 0 0 0 0 1 2 0 1 0 0 1 0 0 0 0 3 0 0 1 0 0 0 6 0 1 1 1 0 1 0 0 1 0 0 1 0 1 4 0 1 0 1 0 0 0 0 0
0 80 1 5 0 0 0 8 2 2 4 1 2 0 0 1 1 0 1 0 0 4 2 1 5 5 3 5 7 1 0 2 2 0 0 0 0 0 5 0 0 0 1 0 0 6 1 0 0 1 0 0 0 6 0 2 0 0 0 0 1 0 6 0 0 0 2 0 10 0 0 4 0 2 0 0 0 1 0 0 1 0 0 2 0 0 0 0 0 0 1 0 0 0 1 0 0 1 2 3 0 0 0 0 0 1 1 2 0 0 0 0 0 0 0 1 2 3 0 0 0 0 1 3 1 0 0 1 0 0 0 0 0 0 0 3 0 0 0 0 0 1 0 2 0 0 1 1 0 0 0 0 0 1 0 0 0 0 0 0 0 0 0 0 0 0 0 0 0 0 0 0 0 0 0 0 0 1 0 0 5 0 0 2 0 0 0 0 1 0 0 0 0 0 0 0 0 0 0 0 0 0 0 1 0 0 0 1 2 0 0 1 0 0 0 3 0 0 2 1 1 1 0 0 0 0 0 0 0 1 1 0 1 0 1 0 0 0 0 1
0 35 0 4 0 2 0 2 4 0 6 1 0 0 0 0 0 0 0 0 0 1 2 1 4 1 2 4 6 0 0 2 0 0 0 0 0 0 6 1 0 3 2 0 1 5 1 0 0 2 0 0 0 6 0 3 0 0 0 0 0 0 6 0 0 0 1 0 6 1 0 4 1 3 0 2 0 1 0 0 1 0 0 2 0 0 0 0 0 0 1 0 0 0 0 0 0 0 2 2 0 0 0 0 0 1 1 0 0 0 0 0 0 0 0 0 1 2 0 0 0 0 1 2 1 0 0 0 0 0 0 0 0 0 0 3 0 0 0 0 0 0 0 2 1 0 1 0 0 0 0 0 0 1 0 0 0 0 0 0 0 0 0 0 0 0 0 0 1 0 0 0 0 0 0 0 0 1 0 0 5 0 0 2 0 0 0 0 0 0 0 0 0 0 0 0 0 0 0 0 0 0 0 0 0 0 0 0 2 0 0 1 0 1 0 1 0 0 1 1 0 0 0 0 0 0 0 0 0 0 2 0 1 0 0 0 0 0 0 0
0 207 1 12 1 4 0 21 9 4 7 5 2 3 0 10 3 0 2 1 0 6 2 0 10 9 8 2 8 1 1 6 4 0 2 0 2 0 13 2 1 1 1 0 1 13 4 0 1 2 0 1 1 7 1 5 0 0 0 2 0 1 8 5 1 0 1 0 9 0 2 6 1 12 0 4 1 2 2 2 0 0 0 6 2 0 0 0 0 1 2 0 2 0 0 0 0 2 4 8 0 0 0 0 0 1 1 1 0 0 0 1 0 0 0 0 1 5 0 0 0 0 0 4 2 0 0 2 0 0 0 0 1 0 1 7 0 0 0 0 0 1 2 3 0 0 3 0 0 0 1 0 0 1 0 0 0 0 0 0 0 0 0 0 0 0 0 0 1 0 0 1 1 0 1 0 3 1 1 0 7 0 0 2 0 1 0 0 0 0 0 0 0 1 0 0 0 0 2 0 1 0 0 1 0 0 0 0 0 0 0 0 0 0 0 7 0 1 0 1 0 2 0 0 0 0 0 1 0 1 12 2 1 2 1 0 0 0 0 2
0 306 2 16 0 8 0 25 8 3 10 7 2 6 0 10 3 0 7 2 0 10 2 0 15 12 6 5 7 1 1 8 5 0 0 0 0 0 12 3 1 10 2 0 3 10 4 0 2 4 0 1 0 4 3 6 0 0 0 2 0 1 7 3 2 1 1 1 9 0 1 8 0 16 0 4 1 1 2 1 0 0 0 3 3 1 0 0 0 1 0 0 1 0 0 1 3 1 4 5 1 0 0 0 0 1 1 1 0 0 0 0 0 0 0 0 1 6 0 0 0 0 2 5 2 0 0 3 0 0 0 1 0 0 2 7 0 0 0 0 0 1 3 4 0 1 2 0 0 0 1 0 0 1 0 0 0 0 0 0 0 0 0 0 0 0 0 0 3 0 0 2 1 0 0 1 2 3 0 0 10 0 0 2 0 0 0 0 0 0 0 0 2 1 0 0 0 0 2 0 1 0 0 1 0 0 0 0 0 0 0 0 0 1 0 9 1 1 0 1 0 2 0 0 0 0 0 1 0 1 8 0 1 0 2 0 0 0 0 3
0 530 0 18 2 6 1 40 11 4 19 5 3 8 0 14 3 1 8 0 0 22 21 1 16 14 13 14 13 1 2 17 9 1 1 0 1 0 22 2 1 7 7 0 0 14 9 0 0 6 0 1 1 11 3 21 2 1 1 3 0 1 12 7 0 0 1 0 19 0 0 10 2 22 0 6 1 4 0 0 0 1 1 7 4 0 0 0 0 1 0 0 3 0 1 1 0 0 9 16 0 0 0 0 0 1 0 1 0 0 0 0 0 0 0 0 0 11 0 0 0 4 4 11 2 0 0 2 0 0 1 0 0 0 2 21 1 0 0 0 4 1 2 19 2 0 0 0 0 1 1 0 0 0 1 1 0 0 0 0 0 0 0 0 0 0 0 2 7 0 0 1 1 0 0 0 5 3 0 0 16 0 0 4 0 1 0 3 0 1 0 3 0 0 0 0 0 0 3 0 1 1 0 1 0 0 0 5 1 1 0 1 2 5 0 15 0 1 0 1 0 9 0 1 0 0 0 1 0 1 10 8 2 0 2 0 0 0 0 4
0 3443 0 11 9 18 2 23 5 13 12 1 0 2 0 3 0 1 15 0 0 16 14 1 22 3 11 14 18 0 1 14 2 0 6 0 1 0 12 13 0 5 14 0 2 7 13 0 3 2 0 0 0 12 2 17 2 0 1 1 2 0 21 13 0 1 2 1 15 0 1 4 4 11 3 14 1 1 0 0 0 0 0 12 1 0 0 0 0 0 1 0 1 0 1 0 0 0 0 10 0 0 0 0 0 0 0 0 0 0 0 0 0 1 1 0 0 3 0 0 0 2 0 8 0 0 0 3 0 0 0 0 0 0 0 16 0 0 0 1 1 0 0 10 0 0 2 0 1 0 0 0 0 0 0 0 0 0 1 0 0 0 0 0 0 0 0 0 6 2 0 0 0 0 0 1 2 2 0 1 23 0 0 11 0 4 0 0 3 0 0 0 2 1 0 0 0 0 0 0 0 1 0 1 0 0 0 0 0 0 0 0 3 6 0 19 0 0 0 0 0 26 0 0 0 0 0 0 0 0 5 7 4 0 0 0 1 0 0 8
0 150 0 0 0 6 0 0 0 3 0 0 0 0 0 0 0 0 0 0 0 0 1 0 4 0 0 0 0 0 0 0 0 0 0 0 0 0 1 0 0 2 1 0 0 0 0 0 0 0 0 0 0 0 0 1 0 0 0 0 0 0 0 0 0 0 0 0 1 0 0 0 0 0 0 2 0 0 0 0 0 0 0 0 0 0 0 0 0 0 0 0 0 0 0 0 0 0 0 0 0 0 0 0 0 0 0 0 0 0 0 0 0 0 0 0 0 1 0 0 0 0 0 3 0 0 0 0 0 0 0 0 0 0 0 1 0 0 0 0 0 0 0 0 0 0 0 0 0 0 0 0 0 0 0 0 0 0 0 0 0 0 0 0 0 0 0 0 0 0 0 0 0 0 0 0 0 0 0 0 0 0 0 0 0 0 0 0 0 0 0 0 0 1 0 0 0 0 0 0 0 0 0 0 0 0 0 0 0 0 0 0 0 0 0 0 0 0 0 0 0 1 0 0 0 0 0 0 0 0 0 1 0 0 0 0 0 0 0 0
0 237 0 0 1 3 0 1 0 1 2 0 0 0 0 0 0 0 2 0 0 0 0 0 1 0 0 2 1 0 0 0 0 0 0 0 0 0 1 0 0 1 2 0 0 1 0 0 1 0 0 0 0 0 0 1 0 0 0 0 0 0 2 1 0 0 0 0 0 0 2 2 0 3 0 0 0 0 0 0 0 0 0 0 0 0 0 0 0 1 0 0 0 0 0 0 0 0 1 0 0 0 0 0 0 0 0 0 0 0 0 0 0 0 0 0 0 0 0 0 0 0 0 0 1 0 0 0 0 0 0 0 0 0 0 1 0 0 0 0 0 0 0 1 0 1 0 0 0 0 0 0 0 0 0 0 0 0 0 0 0 0 0 0 0 0 0 0 0 0 0 0 0 0 0 0 0 0 0 0 1 0 1 0 0 0 0 0 0 0 0 0 0 0 0 0 0 0 1 0 0 0 0 0 0 0 0 0 0 0 0 0 0 0 0 0 0 0 0 0 0 2 0 0 0 0 0 0 0 0 0 0 0 0 0 0 0 0 0 1
0 127 0 2 1 0 0 2 0 1 2 0 0 1 0 0 0 0 2 0 0 0 1 0 3 1 0 0 0 0 0 3 0 0 0 0 0 0 2 0 0 0 3 0 0 1 0 0 1 0 0 0 0 0 1 1 0 0 0 0 0 0 0 1 0 0 0 0 0 0 0 2 0 4 0 1 1 0 0 0 0 0 0 0 0 0 0 0 0 1 0 0 0 0 0 0 0 0 1 0 0 0 0 0 0 0 0 0 0 0 0 0 0 0 0 0 0 0 0 0 0 0 0 1 1 0 0 0 0 0 0 0 1 0 0 1 0 0 0 0 0 0 0 1 1 0 0 0 0 0 0 0 0 0 0 0 0 0 0 0 0 0 0 0 0 0 0 0 0 0 0 0 0 0 0 0 0 0 0 0 1 0 0 0 0 1 0 0 0 0 0 0 0 0 0 0 0 0 0 0 0 0 0 0 0 0 0 0 0 0 0 0 0 0 0 0 0 0 0 0 0 2 0 0 0 0 0 0 0 0 0 0 0 0 0 0 0 0 0 0
0 1129 0 28 6 9 7 39 13 10 28 0 0 13 1 13 0 4 17 0 0 37 39 1 37 12 24 46 32 2 3 35 13 0 4 0 4 0 20 7 0 6 21 0 1 22 20 0 5 13 0 0 0 19 1 32 1 0 4 2 0 5 33 7 0 2 7 1 40 0 1 21 6 18 1 7 1 0 0 0 2 0 0 25 4 0 0 0 0 0 1 0 2 0 2 0 0 0 15 16 0 0 3 0 1 2 0 0 0 0 0 0 0 1 2 0 0 12 0 0 0 1 2 27 1 2 1 9 0 1 0 0 7 0 3 31 0 0 0 1 3 0 0 24 0 0 2 0 2 0 0 1 0 1 0 1 0 0 2 0 0 1 0 0 0 0 1 1 4 2 0 0 1 0 0 0 5 2 1 2 34 0 0 36 0 1 1 1 2 0 0 1 2 0 0 0 0 0 0 0 0 3 0 1 0 0 0 0 0 0 0 0 4 7 0 26 1 0 0 0 0 17 1 1 3 0 1 0 0 2 22 5 6 0 2 0 2 0 1 9
0 321 0 12 2 7 1 10 3 7 10 0 0 3 0 3 0 0 4 0 0 15 10 0 10 7 8 16 6 0 2 9 4 0 1 0 0 0 3 4 0 10 8 0 0 4 6 0 1 5 0 0 0 1 1 9 0 0 2 2 0 2 5 1 0 1 2 0 12 2 1 5 0 4 0 4 1 0 0 0 1 0 0 3 1 0 0 0 0 0 1 0 0 0 0 0 0 1 7 5 0 0 1 0 0 0 0 0 0 0 0 0 0 0 0 0 0 4 0 0 0 0 0 12 0 1 1 2 0 1 0 0 4 0 1 6 0 0 0 0 3 0 0 7 0 0 1 0 0 0 1 1 0 0 0 1 0 0 0 0 0 1 0 0 0 0 0 1 1 1 0 0 0 0 0 0 3 2 0 0 9 0 0 10 0 1 0 0 1 0 0 0 0 0 0 0 0 0 0 0 0 1 0 1 0 0 0 0 0 0 0 0 0 2 0 5 0 1 0 0 0 7 0 0 2 0 0 0 0 2 5 0 1 0 1 0 0 0 0 2
0 53 0 0 1 3 1 5 0 1 3 0 0 0 0 0 0 0 1 0 0 1 0 0 1 1 0 1 2 0 0 0 0 0 0 0 0 0 0 0 0 4 2 0 0 2 2 0 0 0 0 0 0 0 0 1 0 0 0 0 0 0 0 2 0 0 0 0 0 0 0 0 0 0 0 0 0 0 0 0 0 0 0 0 0 0 0 0 0 0 0 0 0 0 0 0 0 0 0 0 0 0 0 0 0 0 0 0 0 0 0 0 0 0 0 0 0 0 0 0 0 0 0 1 0 0 0 0 0 0 0 0 0 0 0 0 0 0 0 0 0 0 0 0 0 0 0 0 0 0 1 0 0 0 0 0 0 0 0 0 0 0 0 0 0 0 0 0 0 0 0 0 0 0 0 0 0 0 0 0 1 0 0 0 0 0 0 0 0 1 0 0 0 0 0 0 0 0 0 0 0 0 0 0 0 0 0 0 0 0 0 0 0 0 0 0 0 0 0 0 0 2 0 0 0 0 0 0 0 0 0 0 0 0 0 0 0 0 0 2
0 185 0 9 0 2 0 10 1 2 12 0 0 3 0 3 0 0 3 0 0 10 8 0 8 6 6 11 6 0 1 10 3 0 1 0 0 0 4 2 0 4 6 0 0 4 9 0 0 3 0 0 0 1 1 10 0 0 2 0 0 1 2 2 0 0 1 0 9 0 2 2 0 2 0 4 0 1 1 1 0 0 0 6 1 0 0 0 0 0 0 0 0 0 0 0 0 0 4 4 0 0 1 0 0 0 0 0 0 1 0 0 0 0 0 0 0 3 0 0 0 1 0 5 0 1 1 1 0 0 1 0 2 0 0 8 0 0 0 0 3 0 0 6 0 0 0 0 0 0 1 0 0 0 0 0 0 0 1 0 0 0 0 0 0 0 0 1 3 1 0 0 0 0 0 1 0 2 0 0 6 0 0 6 0 0 0 0 1 0 0 0 0 0 0 0 0 1 0 0 0 0 0 1 0 0 0 0 0 0 0 0 1 2 0 4 0 1 0 0 0 3 0 0 2 0 0 0 0 0 3 1 0 0 0 0 0 0 0 3
0 72 0 2 0 2 0 5 1 2 3 0 0 1 0 0 0 0 0 0 0 2 2 0 3 1 3 1 3 0 0 4 1 0 0 0 1 0 3 1 0 1 2 0 0 3 2 0 0 1 0 0 0 1 0 2 0 0 0 0 0 0 2 0 0 0 0 0 4 3 0 0 0 1 0 1 0 1 0 1 0 0 0 4 0 0 0 0 1 0 0 0 0 0 0 0 0 0 1 3 0 0 0 0 0 0 0 0 0 1 0 0 0 0 0 0 0 2 0 0 1 1 0 1 0 0 0 1 0 0 1 0 0 0 0 4 0 0 0 0 1 0 0 2 0 0 0 0 0 0 0 0 0 0 0 0 0 0 1 0 0 0 0 0 0 0 0 1 1 0 0 0 0 0 0 0 0 1 0 0 2 0 0 0 0 0 0 0 0 0 0 0 0 0 0 0 0 1 0 0 0 0 0 1 1 0 0 0 0 0 0 0 0 0 0 1 0 1 1 0 0 1 0 0 0 0 0 0 0 0 0 1 0 0 0 0 0 0 0 0
0 8531 0 1 3 19 8 33 4 16 2 2 2 3 0 0 0 0 14 2 1 9 0 0 26 6 0 2 3 0 0 0 0 0 0 0 0 0 5 18 1 23 6 0 3 3 12 0 0 2 0 0 0 1 19 0 6 0 0 0 1 0 0 14 1 5 2 7 3 6 0 0 2 0 1 6 0 0 0 0 0 0 0 0 0 0 0 0 0 0 0 1 0 0 0 0 1 0 1 0 1 0 0 0 0 0 0 0 0 0 0 0 0 0 0 0 0 1 0 0 0 0 0 1 1 0 0 0 0 0 0 0 0 0 0 3 0 0 0 0 0 0 0 0 0 1 0 0 0 0 0 0 0 0 0 0 0 0 0 0 0 0 0 0 0 0 0 0 0 0 0 0 0 0 0 0 0 2 0 0 1 0 0 0 0 2 0 0 0 0 0 0 0 1 0 0 0 0 0 0 0 0 0 0 1 0 0 0 0 0 0 0 0 0 0 1 1 2 0 0 0 19 0 0 0 0 0 0 0 0 1 0 2 0 0 0 0 0 0 2
0 655 0 5 0 5 1 4 0 2 2 0 0 1 0 0 0 0 2 3 0 0 1 0 4 0 2 1 2 0 0 1 0 0 0 0 0 0 5 1 0 10 1 0 1 2 1 1 0 0 0 0 0 0 0 0 0 0 0 0 0 0 1 1 0 2 0 0 0 2 0 2 0 2 0 2 0 0 0 0 0 0 0 0 0 0 0 0 0 0 0 0 0 0 0 0 0 0 0 1 0 0 0 0 0 0 0 0 0 0 0 0 0 0 0 0 0 0 0 0 0 0 0 0 0 0 0 0 0 0 0 0 0 0 0 0 0 0 0 0 0 0 0 0 0 0 0 0 0 0 0 0 0 0 0 0 0 0 0 0 0 0 0 0 0 0 0 2 1 0 0 0 0 0 0 0 1 0 0 0 2 0 0 3 0 0 0 0 0 0 0 0 0 0 0 0 0 0 0 0 0 0 0 1 0 0 0 0 0 0 0 0 0 0 0 1 0 0 0 0 0 2 0 1 0 0 0 0 0 0 1 1 0 0 0 0 0 0 0 2
0 1114 0 22 2 27 5 19 1 10 19 0 0 2 0 3 0 0 22 0 0 11 14 1 19 6 0 9 7 2 0 15 8 0 2 0 0 0 17 22 0 27 19 0 0 15 28 0 0 5 0 0 0 2 0 15 0 0 0 1 0 0 6 23 0 3 2 0 11 2 0 9 1 17 0 12 0 0 1 0 0 0 0 7 0 0 0 0 0 0 0 0 0 0 0 0 1 0 2 2 0 0 1 0 0 0 0 0 0 1 0 0 0 0 0 0 0 6 0 0 0 0 0 1 0 0 0 0 0 0 0 0 0 1 0 1 0 0 0 0 0 0 0 4 0 0 1 0 0 0 0 0 0 0 0 0 0 0 0 0 0 0 0 0 0 0 0 0 11 0 0 1 0 0 0 1 2 2 0 0 8 0 0 6 0 1 0 0 1 0 1 0 0 0 0 0 0 0 0 1 0 0 0 2 0 1 1 1 0 0 0 0 0 9 0 6 0 0 0 0 1 17 0 0 0 0 0 0 0 0 11 3 1 0 0 0 1 0 0 9
0 19 0 1 1 8 1 1 0 2 2 0 0 0 0 0 0 1 2 0 0 2 1 0 2 1 0 0 0 0 0 0 0 0 1 0 0 0 1 4 0 5 2 0 0 2 5 0 0 0 0 0 0 1 0 3 0 0 0 0 0 0 1 2 0 1 0 0 2 0 0 0 2 3 0 2 0 0 0 0 0 0 0 0 0 0 0 0 0 0 0 0 0 0 0 0 0 0 0 0 0 0 0 0 0 0 0 0 0 0 0 0 0 0 0 0 0 0 0 0 0 0 0 0 0 0 0 0 0 0 0 0 0 0 0 0 0 0 0 0 0 0 0 1 0 0 0 0 0 0 0 0 0 0 0 0 0 0 0 0 0 0 0 0 0 0 0 0 2 0 0 0 0 0 0 0 1 1 0 0 1 0 0 2 0 0 0 0 0 0 1 0 0 0 0 1 0 0 0 0 0 0 0 0 0 0 0 0 0 0 0 0 0 1 0 0 0 0 0 0 0 3 0 0 0 0 0 0 0 0 0 0 0 0 0 0 0 0 0 1
2 4908 0 7 12 35 8 32 6 16 9 13 5 7 0 8 0 5 24 10 4 46 8 2 25 7 7 8 38 0 0 12 4 1 2 0 0 0 13 8 7 19 11 0 5 13 22 1 14 6 0 0 0 11 6 9 9 3 0 0 14 0 7 16 11 1 2 6 33 8 0 8 6 9 3 15 12 5 0 0 0 2 1 2 0 0 0 0 0 1 0 0 4 0 0 1 10 0 3 3 2 0 0 0 0 0 0 0 0 1 1 0 0 1 0 0 0 1 0 0 0 0 3 8 1 0 1 0 0 3 0 0 1 0 0 22 0 0 2 0 0 0 0 7 0 6 0 0 0 1 0 0 0 0 0 0 0 0 0 0 0 0 0 0 0 0 2 0 7 0 3 0 0 0 0 0 4 3 2 4 10 0 0 2 0 2 0 0 0 0 0 0 0 1 0 0 0 0 0 0 0 0 2 0 3 2 0 0 0 0 0 0 2 3 0 15 1 0 0 0 0 30 0 0 0 0 0 0 0 1 8 11 6 1 1 0 0 0 0 10
0 333 0 0 0 5 2 0 0 4 3 1 0 2 0 1 0 0 4 0 0 7 2 0 0 2 2 0 3 0 0 4 0 0 0 0 0 0 1 1 0 2 2 0 1 2 4 0 1 1 0 0 0 2 0 0 0 0 0 0 3 0 0 1 1 2 0 0 2 0 0 1 0 1 0 2 0 1 1 0 0 0 0 2 0 0 0 0 0 0 0 0 0 0 0 0 0 0 0 0 1 0 0 0 1 0 0 0 0 0 0 1 0 0 0 0 0 1 0 0 0 1 0 0 0 0 0 0 0 0 1 0 1 0 0 2 0 0 0 0 1 0 0 2 0 1 0 0 0 0 0 0 0 0 0 0 0 0 0 0 1 0 0 0 0 0 0 1 1 0 0 0 0 0 0 0 0 0 0 1 0 0 0 1 0 1 0 0 0 0 0 0 0 0 0 0 0 0 0 0 0 0 0 1 0 1 0 0 0 0 0 0 0 2 0 2 0 0 1 0 0 4 0 0 1 0 0 0 0 0 0 0 0 0 1 0 0 0 0 1
2 1353 0 10 8 21 4 17 18 16 14 5 0 15 2 12 0 2 15 2 3 41 26 0 20 9 14 33 33 0 1 24 3 1 7 0 0 0 12 1 3 19 10 0 2 16 15 1 6 11 0 0 0 15 0 20 6 1 1 0 7 0 29 13 2 1 3 2 42 3 3 11 5 8 2 9 5 4 1 2 4 0 1 9 2 1 0 0 0 0 0 0 4 1 0 1 4 1 7 14 0 0 0 0 0 0 0 0 0 0 0 1 0 0 0 0 0 7 0 0 0 0 3 31 0 0 1 7 0 1 0 0 1 0 1 23 2 0 1 1 0 0 1 14 0 2 1 1 0 1 0 2 0 0 2 0 0 0 1 0 0 0 0 0 1 0 1 0 6 1 1 0 0 1 0 0 4 2 0 2 25 0 0 25 0 2 0 0 2 0 1 1 1 0 1 0 0 0 1 1 0 0 1 4 3 1 1 0 0 0 1 0 2 7 0 24 1 0 0 0 0 13 1 0 2 0 0 0 0 1 3 11 6 1 1 0 0 0 1 12
1 2443 1 29 12 25 1 61 20 14 34 6 3 10 0 11 0 6 41 8 2 23 16 1 42 13 29 36 36 1 0 28 14 1 1 0 0 1 33 13 2 15 32 0 3 33 25 0 14 17 0 0 0 17 6 14 5 0 0 0 8 0 31 22 8 4 5 7 35 6 0 21 4 32 2 14 5 10 0 1 0 0 1 12 0 0 0 0 0 1 0 0 8 0 0 1 7 1 8 7 2 0 0 0 0 0 0 0 0 0 0 0 0 1 0 0 0 12 0 0 1 0 2 18 1 1 1 9 0 1 0 2 0 1 0 26 0 0 0 0 2 0 0 10 0 1 3 0 0 2 0 0 0 0 0 0 0 0 0 0 0 1 0 0 1 0 1 1 12 0 0 0 0 3 0 0 4 4 2 1 17 0 0 11 2 3 1 1 0 2 1 0 2 1 0 1 0 0 0 1 2 1 1 0 1 1 0 0 0 0 0 0 4 7 0 23 0 1 0 0 0 27 0 0 0 0 0 1 0 0 29 13 4 0 1 0 0 0 1 17
1 1316 0 27 9 20 2 35 19 10 28 2 0 22 0 11 0 1 18 2 1 25 21 0 39 20 22 24 19 3 1 14 22 0 3 0 0 0 33 4 0 15 22 0 1 23 19 0 4 25 0 0 0 10 1 15 2 0 0 0 4 0 8 14 1 4 2 2 20 2 0 25 1 24 1 17 2 7 3 1 2 0 0 6 1 0 0 0 0 0 0 0 2 0 0 1 2 0 12 18 0 0 0 0 0 0 0 0 0 1 0 0 0 0 0 0 0 20 0 0 1 0 1 22 0 1 1 17 0 0 0 2 0 0 0 14 1 0 0 1 3 0 0 18 1 1 0 0 0 1 0 2 0 0 0 0 0 0 0 0 0 0 0 0 0 0 0 1 12 1 0 0 0 0 0 2 1 3 0 0 7 0 0 14 2 1 1 0 5 1 3 0 1 0 0 0 0 0 0 0 2 0 0 1 0 0 0 0 0 1 0 0 4 2 0 14 0 0 0 0 0 13 0 0 0 0 0 0 0 0 35 8 5 0 1 0 0 0 0 10
0 335 1 14 7 8 1 8 7 4 9 0 0 8 0 4 0 1 7 2 0 14 7 0 21 9 11 10 10 0 0 5 10 0 3 0 0 0 15 8 0 6 10 0 0 10 8 0 1 4 0 0 0 6 2 6 2 0 0 0 0 0 9 6 0 3 1 0 11 1 0 15 1 13 0 7 0 4 3 0 2 0 0 5 0 0 0 1 0 0 0 0 2 0 0 0 0 0 4 7 0 0 0 0 1 0 0 0 0 0 0 0 0 0 0 0 0 13 0 0 0 0 0 10 0 0 0 8 0 0 0 0 0 0 0 7 0 0 0 0 1 0 0 10 0 0 0 0 0 0 0 2 0 0 0 0 0 0 0 0 0 0 0 0 0 0 1 1 4 0 1 0 0 0 0 0 0 2 0 0 8 0 0 4 1 3 0 0 1 1 1 0 0 0 0 0 0 0 0 0 2 0 0 2 1 0 0 0 0 3 0 0 1 0 0 8 0 0 0 0 0 10 0 0 0 0 0 0 0 0 12 4 4 0 3 0 0 0 0 6
0 49 0 0 3 3 1 2 0 1 0 0 0 4 0 0 0 1 2 0 0 4 0 0 5 4 1 3 3 0 0 2 0 0 2 0 0 0 2 4 0 0 2 0 0 1 0 0 1 2 0 0 0 3 1 0 2 0 0 0 0 0 1 1 0 0 0 1 4 1 0 1 0 3 0 0 0 2 0 0 0 0 0 3 0 1 0 0 0 0 0 0 1 0 0 0 0 0 1 4 0 0 0 0 0 0 0 0 0 1 0 0 0 0 0 0 0 4 0 0 0 0 0 5 0 0 0 1 0 0 0 0 0 0 0 2 0 0 0 0 0 0 0 1 0 0 1 0 0 0 0 0 0 0 0 0 0 0 0 0 0 0 0 0 0 0 1 0 1 0 1 0 0 1 0 0 0 0 0 0 3 0 0 1 0 3 0 0 0 1 0 0 0 0 0 0 0 0 0 0 1 0 0 1 1 0 0 0 0 1 0 0 0 0 0 1 0 0 1 0 0 3 0 0 0 0 0 0 0 1 2 0 1 0 1 0 0 0 0 3
0 140 1 4 3 9 1 4 1 2 4 0 0 4 0 1 0 1 2 0 0 6 1 0 13 7 4 7 5 0 0 2 3 0 3 0 0 0 8 7 0 6 4 0 0 6 7 0 1 2 0 0 0 4 2 3 2 0 0 0 0 0 7 7 0 2 2 0 4 1 0 2 2 4 0 5 0 2 3 0 0 0 0 2 0 0 0 0 0 0 0 0 1 0 0 0 0 0 2 5 0 0 0 0 0 0 0 0 0 0 0 0 0 0 0 0 0 5 0 0 0 0 0 5 0 0 0 4 0 0 0 0 0 0 0 3 0 0 1 0 0 0 0 3 0 0 1 0 0 0 0 0 0 0 0 0 0 0 0 0 0 0 0 0 0 0 1 0 1 0 1 0 0 0 0 0 0 2 0 0 4 0 0 2 0 3 0 0 1 1 1 0 0 1 0 0 0 0 0 0 1 0 0 1 0 0 0 0 0 1 0 0 1 0 0 3 0 0 0 0 0 7 0 0 0 0 0 0 0 0 7 1 3 0 0 0 0 0 0 4
0 353 0 11 3 9 1 11 6 3 12 0 0 8 0 4 0 0 3 0 0 9 6 0 18 7 9 8 10 0 0 2 8 0 3 0 1 0 14 1 0 5 5 0 0 10 11 0 1 3 0 0 0 2 1 5 1 0 0 0 0 0 10 9 0 2 2 0 8 0 0 10 0 12 0 6 0 3 4 0 0 0 0 3 0 0 0 0 0 0 0 0 1 0 0 0 0 0 3 6 0 0 0 0 0 0 0 0 0 0 0 0 0 0 1 0 0 9 0 0 0 0 0 7 0 0 0 7 0 0 0 0 0 0 0 6 0 0 0 0 1 0 0 7 0 0 0 0 0 0 0 2 0 0 0 1 0 0 0 0 0 0 0 0 0 0 0 1 2 0 0 0 0 0 0 0 0 1 0 0 4 0 0 3 1 1 0 0 1 0 0 0 0 0 0 0 0 0 0 0 1 0 0 0 1 0 0 0 0 2 0 0 1 3 0 8 0 0 0 0 0 8 0 0 0 0 0 1 0 0 10 3 2 0 0 0 0 0 0 6
0 873 0 24 3 17 4 28 11 8 20 1 0 8 0 6 0 0 17 0 0 9 5 0 27 8 11 5 8 1 0 5 11 0 0 0 0 0 24 7 0 15 15 0 0 14 12 0 2 11 0 0 0 3 5 4 2 0 0 0 0 0 8 11 1 2 1 3 10 1 0 20 1 17 0 8 2 4 2 0 0 0 1 3 0 0 0 0 0 0 0 0 0 0 0 0 0 0 5 3 1 0 0 0 1 0 0 0 0 1 0 0 0 0 0 0 0 13 0 0 0 0 0 6 0 0 0 9 0 0 0 0 0 0 0 5 1 0 0 0 1 0 0 11 0 0 0 0 0 0 0 2 0 0 0 0 0 0 0 0 0 0 0 0 0 0 0 2 5 1 0 0 0 0 0 0 2 0 0 2 1 0 0 2 1 0 0 0 1 0 2 0 0 0 1 0 0 0 0 0 1 0 0 1 0 1 0 0 0 0 0 0 0 1 0 5 1 1 1 0 0 6 0 2 0 0 0 0 0 0 22 4 0 1 0 0 0 0 0 7
0 307 0 7 2 8 2 6 6 4 3 3 0 3 0 2 0 1 3 2 1 7 1 0 16 3 3 3 8 0 0 2 3 0 0 0 0 0 5 4 0 9 3 0 0 5 2 0 2 2 0 0 0 0 4 4 2 0 0 0 0 0 5 3 2 0 0 1 1 1 0 7 1 7 0 4 2 3 2 0 0 0 0 2 0 0 0 0 0 1 0 0 1 0 0 0 0 0 2 1 1 0 0 0 0 0 0 0 0 0 0 0 0 0 0 0 0 4 0 0 0 1 0 3 1 0 0 5 0 0 0 0 0 2 0 5 0 0 1 0 1 0 1 5 0 0 1 0 0 1 0 2 0 0 0 0 0 0 0 0 0 0 0 0 0 0 0 2 0 0 0 0 0 0 0 0 1 0 0 2 3 0 0 2 1 1 0 0 0 0 0 0 0 0 0 0 0 0 0 0 0 0 0 0 0 1 0 0 0 0 0 0 0 0 0 4 1 0 1 1 0 2 0 1 0 0 0 0 0 0 8 3 3 0 0 0 0 0 0 2
0 156 0 3 0 8 2 12 3 10 4 2 1 0 0 0 0 0 5 0 0 5 3 0 16 1 3 2 8 0 0 2 1 0 1 0 0 0 2 3 0 8 2 0 0 6 6 0 0 1 0 0 0 2 3 3 1 0 0 0 1 0 6 6 2 1 0 4 2 1 0 0 1 2 0 5 2 3 0 0 0 0 1 1 0 0 0 0 0 0 0 0 1 0 0 0 0 0 0 1 1 0 0 0 0 0 0 0 0 0 0 0 0 0 1 0 0 0 0 0 1 1 0 1 1 0 0 0 0 0 0 0 0 0 0 2 0 0 0 0 0 0 0 1 0 0 0 0 0 1 0 0 0 0 0 0 0 0 0 0 0 0 0 0 0 0 0 0 0 0 0 0 0 0 0 0 1 0 0 2 4 0 0 5 0 0 0 0 0 0 0 0 0 0 0 0 0 0 0 0 0 0 1 2 1 1 0 0 0 2 0 0 0 0 0 2 2 0 1 0 0 4 0 2 0 0 0 0 0 0 1 1 0 0 0 0 0 0 0 5
1 688 0 21 3 15 1 21 13 6 18 2 1 9 0 7 0 3 10 2 0 15 13 0 23 12 13 14 15 0 0 4 12 1 2 0 0 1 23 4 0 12 16 0 1 15 5 0 3 11 0 0 0 6 1 7 1 0 0 0 2 2 9 9 2 1 0 2 15 1 1 22 2 21 1 6 2 4 2 1 1 0 0 8 1 0 0 0 0 0 0 0 0 0 0 1 2 0 5 8 1 0 0 0 0 0 0 0 0 0 0 0 0 1 0 0 0 12 0 0 0 2 2 11 1 0 0 8 0 0 0 0 0 0 1 18 0 0 0 0 1 0 1 21 1 0 1 1 0 1 0 2 1 0 0 0 0 0 4 0 0 0 0 0 1 0 0 1 3 0 0 0 0 1 2 0 4 0 0 1 12 0 0 6 1 0 0 0 0 1 0 1 0 0 0 1 0 0 1 0 0 2 0 1 1 0 0 0 0 0 0 0 1 3 0 11 0 0 0 0 0 6 0 1 2 0 0 0 0 1 20 7 1 0 0 0 0 0 0 14
0 24056 0 1 3 17 10 36 13 7 1 15 9 7 0 8 0 0 22 3 1 18 2 3 30 10 3 4 20 0 0 2 0 0 0 0 0 0 3 9 4 18 2 1 9 1 8 2 12 3 0 0 0 8 14 3 1 6 0 0 5 0 0 8 12 1 3 19 15 13 0 0 1 2 22 14 3 0 0 0 0 0 0 0 0 0 0 0 0 0 0 0 1 0 0 1 4 0 0 0 7 0 1 0 0 2 0 0 0 0 0 0 1 0 1 0 0 1 0 0 0 0 1 1 2 0 0 0 0 2 0 0 0 0 0 16 0 0 0 0 0 1 0 0 1 5 0 0 0 0 0 0 0 0 0 0 0 0 0 0 0 0 0 0 0 0 3 0 0 0 2 0 0 0 0 0 0 3 0 4 0 0 0 2 0 0 0 0 0 0 0 0 0 3 0 0 0 0 0 0 0 0 0 0 0 0 0 0 0 0 0 0 0 0 0 2 2 0 0 0 0 16 0 0 0 0 0 0 1 0 0 3 1 0 2 0 0 0 0 1
0 320 0 0 0 0 0 2 1 1 0 0 0 0 0 0 0 0 0 0 0 0 0 0 1 0 1 2 2 0 0 1 0 0 0 0 0 0 1 0 0 5 0 0 0 0 0 0 0 0 0 0 0 0 0 0 0 0 0 0 0 0 2 0 0 0 0 0 1 0 0 0 0 1 0 1 0 0 0 0 0 0 0 1 0 0 0 0 0 0 0 0 0 0 0 0 0 0 0 0 0 0 0 0 0 0 0 0 0 0 0 0 0 0 0 0 0 0 0 0 0 0 0 0 0 0 0 0 0 0 0 0 0 0 0 3 0 0 0 0 0 0 0 1 0 0 0 0 0 0 0 0 0 0 0 0 0 0 0 0 0 0 0 0 0 0 0 0 0 0 0 0 0 0 0 0 1 0 0 0 0 0 0 0 0 0 0 0 0 0 0 0 0 0 0 0 0 0 0 0 0 0 0 0 0 0 0 0 0 0 0 0 0 0 0 3 0 0 0 0 0 0 0 0 0 0 0 0 0 0 1 0 0 0 0 0 0 0 0 0
0 725 0 2 0 2 0 13 0 0 0 1 0 2 0 1 0 0 3 0 0 1 1 0 3 0 2 1 2 0 0 2 1 0 0 0 0 0 1 0 0 2 3 0 0 1 4 0 0 1 0 0 0 1 0 2 0 0 0 0 0 0 0 5 0 0 0 1 2 0 0 2 0 2 0 2 0 0 0 0 0 0 0 1 0 0 0 0 0 0 0 0 0 0 0 0 0 0 1 5 0 0 1 0 0 0 0 0 0 0 0 0 0 0 0 0 0 0 0 0 0 0 0 1 1 0 0 2 0 0 0 0 0 0 0 2 0 0 0 0 1 0 0 4 0 0 0 0 0 0 0 0 0 0 0 0 0 0 0 0 0 0 0 0 0 0 0 0 1 0 0 0 0 0 0 1 0 0 0 0 2 0 0 3 0 0 0 0 0 0 0 0 0 0 0 0 0 0 0 0 0 0 0 0 0 0 1 0 0 0 0 0 0 0 0 1 0 0 0 0 0 1 0 0 0 0 0 0 0 0 2 0 0 0 0 0 0 0 0 3
0 375 0 1 0 1 0 14 0 0 4 0 0 2 0 0 0 0 4 0 0 0 1 0 0 0 0 0 1 0 0 2 1 0 0 0 0 0 0 0 0 0 1 0 0 3 3 0 0 0 0 0 0 0 0 0 0 0 0 0 0 0 0 3 0 0 0 1 0 0 0 0 0 0 0 1 0 0 0 0 0 0 0 0 0 0 0 0 0 0 0 0 0 0 0 0 0 0 0 2 0 0 0 0 0 0 0 0 0 0 0 0 0 0 0 0 0 0 0 0 0 0 0 0 1 0 0 1 0 0 0 0 0 1 0 0 0 0 0 0 1 0 0 0 0 0 0 0 0 0 0 0 0 0 0 0 0 0 0 0 0 0 0 0 0 0 0 0 0 0 0 0 0 0 0 0 0 0 0 0 0 0 0 0 0 0 0 1 0 0 0 0 0 0 0 0 0 0 0 0 0 0 0 0 0 0 0 0 0 0 0 0 0 0 0 0 0 0 0 0 0 5 0 0 1 0 0 0 0 0 1 0 0 0 0 0 0 0 0 0
0 282 0 3 0 2 0 13 0 0 3 0 0 1 0 0 0 0 2 0 0 1 2 0 1 0 1 0 0 0 0 1 1 0 0 0 0 0 1 1 0 5 0 0 0 4 2 0 0 1 0 0 0 0 0 0 0 0 0 0 0 0 0 1 0 0 2 1 1 0 0 1 0 2 0 5 0 0 0 0 0 0 0 0 0 0 0 0 0 0 0 0 0 0 0 0 0 0 1 2 0 0 0 0 0 0 0 0 0 0 0 0 0 0 0 0 0 0 0 0 0 0 0 0 0 0 0 1 0 0 0 0 0 0 0 1 0 0 0 0 1 0 0 1 0 0 0 0 0 0 0 0 0 0 0 0 0 0 0 0 0 0 0 0 0 0 0 0 0 0 0 0 0 0 0 0 0 0 0 0 0 0 0 1 0 0 0 0 0 0 0 0 0 0 0 0 0 0 0 0 0 0 0 0 0 0 0 0 0 0 0 0 0 0 0 0 0 0 0 0 0 1 0 0 0 0 0 0 0 0 2 1 0 0 0 0 0 0 0 0
0 197 0 2 0 0 1 11 1 0 1 0 0 1 0 0 0 0 3 0 0 0 1 0 0 1 0 1 1 0 0 1 1 1 0 0 0 0 0 3 0 1 2 0 0 4 1 0 1 0 0 0 0 1 0 1 0 0 0 0 0 0 0 2 0 0 1 1 1 0 0 0 2 1 0 2 0 0 0 0 0 0 0 0 0 0 0 0 0 0 0 0 0 0 0 0 0 0 0 2 0 0 0 0 0 0 0 0 0 1 0 0 0 0 0 0 0 1 0 0 0 0 0 1 0 0 0 1 0 0 0 0 0 0 0 0 0 0 0 0 1 0 0 0 0 0 0 0 0 0 0 0 0 0 0 0 0 0 0 0 0 0 0 0 0 0 0 0 0 0 0 0 0 0 0 0 0 0 0 0 1 0 0 1 0 0 0 0 0 0 0 0 0 0 0 0 0 0 0 0 0 0 0 0 0 0 0 0 0 0 0 0 0 1 0 0 0 0 0 0 0 1 0 0 0 0 0 0 0 0 1 0 0 0 0 0 0 0 0 0
0 372 0 1 0 0 0 13 0 0 3 0 0 5 0 0 0 1 3 0 0 1 1 1 4 1 2 2 1 0 0 2 1 0 0 0 0 0 2 0 0 4 1 0 0 3 2 0 0 1 0 0 0 0 0 0 0 0 0 0 0 0 1 2 0 0 0 1 0 1 0 0 0 1 1 2 0 0 0 0 0 0 0 0 0 0 0 0 0 0 0 0 0 0 0 0 0 0 0 2 0 0 0 0 0 0 0 0 0 0 0 0 0 0 0 0 0 0 0 0 0 0 0 0 1 0 0 1 0 0 0 0 0 0 0 0 0 0 0 0 1 0 0 3 0 1 0 0 0 0 0 0 0 0 0 0 0 0 0 0 0 0 0 0 0 0 0 0 0 0 0 0 0 0 0 0 0 0 0 0 0 0 0 0 0 0 0 0 0 0 0 0 0 0 0 0 0 0 0 0 0 0 0 0 0 0 0 0 0 0 0 0 0 0 0 0 0 0 0 0 1 1 0 0 0 0 0 0 0 0 0 1 0 1 0 0 1 0 0 0
0 1266 0 3 3 3 0 1 1 1 2 0 0 0 0 0 0 2 7 0 0 3 6 0 12 2 1 5 3 0 1 8 1 0 0 0 0 0 8 3 0 3 6 0 0 3 4 0 0 0 0 0 0 0 0 3 0 0 0 0 0 0 3 4 0 0 0 0 4 0 3 2 1 5 0 2 0 2 0 1 0 0 0 0 0 0 0 0 0 0 0 0 0 0 0 0 0 0 0 2 0 0 0 0 0 0 0 0 0 0 0 0 0 0 0 0 1 1 0 0 0 0 0 3 0 0 0 1 0 0 0 0 0 0 0 6 0 0 0 0 1 0 0 4 0 0 0 0 0 0 0 0 0 0 1 0 0 0 0 0 0 0 0 0 0 0 0 0 4 0 0 1 0 0 0 1 1 0 0 0 3 0 0 1 0 2 0 0 0 0 1 0 0 0 0 0 1 0 0 0 0 0 0 1 2 0 0 0 0 0 0 0 0 1 0 1 0 0 0 0 0 6 0 0 0 0 0 0 0 1 4 6 2 0 0 0 0 0 1 4
0 343 0 18 1 7 2 5 1 7 4 0 0 0 1 0 0 0 10 0 0 9 9 0 19 7 2 4 3 1 2 8 1 0 1 0 0 0 16 5 0 2 10 0 0 3 12 0 0 0 1 0 0 4 0 2 1 0 0 0 0 0 2 15 1 1 3 0 6 0 3 7 4 10 0 8 1 0 0 1 1 0 0 0 0 0 0 0 0 0 1 0 0 0 0 0 0 0 0 4 0 0 0 0 0 0 0 0 0 0 0 0 0 0 0 0 1 1 0 0 0 0 0 4 0 0 0 0 0 0 0 0 0 0 0 6 0 0 0 0 1 0 0 2 0 1 0 2 0 0 0 0 0 0 1 0 0 0 0 0 0 1 0 0 0 0 0 0 2 0 0 1 0 1 0 1 4 2 0 0 6 0 0 3 0 2 0 0 0 0 0 0 0 0 0 0 0 0 0 0 0 0 0 1 2 0 0 0 1 1 0 0 0 1 0 4 0 0 0 0 0 5 0 0 0 0 0 0 0 0 8 10 2 0 0 0 0 0 0 6
0 2979 0 20 6 34 6 24 4 10 21 7 0 10 0 4 0 1 23 2 0 19 12 1 29 10 12 14 21 0 2 15 3 0 4 0 0 0 24 6 0 15 11 0 0 16 15 0 1 4 0 0 0 9 1 15 1 0 0 0 0 0 20 21 4 0 1 2 19 4 0 6 4 20 1 14 2 3 0 0 0 0 0 8 0 0 0 0 0 0 0 1 2 0 1 1 0 1 1 3 1 0 0 0 0 0 0 0 0 0 0 1 0 0 0 0 0 2 0 3 0 0 0 15 0 1 0 6 0 0 0 0 0 0 0 18 1 0 0 1 3 0 0 13 0 3 1 0 0 0 0 0 0 0 0 0 0 0 2 0 0 0 0 0 0 0 1 0 8 0 0 0 0 0 0 0 1 1 0 0 20 0 0 12 0 5 0 0 2 0 0 0 0 0 0 1 0 0 0 0 1 2 0 1 0 1 0 0 0 0 0 0 3 6 0 15 0 0 0 0 0 29 0 0 1 0 0 0 0 0 9 6 6 0 1 0 0 0 0 10
0 421 0 8 2 13 2 2 1 5 9 0 0 4 0 2 0 0 5 0 0 9 6 1 13 5 8 9 7 0 1 7 1 0 1 0 0 0 9 4 0 5 5 0 1 5 8 0 0 3 0 0 0 5 0 7 1 0 0 0 0 0 9 12 0 0 0 0 4 1 0 5 0 10 0 2 0 3 0 0 0 0 0 7 0 0 0 0 0 0 0 1 0 0 0 0 0 1 0 2 0 0 0 0 0 0 0 0 0 0 0 0 0 0 0 0 0 2 0 2 0 0 0 8 0 0 0 3 0 0 0 0 0 0 0 8 0 0 1 0 2 0 0 3 0 1 2 0 0 0 0 0 0 0 0 0 0 0 1 0 0 0 0 0 0 0 0 0 2 0 0 0 0 0 0 0 1 0 0 0 6 0 0 6 0 3 0 0 1 0 0 0 2 0 0 0 0 0 0 0 1 1 0 1 0 1 0 0 0 0 0 0 1 2 0 3 0 0 0 0 0 11 0 0 1 0 0 0 0 0 5 3 3 0 1 0 0 0 0 4
0 529 0 9 2 12 3 4 2 3 10 0 1 5 1 4 0 0 10 0 0 10 8 1 18 5 10 10 11 0 1 8 1 0 1 0 0 0 15 3 0 5 5 0 0 4 10 0 0 2 0 0 0 6 0 7 2 1 0 0 0 0 13 11 1 0 0 0 9 1 0 4 2 9 0 4 0 2 0 0 0 0 0 9 0 0 0 0 0 0 0 1 0 0 0 0 0 2 0 2 0 0 0 0 0 0 0 0 0 0 0 0 0 0 0 0 0 0 0 2 0 0 1 8 0 1 0 3 0 0 0 0 0 0 1 8 0 0 0 0 2 0 0 7 0 0 1 0 0 0 0 0 0 0 0 0 0 1 1 0 0 0 0 0 0 0 0 0 1 0 0 0 0 0 0 0 1 0 0 0 8 0 0 4 0 4 0 0 1 0 0 0 0 0 0 0 0 0 0 0 1 2 0 1 0 0 1 0 1 3 0 0 2 2 0 5 0 0 0 0 0 7 0 0 1 0 0 0 0 0 4 4 4 0 1 0 0 0 0 7
0 65 0 4 0 5 1 2 0 1 5 0 0 2 0 0 0 0 4 0 0 3 1 2 3 4 4 1 4 0 0 3 0 0 1 0 0 0 7 3 0 3 1 0 0 1 3 0 0 0 0 0 0 1 0 1 0 0 0 0 0 0 4 6 0 0 0 0 3 0 0 2 2 2 0 1 1 0 0 0 0 0 0 3 1 0 0 0 0 0 0 0 0 1 0 0 0 2 0 0 0 0 0 0 0 0 0 0 0 0 0 0 0 0 0 0 0 0 0 0 0 0 1 1 0 0 0 1 0 0 0 0 0 0 1 0 0 0 0 0 2 0 0 3 0 0 0 0 0 0 0 0 0 0 0 0 0 1 1 0 0 0 0 0 0 0 0 0 0 0 0 0 0 0 0 0 0 0 0 0 5 0 0 1 0 1 0 0 0 0 0 0 0 0 0 0 0 0 0 0 0 0 0 0 0 0 0 0 1 1 0 0 0 0 0 0 0 0 0 0 0 3 0 0 0 0 0 0 0 0 3 0 0 0 1 0 0 0 0 2
0 57 0 2 0 5 1 1 0 1 4 0 0 1 0 0 0 0 4 0 0 3 0 1 2 3 3 1 3 0 0 2 0 0 1 0 0 0 2 2 0 3 1 0 0 1 6 0 0 0 0 0 0 2 0 1 0 0 0 0 0 0 3 8 0 0 0 0 2 0 0 2 2 1 0 1 0 0 0 0 0 0 0 1 0 0 0 0 0 0 0 0 0 0 0 0 0 2 0 0 0 0 0 0 0 0 0 0 0 0 0 0 0 0 0 0 0 0 0 0 0 0 1 1 0 0 0 1 0 0 0 0 0 0 1 0 0 0 0 0 1 0 0 3 0 0 0 0 0 0 0 0 0 0 0 0 0 1 0 0 0 0 0 0 0 0 0 0 0 0 0 0 0 0 0 0 0 0 0 0 3 0 0 0 0 1 0 0 0 0 1 0 0 0 0 0 0 0 0 0 0 0 0 0 0 0 0 0 1 1 0 0 0 1 0 0 0 0 0 0 0 3 0 0 0 0 0 0 0 0 2 0 0 0 1 0 0 0 0 2
0 360 0 9 2 10 1 8 1 2 13 0 0 4 0 2 0 0 7 0 0 10 3 1 15 4 8 7 9 0 1 7 1 0 0 0 0 0 13 2 0 4 5 0 0 6 4 0 0 2 0 0 0 4 0 7 1 0 0 0 0 0 11 4 0 1 0 1 6 1 0 3 0 8 0 2 0 2 0 0 0 0 0 8 0 0 0 0 0 0 0 1 0 0 0 0 0 1 0 2 0 0 0 0 0 0 0 0 0 0 0 0 0 0 0 0 0 0 0 2 0 0 0 7 0 0 0 4 0 0 0 0 0 0 0 7 0 0 1 0 2 0 0 2 0 0 1 0 0 0 0 0 0 0 0 0 0 0 1 0 0 0 0 0 0 0 0 0 0 0 0 0 0 0 0 0 2 0 0 0 4 0 0 3 0 3 0 0 1 0 0 0 0 0 0 0 0 0 0 0 1 1 0 1 0 0 0 0 0 0 0 0 1 1 0 4 0 0 0 0 0 10 0 0 1 0 0 0 0 0 4 3 3 0 1 0 0 0 0 5
0 525 1 9 2 14 1 4 3 4 11 0 0 5 0 5 0 0 9 0 0 8 7 1 18 4 8 11 14 0 1 9 1 0 0 0 0 0 15 3 0 5 6 0 1 4 9 0 0 2 0 0 0 6 0 10 1 1 0 0 1 0 11 7 0 0 0 0 9 1 0 4 0 10 0 3 1 2 0 0 0 0 0 9 0 0 0 0 0 0 0 1 0 0 0 0 0 1 1 6 0 0 0 0 0 0 0 0 1 0 1 0 0 0 0 0 0 1 0 2 0 0 0 9 0 1 0 3 0 0 0 1 0 0 0 9 0 0 0 0 2 0 0 7 0 0 2 0 0 0 0 0 0 0 0 0 0 0 1 0 0 0 0 0 0 0 0 0 2 0 0 0 0 0 0 0 3 1 0 0 7 0 0 4 0 3 0 0 1 0 0 0 0 0 0 0 0 0 0 0 2 1 0 2 0 0 0 0 1 1 0 0 2 2 0 5 0 0 0 0 0 6 0 0 1 0 0 0 0 0 4 3 4 0 1 0 0 0 0 9
0 240 0 6 3 9 1 3 2 3 12 0 0 5 0 4 0 1 7 0 0 10 6 2 12 3 6 7 10 1 1 8 2 0 0 0 0 0 11 2 0 4 3 0 0 2 6 0 0 2 0 0 0 5 0 7 1 1 0 0 1 0 6 7 0 0 0 0 7 1 0 3 0 8 0 1 0 1 0 0 0 0 0 8 0 0 0 0 0 0 0 1 0 0 0 0 0 1 0 4 0 0 0 0 0 0 0 0 0 0 0 0 0 0 0 0 0 0 0 2 0 0 0 8 0 0 0 3 0 0 0 0 0 0 0 6 0 0 0 0 3 0 0 4 0 0 0 0 0 0 0 0 0 0 0 0 0 0 1 0 0 0 0 0 0 0 0 0 0 0 0 0 0 0 0 0 3 1 0 0 10 0 0 4 0 5 0 0 1 0 0 0 0 0 0 0 0 0 0 0 2 1 0 1 0 0 0 1 0 0 0 0 1 2 0 5 0 0 0 0 0 3 0 0 0 0 0 0 0 0 3 3 3 0 1 0 0 0 0 6
0 84 0 5 1 7 1 1 0 2 8 0 0 3 0 2 0 0 2 0 0 4 3 2 5 4 4 3 8 0 0 4 1 0 0 0 0 0 11 4 0 3 3 0 0 2 3 0 0 1 0 0 0 2 0 4 0 0 0 0 1 0 2 5 0 0 0 0 9 0 0 3 0 4 0 1 0 0 0 0 0 0 0 3 0 0 0 0 0 0 0 0 0 0 0 0 0 1 0 1 0 0 0 0 0 0 0 0 0 0 0 0 0 0 0 0 0 0 0 0 0 0 0 4 0 0 0 1 0 0 0 1 0 0 0 2 0 0 0 0 4 0 0 2 0 0 0 0 0 0 0 0 0 0 0 0 0 0 1 0 0 0 0 0 0 0 0 0 0 0 0 0 0 0 0 0 2 1 0 0 6 0 0 2 0 1 0 0 0 0 0 0 0 0 0 0 0 0 0 0 2 1 0 0 0 1 0 1 0 0 0 0 0 0 0 2 0 0 0 0 0 2 0 0 0 0 0 0 0 0 2 0 1 0 1 0 0 0 0 3
0 79 0 6 0 6 1 2 1 1 8 0 0 3 0 1 0 0 1 0 0 5 1 2 2 3 3 2 5 0 0 4 1 0 0 0 0 0 9 5 0 3 1 0 0 1 1 0 0 1 0 0 0 1 1 3 0 0 0 0 1 0 2 2 0 0 0 0 5 0 0 2 0 2 0 1 1 0 0 0 0 0 0 3 0 0 0 0 0 0 0 0 0 0 0 0 0 1 1 1 0 0 0 0 0 0 0 0 0 0 0 0 0 0 1 0 0 0 0 0 0 0 0 3 0 0 0 1 0 0 0 0 0 0 0 1 0 0 0 0 3 0 0 1 0 0 0 0 0 0 0 0 0 0 0 0 0 0 1 0 0 0 0 0 0 0 0 0 0 0 0 0 0 0 0 0 2 1 0 0 7 0 0 3 0 2 0 0 0 0 0 0 0 0 0 0 0 0 0 0 2 0 0 0 0 0 0 1 0 0 0 0 0 0 0 2 0 0 0 0 0 2 0 0 0 0 0 0 0 0 2 0 0 0 1 0 0 0 0 3
0 235 0 8 3 10 1 4 2 3 9 0 0 4 0 3 0 0 9 0 0 8 6 1 15 3 6 8 9 0 1 7 1 1 0 0 0 0 13 5 0 3 8 0 0 2 4 0 0 2 0 0 0 4 0 8 1 1 0 0 1 0 6 6 0 1 0 0 7 1 0 4 0 9 0 1 0 1 0 0 0 0 0 8 0 0 0 0 0 0 0 1 0 0 0 0 0 1 0 4 0 0 0 0 1 0 0 0 0 0 0 0 0 0 0 0 0 0 0 2 0 0 0 7 1 0 0 3 0 0 0 0 0 0 1 6 0 0 0 0 2 0 0 3 0 0 0 0 0 0 0 0 0 0 0 0 0 0 1 0 0 0 0 0 0 0 0 0 0 0 0 0 0 0 1 0 3 1 0 0 7 0 0 2 0 3 0 0 2 0 0 0 0 0 0 0 0 0 0 0 2 1 0 1 0 0 0 0 0 0 0 0 1 2 0 4 0 0 0 0 0 4 0 0 0 0 0 0 0 0 4 3 3 0 1 0 0 0 0 9
0 69 0 6 0 7 1 2 0 3 5 0 0 3 0 2 0 1 3 0 0 2 2 1 10 3 4 2 7 0 0 2 0 1 0 0 0 0 12 2 0 3 2 0 0 1 1 0 0 0 0 0 0 0 0 4 0 0 0 0 1 0 5 4 0 0 0 0 3 0 0 3 1 3 0 1 0 0 0 0 0 0 0 3 0 0 0 0 0 0 0 0 0 0 0 0 0 1 0 1 0 0 0 0 1 0 0 0 0 0 0 0 0 0 0 0 0 1 0 0 0 0 0 2 1 0 0 1 0 0 0 0 0 0 0 2 0 0 1 0 2 0 0 1 0 0 0 0 0 0 0 0 0 0 0 0 0 0 1 0 0 0 0 0 0 0 0 0 0 0 0 0 0 0 1 0 2 1 0 0 4 0 0 0 0 0 0 0 0 0 0 0 0 0 0 0 0 0 0 0 1 1 0 0 0 0 0 0 0 0 0 0 0 1 0 4 0 0 0 0 0 4 0 0 0 0 0 0 0 0 3 0 1 0 1 0 0 0 0 4
0 583 0 10 3 14 2 6 1 1 12 0 0 5 0 2 0 0 8 0 0 8 5 1 12 4 7 8 10 0 1 7 2 0 0 0 0 0 11 5 0 7 9 0 0 4 6 0 0 2 0 0 0 5 2 7 1 0 0 0 0 0 12 5 0 0 0 0 5 1 0 3 0 11 0 3 0 2 0 0 0 0 0 8 0 0 0 0 0 0 0 1 0 0 0 0 0 1 1 1 0 0 0 0 0 0 0 0 0 0 0 0 0 0 0 0 0 0 0 2 0 0 0 6 0 1 0 3 0 0 0 0 0 0 0 7 0 0 0 0 2 0 0 6 0 0 1 0 0 0 0 0 0 0 0 0 0 0 1 0 0 0 0 0 0 0 0 0 1 0 0 0 0 0 0 0 2 0 0 0 6 0 1 4 0 3 0 0 1 0 0 0 0 0 0 0 0 0 0 0 1 1 0 1 0 0 0 0 0 0 0 0 2 1 0 5 0 0 0 0 0 11 0 0 1 0 0 0 0 0 2 3 3 0 1 0 0 0 0 6
0 328 0 8 2 12 3 3 1 4 15 0 0 5 0 2 0 0 8 0 0 12 4 1 16 5 6 6 8 0 1 7 1 0 0 0 0 0 12 4 0 7 8 0 0 6 8 0 0 4 0 0 0 4 0 7 1 0 0 0 0 0 10 6 0 0 0 0 4 1 0 4 0 13 0 2 0 2 1 0 0 0 0 7 0 0 0 0 0 0 0 1 0 0 0 0 0 1 0 4 0 0 0 0 0 0 0 0 0 0 0 0 0 0 0 0 0 0 0 2 0 0 0 8 0 0 0 3 0 0 0 0 0 0 0 6 0 0 0 0 2 0 0 2 0 0 2 1 1 0 0 0 0 0 0 0 0 0 1 0 0 0 0 0 0 0 0 0 1 0 0 0 0 0 0 0 1 0 0 0 6 0 0 4 0 3 0 0 2 0 0 0 0 0 0 0 0 0 0 0 1 1 0 1 1 0 1 0 0 0 0 0 1 1 0 4 0 0 0 0 0 8 0 0 1 0 0 0 0 0 6 3 3 0 1 0 0 0 0 7
0 1020 0 11 2 6 1 9 5 3 11 0 0 10 0 4 0 2 6 0 0 12 10 1 12 9 10 12 20 0 2 9 6 0 0 0 0 0 14 2 0 0 3 0 0 9 9 0 0 7 0 0 0 8 0 9 2 0 0 0 0 0 16 3 0 0 0 0 13 1 1 4 0 10 0 0 0 3 0 0 0 0 0 13 0 0 0 0 0 0 0 0 0 0 1 0 0 0 4 7 0 0 0 0 0 0 0 0 0 0 0 1 0 0 0 0 0 2 0 1 0 0 0 13 0 1 0 5 0 0 0 0 0 1 0 9 0 0 0 0 3 0 0 7 0 0 1 0 0 0 0 0 0 1 0 0 0 0 2 0 0 0 0 0 0 0 0 0 1 0 0 0 0 0 0 0 1 0 0 0 8 0 0 9 0 4 0 0 2 0 0 0 0 0 0 0 0 0 0 0 1 1 0 1 0 1 0 0 0 0 0 0 2 3 0 9 0 0 0 0 1 7 1 0 1 0 0 0 0 0 5 4 4 0 1 0 0 0 0 6
0 678 1 7 2 5 1 3 3 2 7 0 0 5 3 2 0 0 3 0 0 14 6 1 10 7 5 7 12 0 1 7 3 0 0 0 0 1 7 0 0 0 3 0 0 5 5 0 0 3 0 0 0 6 0 9 1 0 0 0 0 1 10 1 0 0 0 0 13 1 1 5 1 9 0 3 0 1 0 0 2 1 0 9 0 0 0 0 0 1 0 0 0 0 0 0 0 0 3 2 0 0 0 0 0 0 0 0 0 0 0 0 0 0 0 0 0 3 0 1 0 0 0 11 0 1 1 5 0 0 0 0 2 0 2 11 0 0 0 0 2 0 0 4 0 0 2 1 0 0 0 0 0 0 0 0 0 0 1 0 0 0 0 0 0 0 0 0 1 0 0 0 0 0 0 0 1 0 0 0 6 0 0 4 0 3 0 0 1 1 0 0 0 0 0 0 0 0 0 0 1 2 0 1 1 0 0 1 0 0 0 0 3 1 0 5 0 0 0 0 1 2 0 0 0 0 0 0 0 0 5 4 4 0 1 0 0 0 0 4
0 63 1 5 0 1 1 3 2 1 7 0 0 4 3 0 0 0 1 0 0 3 5 1 3 3 3 3 7 0 0 1 1 0 2 0 0 1 1 0 0 0 0 0 0 3 1 0 0 0 0 0 0 1 0 6 0 0 0 0 0 0 5 0 0 0 0 0 5 0 1 1 0 4 0 2 1 0 1 0 0 1 0 4 0 0 0 0 0 0 0 0 0 0 0 0 0 0 3 0 0 0 0 0 0 0 0 0 0 0 0 0 0 0 0 0 0 2 0 0 0 0 0 3 0 1 1 2 0 0 0 0 0 0 1 4 0 0 0 0 2 0 0 1 0 0 1 0 0 0 0 0 0 0 0 0 0 0 0 0 1 0 0 0 0 0 0 0 1 0 0 0 0 0 0 0 0 0 0 0 3 0 0 2 0 0 0 0 0 1 0 0 0 0 0 0 0 0 0 0 0 1 0 0 1 0 0 1 0 0 0 0 2 1 0 2 0 0 0 0 1 1 0 0 0 0 0 0 0 0 4 1 1 0 1 0 0 0 0 1
0 454 0 8 2 10 3 11 1 3 11 0 1 6 0 3 0 0 3 0 0 8 3 1 13 8 10 13 16 0 1 8 2 0 0 0 0 0 12 0 0 2 3 0 0 11 10 0 0 2 0 0 0 6 0 8 2 0 0 0 0 0 16 1 0 0 0 0 9 1 0 4 0 10 0 2 0 3 1 0 0 0 0 10 0 0 0 0 0 0 0 0 0 0 0 0 0 0 1 1 0 0 1 0 0 0 0 0 0 0 0 0 0 0 0 0 0 3 0 1 1 1 0 11 0 1 0 6 0 0 0 0 0 1 0 14 0 0 0 0 2 0 0 4 0 0 1 0 0 0 0 1 0 0 0 0 0 0 1 0 0 0 0 0 0 0 0 0 0 1 0 0 0 0 0 0 1 0 0 0 6 0 0 5 0 5 0 0 1 0 0 0 1 0 0 0 0 0 0 0 1 1 0 1 0 0 0 1 0 0 0 0 2 4 0 4 0 0 0 0 1 5 0 0 1 0 0 0 0 0 5 4 5 0 1 0 0 0 2 4
0 346 0 14 2 8 1 8 3 3 11 0 0 5 0 2 0 1 7 0 0 8 3 1 15 8 9 8 17 0 1 7 3 0 0 0 0 0 16 1 0 1 6 0 0 7 8 0 0 2 0 0 0 6 0 9 1 0 0 0 0 0 18 8 0 0 0 0 8 1 0 8 1 14 0 1 0 3 0 0 0 0 0 11 0 0 0 0 0 0 0 0 0 0 0 0 0 0 1 1 0 0 0 0 0 0 0 0 0 0 0 0 0 0 0 0 0 3 0 2 0 0 0 10 0 1 0 3 0 0 0 0 0 0 0 10 0 0 0 0 2 0 0 6 0 1 1 0 0 0 0 1 0 0 0 0 0 0 1 0 0 0 0 0 0 0 0 0 0 0 0 0 0 0 0 0 1 1 0 0 5 0 0 5 0 3 0 0 1 0 0 0 0 0 0 0 0 0 0 0 1 1 0 1 1 0 0 1 1 0 0 0 2 3 0 5 0 0 0 0 1 5 0 0 1 0 0 0 0 0 5 4 6 0 1 0 0 0 1 6
0 29 0 5 0 1 0 3 0 1 4 0 0 0 0 0 0 0 2 0 0 0 0 0 2 2 2 0 5 0 0 0 1 0 0 0 0 0 3 2 0 0 2 0 0 1 1 0 0 1 0 0 0 1 0 1 0 0 0 0 0 0 5 2 0 0 0 0 1 0 0 1 0 7 0 1 0 0 0 0 0 0 0 1 0 0 0 0 0 0 1 0 0 0 0 0 0 0 1 0 0 0 0 0 0 0 0 0 0 0 0 0 0 0 0 0 0 1 0 1 0 0 0 2 0 0 0 0 0 0 0 0 0 0 0 1 0 0 0 0 0 0 0 2 0 0 0 0 0 0 0 1 0 0 0 0 0 0 0 0 0 0 0 0 0 0 0 0 0 0 0 0 0 0 0 0 0 1 0 0 1 0 0 0 0 0 0 0 0 0 0 0 0 0 0 0 0 0 0 0 0 0 0 0 0 0 0 1 1 0 0 0 0 1 0 2 0 0 0 0 1 3 0 0 0 0 0 0 0 0 2 0 1 0 0 0 0 0 0 1
0 936 0 15 2 13 2 9 3 8 11 0 0 8 0 3 0 0 5 0 0 8 6 1 12 6 9 7 13 0 2 8 1 0 0 0 0 0 12 3 0 2 4 0 0 8 14 0 0 2 0 0 0 7 0 9 1 0 0 0 0 0 14 6 0 0 0 0 9 1 0 3 1 14 0 1 0 2 0 0 0 0 0 9 0 0 0 0 0 0 0 0 0 0 1 0 0 0 1 1 0 0 0 0 0 0 0 0 0 0 0 1 0 0 0 0 0 1 0 1 0 0 0 8 0 1 0 4 0 0 0 0 0 0 0 9 0 0 0 0 3 0 0 4 0 1 1 0 0 0 0 0 0 0 0 0 0 0 2 0 0 0 0 0 0 0 0 0 1 0 0 0 0 0 0 0 6 2 0 0 8 0 0 4 0 4 0 0 2 0 0 0 0 0 0 0 0 0 0 0 1 1 0 1 0 1 0 0 0 0 0 1 2 3 0 5 0 0 0 0 0 8 0 0 1 0 0 0 0 0 5 3 3 0 1 0 0 0 0 8
0 85 0 4 0 4 1 3 0 5 3 0 0 3 0 0 0 0 1 0 0 0 1 1 4 2 1 1 1 0 0 0 0 0 0 0 0 0 3 0 0 1 0 0 0 3 3 0 0 0 0 0 0 2 0 1 0 0 0 0 0 0 2 3 0 0 0 0 0 0 0 0 0 4 0 0 0 0 0 0 0 0 0 1 0 0 0 0 0 0 0 0 0 0 0 0 0 0 0 0 0 0 0 0 0 0 0 0 0 0 0 0 0 0 0 0 0 0 0 0 0 0 0 0 0 0 0 2 1 0 0 0 0 0 0 1 0 0 0 0 1 0 0 0 0 0 0 0 0 0 0 0 0 0 0 0 0 0 0 0 0 0 0 0 0 0 0 0 0 0 0 0 0 0 1 0 3 1 0 0 0 0 0 0 0 1 0 0 0 0 0 0 0 0 0 0 0 0 0 0 0 0 0 0 0 0 0 0 0 0 0 0 0 1 0 0 0 0 0 0 0 0 0 0 0 0 0 0 0 0 2 0 0 0 1 0 0 0 0 2
0 102 0 7 0 5 2 2 1 6 2 0 0 4 0 1 0 0 4 0 0 0 2 1 6 4 4 2 2 0 0 0 0 0 0 0 0 0 9 0 0 3 1 0 0 2 6 0 0 0 0 0 0 1 0 2 0 0 0 0 0 0 2 3 0 0 0 0 2 0 0 0 0 6 0 0 0 0 0 0 0 0 0 4 0 0 0 0 0 1 0 0 0 0 0 0 0 0 0 0 0 0 0 0 0 0 0 0 0 0 0 0 0 0 0 0 0 1 0 0 0 0 0 1 0 0 0 2 0 0 0 0 0 0 0 3 0 0 0 0 2 0 0 0 0 0 0 0 0 0 0 0 0 0 0 0 0 0 1 0 0 0 0 0 0 0 0 0 0 0 0 0 0 0 0 0 2 1 0 0 1 0 0 0 0 1 0 0 0 0 0 0 0 0 0 0 0 0 0 0 0 1 0 0 1 0 0 0 0 0 0 0 0 0 0 0 0 0 0 0 0 1 0 0 0 0 0 0 0 1 5 0 1 0 1 0 0 0 0 3
0 1171 0 14 3 17 0 14 4 3 12 1 0 4 0 3 0 1 9 0 0 9 6 1 14 5 12 8 15 0 2 12 1 0 2 0 0 0 18 1 0 3 8 0 0 7 12 0 0 3 0 0 0 7 0 6 1 0 0 0 0 0 15 10 0 1 1 0 10 2 0 6 1 17 0 4 0 1 1 0 0 0 0 9 0 0 0 0 0 0 0 0 0 0 1 1 0 0 1 3 0 0 0 0 0 0 0 0 0 0 0 1 0 0 1 0 0 2 0 1 0 0 0 15 0 0 0 3 0 0 0 0 0 0 0 13 0 0 0 0 1 0 0 6 0 0 1 0 0 0 0 0 0 0 0 0 0 0 2 0 0 0 0 0 0 0 0 0 2 0 0 0 0 0 0 0 3 1 0 0 9 0 0 6 0 2 0 0 2 0 0 0 0 0 0 1 0 0 0 0 1 1 0 1 0 1 0 0 0 0 0 0 2 4 0 7 0 0 0 0 0 8 0 0 1 0 0 0 0 0 6 3 3 0 0 0 0 0 0 7
0 609 0 9 2 9 3 6 3 1 6 1 0 1 0 5 0 0 2 0 0 12 3 1 11 3 7 8 10 0 1 10 2 0 1 0 0 0 16 0 0 1 3 0 2 4 6 0 0 3 0 0 0 5 0 6 1 0 0 0 0 0 12 0 0 1 1 0 9 1 1 2 0 8 1 3 0 1 0 0 0 0 0 8 0 0 0 0 0 0 0 0 0 0 2 0 0 0 2 1 0 0 0 0 0 0 0 0 0 0 0 0 0 0 0 0 0 2 0 1 0 0 0 10 0 0 0 2 0 0 0 0 0 0 0 7 0 0 0 0 1 0 0 4 0 0 0 0 0 0 0 0 0 0 0 0 0 0 2 0 0 0 0 0 3 0 0 0 0 1 0 0 0 0 0 1 4 0 0 0 5 0 0 4 0 4 0 0 1 0 0 0 0 0 0 0 0 0 0 0 1 1 0 2 0 0 0 0 0 0 0 1 2 3 0 6 0 0 1 0 0 1 0 0 0 0 0 0 0 0 3 2 3 0 2 0 0 0 0 4
0 1089 0 13 2 10 1 10 4 4 14 1 0 4 0 5 0 1 7 0 0 8 6 3 14 8 13 7 14 1 2 13 2 0 1 0 0 0 18 2 0 6 3 0 0 16 11 0 0 4 0 0 0 9 0 9 1 0 0 0 0 0 16 7 1 0 0 0 12 1 1 9 0 17 0 3 0 2 0 0 0 0 0 9 0 0 0 0 0 0 0 0 0 0 1 0 0 0 2 3 0 0 0 0 0 0 0 0 0 0 0 1 0 0 0 0 0 0 0 1 0 0 0 10 1 0 0 3 0 0 0 0 0 0 0 12 0 0 0 0 1 0 0 4 0 0 1 0 0 0 0 0 0 0 1 0 0 1 2 0 0 0 0 0 0 0 0 0 4 0 0 0 0 0 0 1 2 0 0 0 10 0 0 6 0 2 0 0 2 0 0 0 0 0 0 1 0 0 0 0 1 1 0 2 0 2 0 0 0 0 0 0 2 6 0 8 0 0 0 0 0 8 0 0 1 0 0 0 0 0 5 3 2 0 0 0 0 0 0 9
0 3300 0 19 6 23 3 18 10 4 10 6 0 5 0 2 0 1 17 2 0 13 5 1 13 1 4 12 7 1 0 6 3 0 2 0 0 0 13 14 0 12 13 0 0 4 10 0 1 0 0 0 0 4 1 8 0 0 0 0 0 0 4 16 4 0 3 2 11 3 0 3 1 6 0 13 2 2 0 0 0 0 0 3 0 1 0 0 0 0 0 0 1 0 0 0 0 0 3 6 1 0 0 0 0 0 0 0 0 0 0 0 0 0 0 0 0 2 0 0 0 0 0 10 0 0 0 1 0 0 0 0 0 0 0 7 0 0 0 0 0 0 0 8 0 4 0 0 0 0 0 0 0 0 0 0 0 0 0 0 0 0 0 0 0 0 2 0 3 0 0 0 0 0 0 0 6 0 0 0 3 0 0 9 0 0 0 0 0 0 0 0 0 0 0 0 0 0 0 2 0 0 0 0 1 1 0 0 0 0 0 0 0 3 0 4 0 0 0 0 0 16 0 0 0 0 0 0 0 0 5 4 2 1 0 0 0 0 0 10
0 491 0 15 2 12 1 2 6 1 7 0 0 1 0 3 1 0 5 0 0 7 4 1 8 1 5 9 3 1 0 7 2 0 3 0 0 0 9 6 0 6 7 0 0 3 3 0 1 0 0 0 0 4 0 4 1 0 0 0 0 0 4 5 0 0 1 0 2 0 1 4 0 3 0 6 0 2 0 0 0 0 0 2 0 1 0 0 0 0 0 0 0 0 0 0 0 0 2 3 0 0 0 0 0 0 0 0 0 0 0 0 0 1 0 0 0 2 0 0 0 0 0 8 0 0 0 1 0 0 0 0 0 0 1 4 0 0 0 0 0 0 0 9 0 1 0 0 0 0 0 0 0 0 0 0 0 0 0 0 0 0 0 0 0 0 1 0 1 0 0 0 0 0 0 0 3 1 0 0 2 0 0 3 0 0 0 0 0 0 0 0 0 0 0 0 0 0 0 1 0 0 0 0 1 1 0 0 0 0 0 0 0 3 0 3 1 0 0 1 0 6 0 0 0 0 0 0 0 0 4 2 0 0 0 0 0 0 0 5
0 1077 0 19 4 13 4 9 8 3 10 0 0 7 0 4 0 2 10 0 0 8 2 1 8 4 6 10 2 1 0 12 1 0 3 0 0 0 10 11 0 7 10 0 1 4 3 0 0 1 0 0 0 3 0 8 0 1 0 0 1 0 6 5 1 0 3 1 8 1 1 8 2 5 0 5 0 3 0 0 0 0 0 3 1 1 0 0 0 1 1 0 0 0 0 0 0 0 4 6 0 0 0 0 0 0 0 0 0 0 0 0 0 0 0 0 0 4 0 0 0 0 0 15 0 0 0 5 0 0 0 0 0 0 0 5 0 0 0 0 2 0 1 4 0 1 0 1 0 0 0 0 0 0 0 0 0 1 0 0 0 0 0 0 0 1 1 0 2 0 0 0 0 0 0 0 4 1 1 0 3 0 0 6 0 0 0 0 0 0 1 0 0 0 0 0 0 0 0 2 0 0 0 0 1 1 0 0 0 0 0 0 0 4 0 3 0 0 0 0 0 13 0 0 0 0 0 1 0 0 2 3 1 0 0 0 0 0 1 7
0 172 0 10 1 11 2 4 4 3 4 1 0 1 0 1 0 1 4 0 0 6 1 1 5 2 2 6 2 1 0 5 2 0 3 1 0 0 5 3 0 5 7 0 0 2 2 0 2 0 0 0 0 0 0 3 0 0 0 0 1 0 3 4 1 0 0 0 4 1 2 2 2 1 0 6 0 1 0 0 0 0 0 0 1 1 0 0 0 1 1 0 0 0 0 0 0 0 3 2 1 0 0 0 0 0 0 0 0 0 0 0 0 0 0 0 0 2 0 0 0 0 0 4 0 0 0 3 0 0 0 0 1 0 0 2 0 0 0 0 1 0 1 4 0 1 0 0 0 0 0 1 0 0 0 0 0 1 0 0 0 0 0 0 0 1 1 0 1 0 0 0 0 0 0 0 2 1 0 0 3 0 0 4 0 0 0 0 0 0 1 1 0 0 0 0 0 0 0 1 0 0 0 0 0 1 0 1 0 0 0 0 0 4 0 4 0 1 0 0 0 8 0 0 0 0 0 1 0 0 0 0 0 0 0 0 0 0 0 4
0 449 0 13 4 14 1 7 7 9 8 0 0 1 0 2 0 0 7 0 0 8 3 1 11 1 4 9 2 1 1 9 2 0 2 0 0 0 9 7 0 10 10 0 0 6 4 0 0 2 0 0 0 1 1 2 0 0 0 0 0 0 5 6 1 0 2 1 2 0 1 6 3 1 0 4 0 2 2 0 1 0 0 3 1 1 0 0 0 1 1 0 0 0 0 0 1 0 2 4 0 0 0 0 0 0 0 0 0 0 0 0 0 0 0 0 0 1 0 0 0 0 0 3 0 0 0 2 0 0 0 0 0 0 0 5 0 0 0 0 0 0 0 5 0 1 0 0 0 0 0 0 0 0 0 0 0 0 0 0 0 0 0 0 0 0 1 0 2 0 0 1 0 0 0 0 2 1 0 1 3 0 1 4 0 0 0 0 0 0 1 0 0 0 0 0 0 0 0 1 0 0 0 0 1 1 0 0 0 0 0 0 0 2 0 4 0 0 0 0 0 8 0 0 0 0 0 0 0 0 4 3 1 0 0 0 0 0 0 6
0 75 0 3 2 2 0 1 0 2 0 0 0 0 0 0 0 0 2 0 0 3 1 0 4 1 0 1 1 0 0 4 0 0 0 0 0 0 2 2 0 3 2 0 0 2 3 0 0 1 0 0 0 0 0 1 0 0 0 0 0 0 2 8 1 0 0 0 0 0 1 3 1 3 0 1 0 0 0 0 1 0 0 0 0 0 0 0 0 0 1 0 0 0 0 0 1 0 0 0 0 0 0 0 0 0 0 0 0 0 0 0 0 0 0 0 0 0 0 0 0 0 0 1 0 0 0 1 0 0 0 0 0 0 0 3 0 0 0 0 0 0 0 1 0 0 0 0 0 0 0 0 0 0 0 0 0 0 0 0 0 0 0 0 0 0 0 0 0 0 0 0 0 0 0 0 0 0 0 1 1 0 1 1 0 0 0 0 0 0 1 0 0 0 0 0 0 0 0 0 0 0 0 0 0 0 0 0 0 0 0 0 0 0 0 2 0 0 0 0 0 4 0 0 0 0 0 0 0 0 0 0 1 0 0 0 0 0 0 1
0 153 0 7 1 9 1 6 4 4 3 0 0 0 0 3 0 0 2 0 0 6 0 1 8 1 1 4 3 0 0 3 0 0 2 0 0 0 6 4 0 8 4 0 0 4 0 0 0 0 0 0 0 0 0 1 0 0 0 0 0 0 4 1 1 0 0 0 1 0 1 3 2 1 0 3 0 0 0 0 1 0 0 0 1 1 0 0 0 0 1 0 0 0 0 0 1 0 0 1 0 0 0 0 0 0 0 0 0 0 0 0 0 0 0 0 0 1 0 0 0 0 0 3 0 0 0 1 0 0 0 0 0 0 0 4 0 0 0 0 0 0 0 1 0 1 0 0 0 0 0 0 0 0 0 0 0 0 0 0 0 0 0 0 0 0 1 0 1 0 0 1 0 0 0 0 2 1 0 1 2 0 1 0 0 0 0 0 0 0 1 0 0 0 0 0 0 0 0 1 0 0 0 0 0 1 0 0 0 0 0 0 0 1 0 2 0 0 0 0 0 5 0 0 0 0 0 0 0 0 0 1 1 0 0 0 0 0 0 2
0 225 0 11 2 15 0 4 6 5 7 0 0 1 0 1 0 0 7 0 0 6 1 1 9 2 3 7 2 1 0 4 2 0 2 0 0 0 8 6 0 8 7 0 0 6 2 0 0 1 0 0 0 0 0 3 0 0 0 0 0 0 5 2 1 0 2 0 3 0 1 3 2 1 0 6 0 1 0 0 0 0 0 1 1 1 0 0 0 1 1 0 0 0 0 0 0 0 2 5 0 0 0 0 0 0 0 0 0 0 0 0 0 0 0 0 0 1 0 0 0 0 0 8 0 0 0 1 0 0 0 1 0 0 0 3 0 0 0 0 0 0 0 3 0 1 0 0 0 0 0 0 0 0 0 0 0 0 0 0 0 0 0 0 0 0 1 0 3 0 0 0 0 0 0 0 2 1 0 0 2 0 1 6 0 0 0 0 0 0 1 0 0 0 0 0 0 0 0 1 0 0 0 0 0 1 0 0 0 0 0 0 0 2 0 9 0 0 0 0 0 7 0 0 0 0 0 0 0 0 3 1 2 0 0 0 0 0 0 3
0 109 0 5 1 5 0 2 2 3 3 0 0 1 0 1 0 0 3 0 0 4 0 1 5 2 1 4 2 0 0 1 1 0 2 0 0 0 4 3 0 6 2 0 0 3 0 0 0 0 0 0 0 1 0 2 0 0 0 0 0 0 3 2 1 1 0 0 1 0 1 1 1 1 0 2 0 0 0 0 1 0 0 0 2 0 0 0 0 0 1 0 0 0 0 0 0 0 0 0 0 0 0 0 0 0 0 0 0 0 0 0 0 0 0 0 0 1 0 0 0 0 0 2 0 0 0 1 0 0 0 0 0 0 0 3 0 0 0 0 0 0 0 1 0 1 0 0 0 0 0 1 0 0 0 0 0 0 0 0 0 0 0 0 0 0 1 0 1 0 0 0 0 0 0 0 0 0 1 0 1 0 1 2 0 0 0 0 0 0 1 1 0 0 0 0 0 0 0 1 0 0 0 0 0 1 0 0 1 0 0 0 0 0 0 4 0 0 0 0 0 5 0 0 0 0 0 0 0 0 3 0 1 0 0 0 0 0 0 2
0 197 0 11 2 13 0 8 6 4 8 0 0 1 0 1 0 0 7 0 0 7 2 1 12 2 2 5 1 1 0 3 1 0 3 0 0 0 10 5 0 6 7 0 0 6 3 0 0 1 0 0 0 0 0 3 0 0 1 0 0 0 4 2 1 0 0 1 2 0 1 3 1 1 0 6 0 0 0 0 0 0 0 1 1 1 0 0 0 1 1 1 0 0 0 0 0 0 2 3 0 0 0 0 1 0 0 0 0 0 0 0 0 0 0 0 0 1 0 0 0 0 0 4 0 0 0 1 0 0 0 0 0 0 0 3 0 0 0 0 0 0 0 3 0 1 0 0 0 0 0 0 0 0 0 0 0 0 0 0 0 0 0 0 0 0 1 0 2 0 0 1 0 0 0 0 2 1 0 0 2 0 1 4 0 1 0 0 0 0 1 0 0 0 0 0 0 0 0 1 0 0 0 0 1 1 0 0 0 0 0 0 0 2 0 3 0 0 0 0 0 7 0 0 0 0 0 0 0 0 1 0 1 0 0 0 0 0 0 5
0 280 0 15 2 9 1 5 5 2 7 1 0 1 0 1 0 0 8 0 0 5 1 1 11 2 4 8 0 1 0 4 1 0 3 0 0 0 10 6 0 7 8 0 0 4 11 0 0 1 0 0 0 0 0 1 0 0 0 0 0 0 5 4 1 0 2 2 2 1 1 6 2 4 0 4 0 1 0 0 0 0 0 1 1 1 0 0 0 1 1 0 0 0 0 0 0 0 3 4 0 0 2 0 0 0 0 0 0 0 1 0 0 0 0 0 0 1 0 0 0 0 0 3 0 0 0 1 0 0 0 0 0 0 0 4 0 0 0 0 0 0 0 3 0 1 0 0 0 0 1 0 0 0 0 0 0 0 1 0 0 0 0 0 0 0 1 0 1 0 0 0 0 0 0 0 2 2 0 0 4 0 1 4 0 1 0 0 0 0 1 0 0 0 0 0 0 0 0 1 0 0 0 0 1 1 0 0 0 2 0 0 0 2 0 3 0 0 0 0 0 10 0 0 0 0 0 0 0 0 2 2 1 0 0 0 0 0 0 7
0 406 1 16 6 10 1 7 5 1 10 0 0 1 0 2 0 0 11 0 0 8 3 1 9 1 5 12 2 1 0 8 1 1 3 0 0 0 10 6 0 6 11 0 0 6 3 0 1 2 0 0 0 3 0 2 0 0 0 0 0 0 6 3 1 0 3 1 6 0 1 4 2 1 0 6 0 2 0 0 0 0 0 4 1 1 0 0 0 2 1 0 0 0 0 0 0 0 3 5 1 0 0 0 0 1 0 0 0 0 0 0 0 0 0 0 0 1 0 0 0 0 0 8 1 0 0 2 0 0 0 0 0 0 0 6 0 0 0 0 0 0 0 4 0 1 0 0 0 0 0 0 0 0 0 0 0 0 0 0 0 0 0 0 0 0 1 0 3 0 0 0 0 0 0 0 5 1 1 0 4 0 1 3 0 1 0 1 1 1 1 0 0 0 0 0 0 0 0 1 0 0 2 0 1 1 0 0 0 0 0 0 0 2 0 3 0 0 0 0 0 8 0 0 0 0 0 0 0 0 3 4 0 0 0 0 0 0 0 4
0 618 0 16 4 13 1 12 8 1 16 1 0 5 0 2 0 2 11 0 0 7 5 1 7 1 4 10 3 2 0 8 1 0 2 0 0 0 9 10 0 9 11 0 0 6 7 0 0 1 0 0 0 1 0 7 1 0 0 0 0 0 6 6 0 0 3 0 3 1 0 5 0 5 0 5 0 2 0 0 0 0 0 4 0 1 0 0 0 0 0 0 0 0 0 0 0 0 6 3 0 0 0 0 0 0 0 0 0 0 0 0 0 0 0 0 0 3 0 0 0 0 2 8 0 0 0 1 0 0 0 0 0 0 0 2 0 0 1 0 0 0 0 4 0 2 0 0 0 0 0 0 0 0 0 0 0 0 0 0 0 0 0 0 0 0 1 0 3 0 0 0 0 0 0 0 5 1 0 0 3 0 0 5 0 1 0 0 0 0 0 0 0 0 0 1 0 0 0 1 0 0 1 1 1 1 0 0 0 0 0 0 0 3 0 4 0 0 0 0 0 11 0 0 0 0 0 0 0 0 3 2 0 0 1 0 0 0 0 5
0 670 0 10 3 11 0 3 4 1 4 0 0 1 0 2 1 1 5 0 1 5 3 1 7 4 4 7 0 1 2 5 2 0 2 0 0 0 6 4 0 5 7 0 0 5 4 0 1 1 2 0 0 1 2 6 0 0 0 0 1 0 2 3 0 0 1 0 2 0 0 3 0 6 0 5 0 1 1 0 0 0 1 4 0 1 0 0 0 0 1 0 0 0 0 0 2 0 2 5 0 0 0 0 0 0 0 0 0 0 0 0 0 0 2 0 0 3 0 0 0 0 0 3 0 0 0 2 0 0 0 1 0 1 0 1 0 0 0 0 1 0 0 4 0 1 0 0 0 0 0 0 0 0 0 0 0 0 0 0 0 0 0 0 0 0 1 0 3 0 0 0 0 0 0 0 5 0 0 0 4 0 0 3 1 0 0 0 0 0 0 0 0 0 1 0 0 1 0 1 1 0 0 1 0 1 0 0 0 0 0 0 0 2 0 5 1 0 0 0 0 5 0 0 1 0 0 0 0 0 3 1 0 0 1 0 0 0 0 4
0 593 0 13 3 10 2 6 8 4 6 0 0 2 0 2 0 1 10 0 0 5 3 1 9 1 2 9 3 1 0 4 1 0 2 0 0 0 12 8 0 5 10 0 0 7 3 0 0 2 0 0 0 1 0 2 0 0 0 0 0 0 3 3 0 0 2 0 1 1 0 3 0 0 0 4 1 2 0 0 0 0 0 2 0 1 0 0 0 0 0 0 0 0 0 0 1 0 2 3 0 0 0 0 0 1 0 0 0 0 0 0 1 0 0 1 0 3 0 0 0 0 0 4 0 0 0 1 0 0 0 0 1 0 0 5 0 0 0 0 0 0 1 3 0 1 0 0 0 0 0 0 0 0 0 0 0 0 0 0 0 0 0 0 0 0 1 0 2 0 0 0 0 0 0 0 4 1 0 0 3 0 0 3 0 0 0 0 0 1 0 0 0 0 0 0 0 0 0 1 0 0 0 1 1 1 0 0 0 0 0 0 0 3 1 4 0 0 0 0 0 11 0 0 0 0 0 0 0 0 2 2 0 0 0 0 0 0 0 6
0 550 0 13 2 8 1 1 4 0 3 0 0 0 0 1 0 0 3 0 0 10 2 1 5 4 3 7 0 1 0 5 1 0 2 0 0 0 6 4 0 5 6 0 0 7 4 0 0 1 0 0 0 2 0 7 0 0 0 0 0 0 1 2 0 0 1 1 4 0 1 5 0 4 1 4 0 1 0 0 1 0 0 2 0 1 0 0 0 0 0 0 0 0 0 0 0 0 2 5 0 0 0 0 0 0 0 0 0 0 0 0 0 0 0 0 0 4 0 0 0 0 0 4 0 0 0 2 0 0 0 0 0 0 0 1 0 0 0 0 0 1 0 2 0 1 0 1 0 0 0 0 0 0 0 0 0 0 0 0 0 0 0 0 0 0 1 0 1 0 0 0 0 0 0 0 4 1 0 0 7 0 0 1 0 1 1 0 0 0 0 0 0 0 0 0 0 0 0 1 0 0 0 1 0 1 0 0 0 0 0 0 0 2 0 3 0 0 0 0 0 4 0 0 0 0 0 0 0 1 3 1 0 0 0 0 0 0 0 4
0 60 0 6 1 0 1 2 0 0 1 0 0 0 0 0 0 0 1 0 0 3 2 0 1 0 1 1 1 0 0 1 0 0 1 1 0 0 0 0 0 1 0 0 0 4 7 0 0 0 0 0 0 2 0 3 0 0 0 0 0 0 0 1 0 1 0 1 3 0 1 3 0 5 1 0 0 0 0 0 0 0 0 1 0 0 0 0 0 0 0 0 0 0 0 0 0 0 0 1 0 0 0 0 0 0 0 0 0 0 0 0 0 0 0 0 0 3 0 0 0 0 0 2 0 0 0 1 0 0 0 0 0 0 0 0 0 0 0 0 0 1 0 1 0 0 0 1 0 0 0 0 0 0 0 1 0 0 0 0 0 0 0 0 0 0 0 0 0 0 0 0 0 0 0 0 2 1 0 0 4 0 0 0 0 0 1 0 0 0 0 0 0 0 0 0 0 0 0 0 0 0 0 1 0 0 0 0 0 0 0 0 0 0 0 2 0 0 0 0 0 1 0 0 0 0 0 0 0 1 2 0 0 0 0 0 0 0 0 3
0 93 0 3 1 0 2 1 0 0 1 0 0 0 0 1 0 0 2 0 0 4 2 0 1 1 1 0 0 0 0 1 0 0 1 0 0 0 0 3 0 3 0 0 0 3 2 0 0 0 0 0 0 1 0 2 0 0 0 0 0 0 0 1 0 0 0 2 2 0 1 2 0 3 1 1 0 0 0 0 0 0 0 1 0 0 0 0 0 0 0 0 0 0 0 0 0 0 0 1 0 0 0 0 0 0 0 0 0 0 0 0 0 0 0 0 0 2 0 0 0 0 0 3 0 0 0 2 0 1 0 0 0 0 0 0 0 0 0 0 0 0 0 2 0 1 0 1 0 0 0 0 0 0 0 0 0 0 0 0 0 0 0 0 0 0 1 0 0 0 0 0 0 0 0 0 1 1 0 0 1 0 0 1 0 0 1 0 0 0 0 0 0 0 0 0 0 0 0 0 0 0 0 1 0 1 0 0 0 0 0 0 0 0 0 2 0 0 0 0 0 2 0 0 1 0 0 0 0 1 2 0 0 0 0 0 0 0 0 4
0 549 0 12 1 13 1 3 5 0 6 0 0 1 0 2 0 0 2 0 0 6 4 1 8 1 4 9 1 1 0 5 1 0 3 1 0 0 5 5 0 8 7 0 0 6 1 1 1 1 0 0 0 0 0 3 0 0 0 0 0 0 1 2 0 1 1 0 2 1 0 5 1 1 0 4 0 1 0 0 0 0 0 3 0 2 0 0 0 0 0 0 0 0 0 0 0 0 2 5 0 0 0 0 0 0 0 0 0 0 0 0 0 0 0 0 0 1 0 0 0 0 0 2 0 0 0 2 0 0 0 0 0 0 0 2 0 0 0 0 0 0 0 2 0 1 0 0 0 0 0 0 0 0 0 0 0 0 0 0 0 0 0 0 0 0 1 0 2 0 0 0 0 0 0 0 4 0 0 1 5 0 0 1 0 0 0 0 0 0 0 0 0 1 0 0 0 0 0 1 0 0 0 1 0 1 0 0 0 0 0 0 0 2 0 4 0 0 0 0 0 5 1 0 0 0 0 0 0 0 5 1 0 0 0 0 0 0 0 3
0 121 0 7 1 3 1 2 3 0 3 0 0 1 0 1 0 0 0 0 0 4 3 1 4 1 0 2 0 0 0 3 0 0 3 1 0 0 0 3 0 5 3 0 0 3 1 1 1 1 0 0 0 0 0 1 0 0 0 0 0 0 2 2 0 1 0 0 1 0 0 2 1 0 0 1 0 0 0 0 0 0 0 0 0 1 0 0 0 0 0 0 0 0 0 0 0 0 0 3 0 0 0 0 0 0 0 0 0 0 0 0 0 0 0 0 0 0 0 0 0 0 0 1 0 0 0 2 0 0 0 0 0 0 0 0 0 0 0 0 0 0 0 1 0 1 0 0 0 0 0 0 0 0 0 0 0 0 0 0 0 0 0 1 0 0 1 0 0 0 0 0 0 0 0 0 1 0 0 1 6 0 0 2 0 0 0 0 0 0 0 0 0 0 0 0 0 0 0 1 0 0 0 1 0 1 0 0 0 0 0 0 0 1 0 3 0 0 0 0 0 0 0 0 0 0 0 0 0 0 4 0 0 0 0 0 0 0 0 2
0 595 0 19 3 10 1 4 6 1 7 0 0 3 0 2 0 1 10 1 0 10 4 1 5 1 3 11 1 1 0 9 1 0 2 0 0 0 8 11 0 5 11 0 0 5 5 0 0 1 0 0 0 2 0 6 0 0 0 0 0 0 7 6 0 0 1 0 7 0 1 6 0 4 0 4 0 3 0 0 0 0 0 4 0 1 0 0 0 0 1 0 0 0 0 0 0 0 3 8 0 0 0 0 0 0 0 0 0 0 0 0 0 0 0 0 0 2 0 0 0 1 0 5 0 0 0 1 0 0 0 0 0 1 0 5 0 0 0 0 0 0 0 5 0 1 0 0 0 0 0 0 0 0 0 0 0 0 0 0 0 0 0 0 0 0 1 0 1 0 0 0 0 0 0 0 6 0 0 0 10 0 0 4 0 0 0 0 0 1 0 0 0 0 0 0 0 0 0 1 0 0 0 1 1 1 0 0 0 0 0 0 1 3 0 7 0 0 0 0 0 15 0 0 0 0 0 0 0 0 3 5 0 0 0 0 0 0 0 6
1 3003 0 5 2 13 4 17 3 4 13 5 0 0 0 1 0 0 14 1 0 9 2 0 11 1 6 4 5 0 0 1 0 0 1 0 0 0 7 6 0 12 6 0 0 7 18 1 0 0 0 0 0 0 0 4 0 0 0 0 1 0 2 15 3 1 1 1 10 1 0 4 4 5 0 5 1 3 0 0 0 0 0 3 0 0 0 0 0 0 0 0 1 0 0 0 0 0 0 2 1 0 0 0 0 0 0 0 0 0 0 0 0 0 0 0 0 2 0 1 0 0 0 2 0 0 0 0 0 0 0 0 0 0 0 3 0 0 0 0 0 0 1 6 0 2 0 0 0 0 0 0 0 0 0 0 0 0 0 0 1 0 0 0 0 0 1 0 1 0 0 0 0 0 0 0 0 0 0 0 2 0 0 5 0 0 0 0 0 0 1 0 0 0 0 0 0 0 0 0 0 0 0 0 0 0 1 0 0 1 0 0 0 2 0 2 0 0 0 0 0 2 0 0 0 0 0 0 0 0 7 0 1 0 0 0 0 0 0 5
1 631 0 2 1 10 2 6 3 5 6 0 1 0 0 2 0 0 7 0 0 3 1 0 8 3 5 5 3 0 0 1 1 0 1 0 0 0 8 1 0 3 3 0 0 8 6 1 0 0 0 0 0 0 0 3 1 0 0 0 1 0 1 6 0 2 0 0 6 0 0 3 2 3 0 10 0 3 0 0 0 0 0 4 0 0 0 0 0 0 0 0 0 0 0 0 0 0 1 1 1 0 0 0 0 0 0 0 0 0 0 0 0 0 1 0 0 1 0 1 0 0 0 2 0 0 0 1 0 0 0 0 0 0 0 3 0 0 0 0 0 0 1 5 0 0 0 0 0 0 0 0 0 0 0 0 0 0 0 0 1 0 0 0 0 0 0 0 1 0 0 0 0 0 0 0 0 0 0 0 1 0 0 2 0 0 0 0 0 0 1 0 0 0 0 0 0 0 1 0 0 0 0 0 0 0 0 1 0 0 0 0 0 2 0 4 0 0 0 0 0 2 0 0 0 0 0 0 0 0 5 0 0 0 0 0 0 0 0 3
0 230 0 4 1 3 2 4 1 1 4 0 0 0 0 0 0 0 3 0 0 1 1 0 7 2 3 4 2 0 0 3 2 0 1 0 0 0 6 1 0 1 1 0 0 6 8 1 0 0 0 0 0 0 0 2 0 0 0 0 1 0 1 5 0 1 0 0 5 1 0 4 1 2 0 3 0 4 0 0 0 0 0 2 0 0 0 0 0 1 0 0 0 0 0 0 0 0 0 0 0 0 0 0 0 0 0 0 0 0 0 0 0 0 1 0 0 0 0 0 0 0 0 1 1 0 0 1 0 0 0 0 0 0 0 2 0 0 0 0 0 0 1 4 0 0 0 0 0 0 0 0 0 0 0 0 0 0 0 0 1 0 0 0 0 0 0 0 0 0 0 0 0 0 0 0 0 0 0 0 0 0 1 1 0 0 0 1 0 0 1 1 0 0 0 0 0 0 0 0 0 0 0 0 0 0 0 1 0 0 0 0 0 2 0 3 0 0 0 0 0 1 0 0 0 0 0 0 0 0 4 1 0 0 0 0 0 0 0 3
0 225 0 6 1 5 2 3 1 1 4 0 0 0 0 0 0 0 4 0 0 1 1 0 7 2 4 4 2 0 0 2 1 0 0 0 0 0 5 1 0 3 3 0 0 7 2 1 0 0 0 0 0 0 0 0 0 0 0 0 1 0 1 3 0 1 0 0 4 0 0 2 1 2 0 5 0 3 0 0 0 0 0 1 0 0 0 0 0 0 0 0 0 0 0 0 0 0 0 1 0 0 0 0 0 0 0 0 0 0 0 0 0 0 1 0 0 0 0 0 0 0 0 1 0 0 0 1 0 0 0 0 0 0 0 3 0 0 0 0 0 0 1 3 0 0 0 0 0 0 0 0 0 0 0 0 0 0 0 0 1 0 0 0 0 0 0 0 1 0 0 0 0 0 0 0 0 1 0 0 1 0 0 1 0 0 0 0 0 0 1 0 0 0 0 0 0 0 0 0 0 0 0 0 0 0 0 1 0 0 0 0 0 2 0 3 0 0 0 0 0 0 0 0 0 0 0 0 0 0 4 0 1 0 0 0 0 0 0 2
0 218 0 3 2 3 2 3 1 3 3 0 0 0 0 0 0 0 3 0 0 2 3 0 7 5 3 4 4 0 0 3 1 0 0 0 0 0 7 1 0 2 1 0 1 6 3 1 0 1 0 0 0 0 0 0 0 0 0 0 1 0 1 3 0 1 0 0 5 0 0 2 1 2 0 4 1 3 0 0 0 0 0 2 0 0 0 0 0 0 0 0 0 0 0 0 0 0 1 0 0 0 0 0 0 0 0 0 0 0 0 0 0 0 2 0 0 0 0 0 0 0 0 2 0 0 0 1 0 0 0 0 0 0 0 2 0 0 0 0 0 0 1 4 0 0 0 0 0 0 0 0 0 0 0 0 0 0 0 0 1 0 0 0 0 0 0 0 0 0 0 0 0 0 0 0 0 0 0 0 0 0 0 2 0 0 0 0 0 0 1 0 0 0 0 0 0 0 0 0 0 0 0 0 0 0 0 1 0 0 0 0 0 2 0 5 0 0 0 0 0 0 0 0 0 0 0 0 0 0 3 0 0 0 0 0 0 0 0 2
