0 0 0 1 0 2 0 1 0 0 0 0 0 0 0 0 0 0 1 0 0 1 0 0 1 0 0 0 1 0 0 0 0 0 0 0 0 0 0 0 0 0 1 0 0 1 0 0 0 0 0 0 0 0 0 0 0 1 0 0 0 0 0 0 0 0 0 0 0 0 0 0 0 0 0 0 0 0 0 0 0 0 0 0 0 0 0 0 0 0 0 0 0 0 0 0 0 0 1 0 0 0 0 0 0 0 0 0 0 0 0 0 0 0 1 0 0 0 0 0 0 0 0 1 0 0 0 0 0 0 0 0 0 0 0 0 0 0 0 0 0 0 0 0 0 0 0 0 0 0 0 0 0 0 0 0 0 0 0 0 0 0 0 0 0 0 0 0 0 0 0 0 0 0 0 0 0 0 0 0 0 0 0 0 0 0 0 0 0 0 0 0 0 0 0 0 0 0 0 0 0 0 0 0 0 0 0 0 0 0 0 0 0 0 0 0 0 0 0 0 0 1 0 0 0 0 0 1 0 0 0 0 0 0 0 0 0 0 0 0
0 269 0 12 1 3 0 7 2 0 10 0 0 3 0 4 0 2 6 2 0 8 5 0 5 8 7 13 8 1 0 7 6 0 0 0 0 0 10 1 0 2 6 0 1 5 3 0 1 5 0 0 0 5 0 6 0 0 0 1 0 1 6 2 0 1 2 0 15 0 2 7 2 11 0 3 0 4 0 0 0 0 0 2 0 0 0 0 0 1 0 0 1 0 1 0 0 0 1 7 0 0 0 0 0 0 0 0 0 0 0 0 0 0 0 0 0 2 0 0 0 0 1 8 0 0 0 2 0 0 0 2 0 0 1 2 0 0 0 0 2 0 0 4 0 0 0 0 0 0 0 0 1 2 1 0 0 0 0 0 0 0 1 0 0 0 0 0 3 0 1 0 0 1 0 0 1 1 0 0 4 0 0 5 0 0 0 0 0 1 0 0 0 0 0 0 0 1 1 0 1 0 0 0 0 0 0 0 0 1 0 0 1 0 0 5 0 0 0 0 0 5 0 0 0 0 0 0 0 0 6 0 1 0 1 0 1 0 0 2
0 8 0 1 0 0 0 1 1 0 0 0 0 0 0 0 0 0 0 0 0 1 0 0 1 0 0 0 0 0 0 0 0 0 0 0 0 0 2 0 0 0 3 0 0 0 0 0 0 0 0 0 0 0 0 0 0 0 0 0 0 0 0 0 0 0 0 0 1 0 0 0 0 0 0 0 0 0 0 0 0 0 0 0 0 0 0 0 0 0 0 0 0 0 0 0 0 0 0 0 0 0 0 0 0 0 0 0 0 0 0 0 0 0 0 0 0 0 0 0 0 0 0 0 0 0 0 0 0 0 0 0 0 0 0 0 0 0 0 0 0 0 0 0 0 0 0 0 0 0 0 0 0 0 0 0 0 0 0 0 0 0 0 0 0 0 0 0 0 0 0 0 0 0 0 0 0 0 0 0 0 0 0 0 0 0 0 0 0 0 0 0 0 0 0 0 0 0 0 0 0 0 0 0 0 0 0 0 0 0 0 0 0 0 0 0 0 0 0 0 0 1 0 0 0 0 0 0 0 0 0 0 0 0 0 0 0 0 0 0
0 14 0 1 0 0 0 0 1 1 2 0 0 0 0 0 0 0 0 0 0 2 1 0 1 1 1 1 0 0 0 0 1 0 0 0 0 0 3 0 0 0 3 0 0 1 0 0 0 0 0 0 0 1 0 1 0 0 0 0 0 0 0 0 0 0 0 0 2 0 0 0 0 0 0 1 0 0 0 0 0 0 0 0 0 0 0 0 0 0 0 0 0 0 0 0 0 0 0 3 0 0 0 0 0 0 0 0 0 0 0 0 0 0 0 0 0 1 0 0 0 0 0 1 0 0 0 0 0 0 0 0 0 0 0 0 0 0 0 0 0 0 0 0 0 0 0 0 0 0 0 0 0 0 0 0 0 0 0 0 0 0 0 0 0 0 0 0 1 0 0 0 0 0 0 0 0 0 0 0 0 0 0 0 0 0 0 0 0 0 0 0 0 0 0 0 0 0 0 0 0 0 0 0 0 0 0 0 0 0 0 0 0 0 0 0 0 0 0 0 0 2 0 0 0 0 0 0 0 0 1 1 0 0 0 0 0 0 0 0
0 350 0 10 1 5 0 8 2 0 17 0 1 3 0 5 0 0 6 2 0 6 7 0 12 7 4 11 7 0 1 7 8 0 0 2 0 0 13 1 0 5 3 0 1 6 3 0 1 7 0 0 0 6 1 9 0 0 0 1 0 1 8 1 0 1 1 0 12 0 2 10 2 12 0 2 0 3 0 0 0 0 0 3 0 0 0 0 0 0 0 0 1 0 1 0 0 0 3 6 0 0 0 0 0 0 0 2 0 0 0 0 0 0 1 0 0 1 0 0 0 0 1 8 0 0 0 2 0 0 0 2 0 0 1 3 0 0 0 0 2 1 0 6 0 0 0 1 0 0 0 0 1 2 1 0 0 0 0 0 0 0 1 0 0 0 0 0 4 0 1 0 0 1 0 0 0 0 0 0 4 0 0 5 0 0 0 0 0 1 1 0 1 0 0 0 0 1 1 0 1 1 1 0 0 0 0 0 0 1 0 0 1 0 0 4 0 1 0 0 0 4 0 0 0 0 0 0 0 0 7 1 2 0 1 0 1 0 0 3
1 1368 2 12 5 3 1 32 21 2 30 1 0 9 1 13 0 7 11 0 1 35 23 0 12 15 18 38 31 7 4 35 14 1 1 0 0 0 23 1 1 1 5 0 1 8 0 0 1 23 0 0 1 23 0 32 0 0 0 0 2 2 19 1 2 1 1 0 34 0 3 11 2 16 0 4 2 9 2 0 1 0 1 22 1 1 0 0 0 1 0 0 2 0 4 1 5 1 8 21 1 0 0 0 0 1 0 0 1 0 0 1 0 0 0 0 0 18 0 0 1 2 1 27 1 0 1 15 0 0 0 2 2 2 0 24 1 0 0 1 7 0 0 38 2 0 0 0 0 0 0 0 0 1 1 1 0 0 0 0 0 0 0 0 1 1 0 0 1 0 0 1 0 0 0 1 2 2 0 1 25 0 0 23 1 1 0 1 2 0 0 1 2 2 0 0 0 0 0 0 0 0 1 5 0 0 0 0 2 0 0 2 2 3 0 30 0 0 0 1 0 14 0 0 0 0 0 0 0 0 10 1 1 0 0 0 1 0 0 5
0 269 0 0 2 1 1 1 0 4 2 0 0 0 0 0 0 0 1 0 0 3 1 0 2 0 2 4 4 0 0 4 1 0 1 0 0 0 2 0 0 1 0 0 0 2 1 0 0 2 0 0 0 1 0 2 0 0 0 0 0 0 2 3 0 0 0 0 1 0 1 3 0 3 0 1 0 0 0 0 1 0 0 0 0 0 0 0 0 0 0 0 0 0 0 0 0 0 1 1 0 0 0 0 0 0 0 0 0 0 0 0 0 0 0 0 0 0 0 0 0 1 0 2 0 0 0 1 0 0 0 0 0 0 0 3 0 0 0 0 0 0 0 2 0 1 0 0 0 0 0 0 0 0 0 0 0 0 0 0 0 0 0 0 0 0 0 0 1 0 0 0 0 0 0 1 0 0 0 0 1 0 0 0 1 1 0 0 0 0 0 0 0 1 0 0 0 0 0 0 0 0 0 0 0 0 0 0 0 0 0 0 0 1 0 1 0 0 0 0 0 6 0 0 0 0 0 0 0 0 2 0 0 0 0 0 0 0 0 3
1 671 0 8 5 5 0 27 14 2 19 1 0 5 1 9 0 3 11 0 1 16 12 0 12 13 10 24 17 5 0 20 7 0 0 1 1 0 17 3 1 2 5 0 0 10 0 0 0 15 0 0 1 12 2 14 0 0 0 0 1 1 5 2 1 1 1 2 13 2 2 11 4 14 0 7 1 5 2 0 1 0 1 6 0 1 0 0 0 1 0 0 2 0 1 0 4 1 6 10 1 0 0 0 0 1 0 0 1 0 0 0 0 0 0 0 0 11 0 0 1 2 0 12 0 0 0 9 0 1 0 0 1 1 0 11 1 0 0 1 4 0 0 17 2 0 0 0 0 0 0 0 0 1 1 1 0 0 0 0 0 0 0 0 0 1 0 0 2 0 0 1 0 0 0 1 4 1 0 1 10 0 0 12 1 3 0 0 2 0 0 0 1 1 0 0 0 0 0 0 0 0 2 1 0 0 1 0 1 0 0 0 0 3 0 13 0 1 0 0 0 12 0 0 0 0 0 0 0 0 15 1 1 0 2 0 0 0 0 4
0 21 0 1 0 0 0 0 0 0 1 0 0 1 0 0 0 0 1 0 0 1 0 0 2 1 0 0 1 0 0 1 1 0 0 0 0 0 1 0 0 0 0 0 0 1 0 0 0 1 0 0 0 0 0 1 0 0 0 0 0 0 0 0 0 0 0 0 1 0 0 0 1 0 0 0 0 0 0 0 0 0 0 0 0 0 0 0 0 0 0 0 0 0 0 0 0 0 1 0 0 0 0 0 0 0 0 0 0 0 0 0 0 0 0 0 0 0 0 0 0 0 0 0 0 0 0 0 0 0 0 0 0 0 0 1 0 0 0 0 0 0 0 0 0 0 0 0 0 0 0 0 0 0 0 0 0 0 0 0 0 0 0 0 0 0 0 0 0 0 0 0 0 0 0 0 0 0 0 0 0 0 0 0 0 1 0 0 0 0 0 0 0 0 0 0 0 0 0 0 0 0 1 0 0 0 0 0 0 0 0 0 0 0 0 0 0 0 0 0 0 3 0 0 0 0 0 0 0 0 2 1 0 0 0 0 0 0 0 0
1 682 0 6 3 4 0 14 7 2 10 1 0 3 1 4 0 2 2 0 0 14 11 0 7 7 8 19 18 3 0 13 2 0 0 0 0 1 14 0 1 3 2 0 0 3 4 0 0 11 0 0 1 9 2 8 0 0 0 0 0 1 6 4 1 0 1 0 9 0 2 4 3 7 0 5 0 4 2 0 1 0 1 5 0 1 0 0 0 1 0 0 2 0 1 0 4 1 5 10 0 0 0 0 0 0 0 0 1 0 0 0 0 0 0 0 0 7 0 0 1 2 0 9 0 0 0 6 0 0 0 0 1 1 1 9 0 0 0 1 4 0 0 11 2 0 0 0 0 0 0 0 0 0 0 1 0 0 0 0 0 0 0 0 0 1 0 0 1 0 0 1 0 0 0 1 2 2 0 0 7 0 0 10 1 3 0 0 2 0 0 0 1 1 0 0 1 0 0 0 0 0 1 0 0 0 0 0 0 0 0 0 0 3 0 12 0 0 0 0 0 5 0 0 0 0 0 0 0 0 7 0 0 0 1 0 0 0 0 3
0 527 1 14 3 2 0 29 11 1 17 0 0 7 0 7 0 5 8 0 0 15 14 0 14 13 14 25 20 5 1 22 7 0 1 0 0 0 16 1 1 1 6 0 1 16 6 0 0 17 0 0 1 11 0 14 0 0 0 0 0 1 10 8 1 1 1 1 21 0 1 15 2 11 0 3 1 6 2 0 1 0 1 11 0 1 0 0 0 1 0 0 0 0 2 0 2 1 6 11 0 0 1 0 0 1 0 0 0 0 0 0 0 0 0 0 0 11 0 0 1 2 0 13 0 0 0 9 0 0 0 1 0 1 0 13 0 0 0 0 4 0 1 22 1 0 0 0 0 0 0 0 0 1 0 0 0 0 0 0 0 0 0 0 0 1 0 0 2 0 0 1 1 0 0 1 1 1 0 1 10 0 0 10 1 3 0 0 1 0 0 0 1 1 0 0 1 0 0 0 0 0 1 1 0 0 0 0 1 0 0 1 0 1 0 17 1 0 0 0 0 10 0 0 0 0 0 0 0 0 10 0 0 1 0 0 1 0 0 10
0 58 1 5 1 2 0 9 0 1 4 0 0 1 0 0 0 0 0 0 0 3 2 0 6 1 2 4 4 0 0 5 2 0 1 0 0 0 3 0 0 1 0 0 0 7 4 0 0 1 0 0 0 2 0 3 0 0 0 0 0 0 1 4 0 0 0 1 2 0 0 3 0 2 0 1 0 1 0 0 0 0 0 1 0 0 0 0 0 0 0 0 0 0 0 0 0 0 2 3 0 0 1 0 0 0 0 0 0 0 0 0 0 0 0 0 0 1 0 0 1 1 0 3 0 0 0 2 0 0 0 0 0 0 0 2 0 0 0 0 0 0 0 5 0 0 0 0 0 0 0 0 0 0 0 0 0 0 0 0 0 0 0 0 0 0 0 0 1 0 0 0 0 0 0 0 0 0 0 0 2 0 0 1 1 2 0 0 0 0 0 0 0 1 0 0 1 0 0 0 0 0 0 0 0 0 0 0 0 0 0 0 0 0 0 5 1 0 0 0 0 4 0 0 0 0 0 0 0 0 1 0 0 1 0 0 0 0 0 1
0 139 2 4 1 1 0 6 0 1 1 0 0 1 0 0 0 0 0 0 0 5 3 0 5 1 2 2 5 0 0 3 0 0 0 0 0 0 4 0 0 0 1 0 0 6 2 0 0 3 0 0 0 1 0 3 0 0 0 0 0 0 3 2 0 0 0 0 3 0 0 2 1 2 0 1 0 1 0 0 0 0 0 2 0 0 0 0 0 0 0 0 0 0 0 0 0 0 2 4 0 0 1 0 0 0 0 0 0 0 0 0 0 0 0 0 0 1 0 0 0 1 0 3 0 0 0 1 0 0 0 0 0 0 1 1 0 0 0 0 1 0 0 5 0 0 0 0 0 0 0 1 0 0 0 0 0 0 0 0 0 0 0 0 0 0 0 0 1 0 0 0 0 1 0 0 0 0 0 0 2 0 0 1 1 1 0 0 0 1 0 0 0 0 0 0 1 0 0 0 0 0 0 0 0 0 0 0 0 0 0 0 0 0 0 4 1 0 0 0 0 3 0 0 0 0 0 0 0 0 1 0 0 1 0 0 0 0 0 0
0 82 0 4 1 1 0 4 0 1 1 0 0 0 0 0 0 0 0 0 0 3 2 0 4 1 2 2 5 0 0 3 1 0 0 0 0 0 2 1 0 0 1 0 0 5 1 0 0 1 0 0 0 1 0 3 0 0 0 0 0 0 1 2 0 0 0 0 2 0 0 3 1 2 0 1 0 0 0 0 0 0 0 1 0 0 0 0 0 0 0 0 0 0 0 0 0 0 2 2 0 0 0 0 0 0 0 0 0 0 0 0 0 0 0 0 0 1 0 0 0 0 0 3 0 0 0 1 0 0 0 0 0 0 1 1 0 0 0 0 0 0 0 2 0 0 0 0 0 0 0 0 0 0 0 0 0 0 0 0 0 0 0 0 0 0 0 0 1 0 0 0 0 0 0 0 0 0 0 0 3 0 1 2 1 1 0 0 0 0 0 0 0 0 0 0 1 0 0 0 0 0 0 0 0 0 0 0 0 1 0 0 0 0 0 1 1 0 0 0 0 2 0 0 0 0 0 0 0 0 1 0 0 1 0 0 0 0 0 1
0 23 0 4 1 1 0 2 0 0 1 1 0 0 0 0 0 0 1 0 0 2 1 0 3 1 2 2 4 0 0 2 0 0 0 0 0 0 2 1 0 0 1 0 0 4 1 0 0 1 0 0 0 0 0 1 0 0 0 0 0 0 1 0 0 0 0 0 2 0 0 2 1 2 0 1 0 0 0 0 0 0 0 1 0 0 0 0 0 0 1 0 0 0 0 0 0 0 1 1 0 0 0 0 0 0 0 0 0 0 0 0 0 0 0 0 0 1 0 0 0 0 1 3 0 0 0 1 0 0 0 1 0 0 1 2 0 0 0 0 0 0 0 2 0 0 0 0 0 0 0 0 0 0 0 0 0 0 0 0 0 0 0 0 0 0 0 0 1 0 0 0 0 0 0 0 1 0 0 0 1 0 0 1 1 1 1 0 0 0 0 0 0 0 0 0 1 0 0 0 0 0 0 0 0 0 0 0 0 0 0 0 0 0 0 0 1 0 0 0 0 2 0 0 0 0 0 0 0 0 1 0 0 1 0 0 0 0 0 0
0 15 0 2 0 1 0 2 0 0 0 0 0 0 0 0 0 0 0 0 0 1 0 0 2 1 1 0 2 0 0 2 0 0 0 0 0 0 2 0 0 0 1 0 0 3 1 0 0 0 0 0 0 0 0 1 0 0 0 0 0 0 0 0 0 0 0 0 2 0 0 1 1 1 0 1 0 0 0 1 0 0 0 1 0 0 0 0 0 0 0 0 0 0 0 0 0 0 1 1 0 0 0 0 0 0 0 0 1 0 0 0 0 0 0 0 0 1 0 0 0 0 0 2 0 0 0 0 0 0 0 0 0 0 0 0 0 0 0 0 0 0 0 1 0 0 0 0 0 0 0 0 0 0 0 0 0 0 0 0 0 0 0 0 0 0 0 0 1 0 0 0 0 0 1 0 0 0 0 0 1 0 0 1 0 1 0 0 0 0 0 0 0 0 0 0 1 0 0 0 0 0 0 0 0 0 0 0 0 0 0 0 0 0 0 0 1 0 0 0 0 1 0 0 0 0 0 0 0 0 2 1 0 1 0 0 0 0 0 0
0 41 1 5 1 2 0 6 0 1 3 0 0 1 0 0 0 0 0 0 0 3 3 0 6 1 3 3 4 0 0 6 1 0 0 0 0 0 3 0 0 1 1 0 0 6 1 0 0 1 0 0 0 2 0 3 0 0 0 0 0 0 3 3 0 0 0 1 2 0 0 3 1 2 0 3 0 1 0 0 0 0 0 1 0 0 0 0 0 0 0 0 0 0 0 0 0 0 2 5 0 0 1 0 0 0 0 0 0 0 0 0 0 0 0 0 0 1 0 0 0 1 0 4 0 0 0 2 0 0 0 0 0 0 0 1 1 0 0 0 0 0 0 3 0 0 0 0 0 0 0 0 0 0 0 0 0 0 0 0 0 0 0 0 0 0 0 0 1 0 0 0 0 0 0 0 0 1 0 0 3 0 0 3 1 2 0 0 0 0 0 0 0 1 0 0 1 0 0 0 0 0 0 0 0 0 0 0 0 0 0 0 0 0 0 4 1 0 0 0 0 5 0 0 1 0 0 0 0 0 1 0 0 1 0 0 0 0 0 0
0 435 1 7 2 1 0 20 8 1 13 0 0 3 0 3 0 2 0 0 0 8 10 0 5 11 8 14 11 4 0 14 3 0 0 0 0 0 11 0 0 0 0 0 0 7 0 0 0 12 0 0 1 9 0 9 0 0 0 0 0 1 7 2 1 1 1 0 12 0 1 6 0 7 0 1 1 4 1 0 1 0 1 7 0 1 0 0 0 1 0 0 0 0 1 0 1 1 4 7 0 0 1 0 0 0 0 0 0 0 0 0 0 0 0 0 0 7 0 0 0 1 0 8 0 0 0 6 0 0 0 0 0 1 0 9 0 0 0 0 3 0 0 13 1 0 0 0 0 0 0 0 0 1 0 0 0 0 1 0 0 0 0 0 0 0 0 0 2 0 0 1 0 0 0 1 1 1 0 1 4 0 1 7 1 2 0 0 0 0 0 0 0 1 0 0 0 0 0 0 0 0 0 0 0 0 0 0 1 0 0 1 0 2 0 10 0 0 0 0 0 4 0 0 0 0 0 0 0 0 5 0 0 1 0 0 0 0 0 2
0 68 1 1 1 1 0 2 0 0 4 0 0 0 0 0 0 0 0 0 0 1 2 0 1 2 2 3 2 0 0 3 0 0 0 0 0 0 2 0 0 0 0 0 0 3 1 0 0 2 0 0 0 2 0 4 0 0 0 0 0 0 2 0 1 0 0 0 1 0 0 1 0 2 0 0 0 0 0 0 0 0 0 1 0 0 0 0 0 0 0 0 0 0 0 0 0 0 2 2 0 0 1 0 0 0 0 0 0 0 0 0 0 0 0 0 0 1 0 0 0 0 0 2 0 0 0 1 0 0 0 0 0 0 0 1 0 0 0 0 0 0 0 2 0 0 0 0 0 0 0 0 0 0 0 0 0 0 1 0 0 0 0 0 0 0 0 0 2 0 0 0 0 0 0 0 0 0 0 0 3 0 0 3 1 2 0 0 0 0 0 0 0 1 0 0 0 0 0 0 0 0 0 0 0 0 0 0 0 0 0 0 0 1 0 2 0 0 0 0 0 4 0 0 0 0 0 0 0 0 1 0 0 1 0 0 0 0 0 0
0 252 1 4 3 3 0 4 0 1 4 0 0 0 0 0 0 0 0 0 0 5 5 0 2 2 4 4 3 0 0 5 1 0 1 0 0 0 4 0 0 2 0 0 0 3 1 0 0 3 0 0 0 2 0 4 0 0 0 0 0 0 1 1 0 0 1 0 1 0 1 3 1 5 0 4 0 2 0 0 0 0 0 2 0 0 0 0 0 0 0 0 0 0 0 0 1 0 2 3 0 0 1 0 0 0 0 0 0 1 0 0 0 0 0 0 0 1 0 0 0 1 0 4 0 0 0 2 0 0 0 0 0 0 0 3 0 0 0 0 0 0 0 3 0 0 0 0 0 0 0 0 0 0 0 0 0 0 0 0 0 0 0 0 0 0 0 0 1 0 0 0 0 0 0 1 1 0 0 0 2 0 0 2 1 2 0 0 0 0 0 0 0 2 0 0 0 0 0 0 0 0 0 0 0 0 0 0 0 0 0 0 0 1 0 4 0 0 0 0 0 3 0 0 0 0 0 0 0 0 2 0 0 1 0 0 0 0 0 1
0 86 0 2 1 0 1 3 0 1 2 0 0 0 0 0 0 0 0 0 0 2 3 0 2 1 2 3 2 0 0 3 0 0 0 0 0 0 2 0 0 0 0 0 0 3 3 0 0 1 0 0 0 1 0 3 0 0 0 0 0 0 2 2 0 0 0 0 1 0 0 2 0 3 0 0 0 0 0 0 0 0 0 1 0 0 0 0 0 0 0 1 0 0 0 0 1 0 2 3 0 0 1 0 0 0 0 0 0 0 0 0 0 0 0 0 0 1 0 0 0 1 0 3 0 0 0 0 0 0 0 0 0 1 0 1 0 0 0 0 0 0 0 3 0 0 0 0 0 0 0 0 0 0 0 0 0 0 0 0 0 0 0 0 0 0 0 0 1 0 0 0 0 0 0 0 1 0 0 0 2 0 0 1 1 1 0 0 0 0 0 0 0 1 0 0 0 0 0 0 0 0 0 0 0 0 0 0 0 0 0 0 0 0 0 2 0 0 0 0 0 2 0 0 0 0 0 0 0 0 0 0 0 1 0 0 0 0 0 0
2 1768 3 17 2 11 1 35 36 2 29 2 3 11 2 16 0 11 7 0 1 52 35 0 16 29 23 43 38 8 5 40 19 0 2 0 0 0 28 6 0 16 7 0 2 16 6 0 3 29 0 0 1 34 0 38 1 0 0 0 5 2 29 8 3 2 1 1 44 1 3 15 4 26 2 5 3 11 2 1 2 0 1 28 1 2 0 0 0 2 0 0 1 0 4 1 5 2 12 26 3 0 0 0 0 1 0 0 1 0 0 1 0 0 0 0 1 21 0 0 1 4 1 34 1 0 1 17 0 0 2 2 3 2 0 30 1 0 0 1 10 0 0 54 2 1 1 0 0 0 0 0 0 2 1 0 0 0 1 0 0 0 0 0 3 0 0 0 4 0 0 1 0 0 0 1 2 2 0 2 34 0 0 31 0 0 2 0 2 0 0 2 1 2 0 0 0 0 0 0 0 0 2 6 0 0 1 0 2 0 0 1 1 0 0 35 0 0 0 1 0 3 0 0 0 0 0 0 0 0 9 2 1 0 1 0 1 0 1 5
1 745 0 17 0 3 0 20 13 2 15 0 0 8 0 7 0 4 3 0 1 9 9 0 12 11 7 21 12 5 0 11 7 0 0 0 0 0 17 4 0 0 2 0 0 6 1 0 0 10 0 0 1 11 0 10 0 0 0 0 1 1 7 3 2 1 1 0 11 0 0 12 1 14 1 2 1 4 2 0 1 0 1 4 0 1 0 0 0 2 0 0 1 0 1 0 3 2 4 5 0 0 0 0 0 1 0 0 1 0 0 0 0 0 0 0 0 9 0 0 1 0 0 8 0 0 0 6 0 0 0 0 1 1 0 11 0 0 0 0 3 0 0 11 2 0 0 0 0 0 0 0 0 1 2 0 0 0 0 0 0 0 0 0 0 0 0 0 4 0 0 1 0 0 0 1 2 1 0 1 9 0 0 6 0 0 0 0 2 0 0 0 1 0 0 0 0 0 0 0 0 0 1 1 0 0 0 0 1 0 0 0 0 0 0 9 0 0 0 0 0 5 0 0 0 0 0 0 0 0 11 1 1 0 1 0 0 0 0 5
0 221 0 5 0 2 0 5 2 1 2 0 0 1 0 0 0 3 2 0 0 3 2 0 2 5 5 3 7 1 0 5 0 0 0 0 0 0 7 1 0 0 2 0 1 3 1 0 0 4 0 0 0 2 0 0 0 0 0 0 0 1 3 1 0 0 0 0 8 0 0 5 0 5 1 1 0 1 1 0 1 0 1 3 0 1 0 0 0 2 0 0 0 0 0 0 1 2 1 4 0 0 0 0 0 0 0 0 0 0 0 0 0 0 0 0 0 4 0 0 0 0 0 4 0 0 0 2 0 0 0 0 0 0 1 3 0 0 0 0 1 0 0 3 0 0 0 0 0 0 0 0 0 0 1 0 0 0 0 0 0 0 0 0 0 0 0 0 0 0 0 0 0 0 0 0 1 0 0 0 3 0 0 1 0 0 0 1 0 0 0 0 0 0 0 0 0 0 0 0 0 0 0 0 0 0 0 0 0 0 0 0 1 0 0 3 0 0 0 0 0 1 0 0 0 0 0 0 0 2 2 0 1 0 1 0 0 0 0 1
0 230 0 7 0 2 0 2 1 1 1 0 0 2 0 0 0 1 2 0 0 0 0 0 1 2 0 2 1 1 0 1 1 0 0 0 0 0 4 1 0 0 2 0 0 2 0 0 0 1 0 0 0 0 0 0 0 0 0 0 0 0 1 3 0 0 0 0 2 0 0 6 0 4 1 1 0 0 0 0 0 0 0 1 0 0 0 0 0 1 0 0 0 0 0 0 0 1 1 0 0 0 0 0 0 0 0 0 0 0 0 0 0 0 0 0 0 0 0 0 0 0 0 1 0 0 0 0 0 0 0 0 0 0 0 1 0 0 0 0 0 0 0 0 0 0 0 0 0 0 0 0 0 0 1 0 0 0 0 0 0 0 0 0 0 0 0 0 0 0 0 0 0 0 0 0 0 0 0 0 2 0 0 0 0 0 0 0 0 0 0 0 0 0 0 0 0 0 0 0 0 0 0 0 0 0 0 0 1 0 0 0 0 0 0 0 0 0 0 0 0 2 0 0 1 0 0 0 0 0 3 0 1 0 1 0 0 0 0 2
0 18 0 1 0 0 0 1 0 0 1 0 0 0 0 0 0 0 0 0 0 0 0 0 0 0 0 0 0 0 0 0 0 0 0 0 0 0 1 0 0 0 2 0 0 0 0 0 0 1 0 0 0 0 0 0 0 0 0 0 0 0 0 1 0 0 0 0 0 0 0 1 0 1 0 0 0 0 0 0 0 0 0 0 0 0 0 0 0 0 0 0 0 0 0 0 0 0 0 0 0 0 0 0 0 0 0 0 0 0 0 0 0 0 0 0 0 0 0 0 0 0 0 1 0 0 0 0 0 0 0 0 0 0 0 0 0 0 0 0 0 0 0 0 0 0 0 0 0 0 0 0 0 0 0 0 0 0 0 0 0 0 0 0 0 0 0 0 0 0 0 0 0 0 0 0 0 0 0 0 0 0 0 0 0 0 0 0 0 0 0 0 0 0 0 0 0 0 0 0 0 0 0 0 0 0 0 0 0 0 0 0 0 0 0 0 0 0 0 0 0 1 0 0 0 0 0 0 0 0 1 0 0 0 0 0 0 0 0 1
1 504 0 9 1 3 0 10 9 2 8 0 0 3 2 4 0 6 2 0 0 10 10 0 7 6 7 20 15 3 0 8 6 0 0 0 0 0 13 2 0 1 1 0 0 8 0 0 0 6 0 0 1 9 0 9 0 0 0 0 0 1 14 2 2 0 1 0 14 0 0 5 1 6 1 2 0 2 2 0 1 0 1 6 0 1 0 0 0 2 0 0 0 0 1 0 2 1 5 10 0 0 0 0 0 0 0 0 1 0 0 0 0 0 0 0 0 4 0 0 0 0 0 9 0 1 0 3 0 0 0 0 0 1 0 12 0 0 0 0 2 0 0 8 1 0 1 0 0 0 0 1 0 0 0 0 0 0 0 0 0 0 0 0 0 0 0 0 2 1 0 1 0 0 0 1 1 1 0 0 10 0 0 6 0 0 1 0 2 0 0 0 1 0 0 0 0 0 0 0 0 0 1 0 0 0 0 0 0 0 0 0 2 1 0 8 0 0 0 0 0 3 0 1 0 0 0 0 0 0 7 2 1 0 0 0 0 0 0 5
0 334 0 6 0 5 0 5 1 1 6 0 0 0 0 1 0 4 2 0 0 6 1 0 2 4 4 7 6 1 0 5 1 0 1 0 0 0 6 1 0 1 1 0 0 2 4 0 0 2 0 0 0 3 0 3 1 0 0 0 0 1 6 2 0 0 1 0 8 0 0 3 0 2 1 2 0 2 0 0 0 0 0 3 0 0 0 0 0 2 0 0 0 0 0 0 0 0 1 2 0 0 0 0 0 0 0 0 0 1 0 0 0 0 0 0 0 1 0 0 0 0 0 3 0 1 0 2 0 0 0 0 0 0 0 4 0 0 0 0 2 0 0 2 0 0 1 0 0 0 0 0 0 0 0 0 0 0 0 0 0 0 0 0 0 0 0 0 0 1 0 0 0 0 0 0 1 1 0 0 4 0 0 2 0 0 1 0 0 0 0 0 0 1 0 0 0 0 0 0 0 0 0 0 0 0 0 0 0 0 0 0 1 0 0 3 0 0 0 0 0 1 0 0 0 0 0 0 0 0 4 2 1 0 0 0 0 0 0 1
0 33 0 2 0 4 0 0 1 1 0 0 0 0 0 0 0 1 0 0 0 1 0 0 1 1 0 2 1 0 0 3 0 0 0 0 0 0 4 0 0 1 0 0 0 0 2 0 0 0 0 0 0 0 0 0 0 0 0 0 0 0 1 1 0 0 0 0 1 0 0 2 0 0 0 1 0 0 0 0 0 0 0 0 0 0 0 0 0 0 0 0 0 0 0 0 0 0 0 0 0 0 0 0 0 0 0 0 0 0 0 0 0 0 0 0 0 0 0 0 0 0 0 1 0 0 0 1 0 0 0 0 0 0 0 2 0 0 0 0 0 0 0 0 0 0 0 0 0 0 0 0 0 0 0 0 0 0 0 0 0 0 0 0 0 0 0 0 0 1 0 0 0 0 0 0 0 0 0 0 1 0 0 0 0 0 0 0 0 0 0 0 0 0 0 0 0 0 0 0 0 0 0 0 0 0 0 0 0 0 0 0 0 0 0 0 0 0 0 0 0 0 0 0 0 0 0 0 0 0 0 1 1 0 0 0 0 0 0 0
0 188 0 5 0 3 0 4 2 1 3 0 0 0 0 1 0 1 2 0 0 2 0 0 2 1 1 2 2 0 0 2 0 0 0 0 0 0 6 1 0 2 2 0 0 0 1 0 0 0 0 0 0 0 0 1 0 0 0 0 0 0 3 2 0 0 0 0 1 0 1 2 0 2 1 2 0 0 0 0 0 0 0 2 0 0 0 0 0 1 0 0 0 0 0 0 0 0 0 0 0 0 0 0 0 0 0 0 0 0 0 0 0 0 0 0 0 0 0 0 0 0 0 1 0 0 0 1 0 0 0 0 0 0 0 2 0 0 0 0 0 0 0 1 0 0 1 0 0 0 0 0 0 0 0 0 0 0 0 0 0 0 0 0 0 0 0 0 2 1 0 0 0 0 0 0 1 0 0 0 1 0 0 0 0 0 1 0 0 0 0 0 0 0 0 1 0 0 0 0 0 0 0 0 0 0 0 0 0 0 0 0 0 0 0 0 0 0 0 0 0 0 0 0 0 0 0 0 0 0 6 0 1 0 0 0 0 0 0 0
0 262 0 5 0 4 0 3 2 1 2 0 0 0 0 1 0 2 2 0 0 2 1 0 2 3 2 7 4 3 0 5 0 0 0 0 0 0 7 1 0 1 1 0 1 1 0 0 0 2 0 0 0 1 0 4 0 0 0 0 0 1 5 3 0 0 0 0 4 0 0 2 0 3 1 1 0 2 0 0 0 0 0 4 0 0 0 0 0 1 0 0 0 0 0 0 0 0 1 2 0 0 0 0 0 0 0 0 0 0 0 0 0 0 0 0 0 0 0 0 0 0 0 3 0 1 0 2 0 0 0 0 0 0 0 3 0 0 0 0 1 0 0 2 0 0 1 0 0 0 0 0 0 0 0 0 0 0 0 0 0 0 0 0 0 0 0 0 0 1 0 0 0 1 0 0 0 0 0 0 1 0 0 0 0 0 1 0 0 0 0 0 0 0 0 0 0 0 0 0 0 0 0 0 0 1 0 0 0 1 0 0 1 0 0 3 0 0 0 0 0 1 0 0 0 0 0 0 0 0 5 0 2 0 0 0 0 0 0 3
0 24 0 0 0 4 0 1 0 0 1 0 0 0 0 0 0 1 2 0 0 2 0 0 0 1 1 4 1 2 0 1 0 0 0 0 0 0 4 0 0 1 1 0 0 0 0 0 0 1 0 0 0 0 0 1 0 0 0 0 0 0 0 1 0 0 0 0 0 0 0 2 0 1 0 1 0 0 0 0 0 0 0 2 0 0 0 0 0 0 0 0 0 0 0 0 0 0 0 1 0 0 0 0 0 0 0 0 0 0 0 0 0 0 0 0 0 0 0 0 0 0 0 1 0 0 0 1 0 0 0 0 0 0 0 2 0 0 0 0 0 0 0 1 0 0 1 0 0 0 0 0 0 0 0 0 0 0 0 0 0 0 0 0 0 0 0 0 0 1 0 0 0 0 0 0 0 0 0 0 1 0 0 0 0 0 0 0 1 0 1 0 0 0 0 0 0 0 0 0 0 0 0 0 0 1 0 0 0 0 0 0 0 0 0 0 0 0 0 0 0 1 0 0 0 0 0 0 0 0 3 0 1 0 0 0 0 0 0 0
0 316 0 7 0 3 0 5 5 1 5 0 0 0 0 2 0 4 2 0 0 9 4 0 7 5 5 10 9 3 0 5 2 0 0 0 0 0 7 1 0 1 2 0 0 2 0 0 0 3 0 0 0 3 0 4 0 0 0 0 0 1 5 2 0 0 1 0 7 0 0 5 0 4 1 3 0 2 1 0 1 0 1 5 0 1 0 0 0 2 0 0 0 0 0 0 1 1 3 6 0 0 0 0 0 0 0 0 0 0 0 1 0 0 0 0 0 3 0 0 0 1 0 3 0 1 0 3 0 0 1 0 0 1 0 4 0 0 0 0 2 0 0 4 1 0 1 0 0 0 0 1 0 0 0 0 0 0 0 0 0 0 0 0 1 0 0 0 0 1 0 0 0 0 0 0 2 1 0 0 6 0 0 3 0 0 1 0 0 0 0 0 0 0 0 0 0 0 0 0 0 0 0 0 0 0 0 0 1 0 0 0 1 0 0 4 0 0 0 1 0 0 0 0 0 0 0 0 0 0 3 1 1 0 0 0 0 0 0 1
0 7 0 0 0 0 0 0 1 0 0 0 0 0 0 0 0 0 0 0 0 3 0 0 2 2 0 0 1 0 0 1 0 0 0 0 0 0 2 0 0 0 1 0 0 0 0 0 0 0 0 0 0 0 0 0 0 0 0 0 0 0 0 0 0 0 0 0 1 0 0 0 0 0 0 0 0 0 0 0 0 0 0 0 0 0 0 0 0 0 0 0 0 0 0 0 0 0 0 2 0 0 0 0 0 0 0 0 0 0 0 1 0 0 0 0 0 0 0 0 0 0 0 0 0 0 0 1 0 0 1 0 0 0 0 1 0 0 0 0 0 0 0 0 0 0 0 0 0 0 0 0 0 0 0 0 0 0 0 0 0 0 0 0 0 0 0 0 0 1 0 0 0 0 0 0 0 0 0 0 1 0 0 0 0 0 0 0 0 0 0 0 0 0 0 0 0 0 0 0 0 0 0 0 0 0 0 0 1 0 0 0 0 0 0 0 0 0 0 1 0 0 0 0 0 0 0 0 0 0 0 0 0 0 0 0 0 0 0 1
0 547 0 7 0 4 0 4 2 3 3 0 0 0 0 2 0 2 2 0 0 3 3 0 8 5 3 11 5 0 0 5 2 0 0 0 0 0 11 2 0 2 1 0 0 1 1 0 1 3 0 0 0 5 0 5 0 0 0 0 0 1 5 2 1 0 0 0 6 0 0 3 1 3 1 4 0 2 0 0 0 0 0 2 0 0 0 0 0 1 0 0 1 0 0 0 0 0 1 2 0 0 0 0 0 0 0 0 0 0 0 0 0 0 0 0 0 2 0 0 0 0 0 2 0 0 0 1 0 0 0 0 0 0 1 5 0 0 0 1 3 0 0 3 0 1 0 0 0 0 0 0 0 0 0 0 0 0 0 0 0 0 0 0 0 0 0 1 3 2 0 0 0 0 0 1 0 0 0 0 3 0 0 2 0 0 0 0 0 0 0 0 1 0 0 1 0 0 0 0 0 0 0 0 0 0 0 0 0 0 0 0 0 0 0 2 0 0 0 0 0 2 0 0 0 0 0 0 0 0 5 1 1 0 0 0 0 0 0 2
1 918 0 9 0 2 2 19 15 0 14 0 0 5 1 9 0 3 3 0 1 14 11 0 4 13 8 23 19 5 0 15 6 0 0 0 0 0 11 1 0 0 4 0 0 5 4 0 0 10 0 1 1 15 0 15 0 0 0 0 1 1 12 1 2 1 1 0 14 0 1 7 1 15 0 1 1 5 3 0 1 0 1 7 0 1 0 0 0 1 0 0 2 0 2 0 3 1 4 9 2 0 0 0 0 1 0 0 1 0 0 1 0 0 0 0 0 11 0 0 1 0 0 11 0 0 0 8 0 0 0 0 1 1 1 15 1 0 0 1 3 0 0 17 2 0 0 0 0 0 0 1 0 1 1 0 0 0 0 0 0 0 0 0 0 0 0 1 1 0 0 1 0 0 0 0 3 1 0 1 19 0 0 12 0 0 0 1 2 0 0 0 1 0 0 0 1 0 0 0 0 0 1 2 0 0 0 0 1 0 0 0 0 1 0 17 0 0 0 0 0 5 0 0 0 0 0 0 0 0 8 2 0 0 0 0 0 0 0 4
0 248 0 0 0 1 0 1 1 0 2 0 0 0 0 1 0 0 1 0 0 4 1 0 2 3 1 0 5 0 0 1 1 0 0 0 0 0 2 0 0 1 0 0 0 2 0 0 0 0 0 1 0 1 0 1 0 0 0 0 0 0 4 0 0 0 0 0 2 0 0 1 0 1 0 2 0 1 0 0 0 0 0 2 0 0 0 0 0 0 0 0 0 0 1 0 0 0 0 2 0 0 0 0 0 0 0 0 0 0 0 1 0 0 0 0 0 0 0 0 0 0 0 3 0 0 0 2 0 0 0 0 0 0 0 3 0 0 0 0 0 0 0 0 0 0 0 0 0 0 0 0 0 0 0 0 0 0 0 0 0 0 0 0 0 0 0 0 0 0 0 0 0 0 0 0 1 0 0 0 4 0 0 2 0 0 0 1 0 0 0 0 0 0 0 0 1 0 0 0 0 0 0 0 0 0 0 0 0 0 0 0 0 0 0 3 0 0 0 0 0 1 0 0 0 0 0 0 0 0 1 1 0 0 0 0 0 0 0 2
0 454 0 5 0 5 0 6 7 1 4 0 0 2 0 1 0 2 0 0 0 8 9 0 3 4 6 12 10 3 0 6 2 0 0 0 0 0 6 1 0 1 3 0 0 1 2 0 0 4 0 1 1 7 0 5 0 0 0 0 0 1 6 0 1 0 1 0 12 1 0 4 0 5 0 2 0 3 2 0 1 0 1 6 0 1 0 0 0 1 0 0 0 0 2 0 2 1 1 6 0 0 0 0 0 0 0 0 0 0 0 1 0 0 0 0 0 4 0 0 0 0 0 5 0 0 0 2 0 0 0 0 0 2 0 12 0 0 0 0 2 0 0 7 1 0 0 0 0 0 0 0 0 0 0 0 0 0 0 0 0 0 0 1 0 0 0 1 0 0 0 1 0 0 0 0 2 2 0 0 11 0 0 5 0 2 0 0 0 0 0 0 1 0 0 0 1 0 0 0 0 0 1 0 0 0 0 0 0 0 1 0 0 0 0 10 0 0 0 0 0 5 0 0 0 0 0 0 0 0 3 2 0 0 0 0 0 0 0 2
0 14571 0 57 20 94 8 85 81 21 73 0 0 63 2 64 0 28 73 0 0 143 152 1 54 91 80 155 106 27 18 93 79 0 12 0 2 0 54 54 1 47 54 0 1 56 63 0 3 97 0 0 0 56 1 136 1 0 0 0 0 0 88 72 0 3 2 0 130 7 0 51 6 62 3 63 0 27 0 1 1 1 0 51 0 0 0 0 0 0 0 1 5 0 3 0 0 0 50 87 0 0 2 0 0 1 0 0 0 0 0 0 0 0 0 0 0 71 0 0 0 0 1 154 1 0 0 53 0 2 0 0 1 0 0 68 0 0 0 0 23 1 0 130 0 0 0 0 0 0 0 0 0 2 1 1 0 0 1 0 0 0 0 0 0 0 0 0 15 2 0 0 0 0 0 0 6 1 0 1 90 0 0 139 0 8 0 0 1 3 0 0 1 0 0 1 0 0 0 0 2 0 0 27 0 0 0 0 0 0 0 0 6 16 0 63 0 0 0 0 0 60 0 0 0 0 0 0 0 0 44 13 9 0 3 0 1 0 1 27
0 313 0 0 0 1 0 3 1 0 1 0 0 1 0 3 0 1 1 0 0 2 2 0 0 2 0 2 0 0 0 0 0 0 1 0 0 0 0 0 0 0 0 0 0 1 0 0 0 1 0 0 0 0 0 2 0 0 0 0 0 0 1 1 0 0 0 0 2 0 0 1 0 1 0 0 0 0 0 0 0 0 0 0 0 0 0 0 0 0 0 0 0 0 0 0 0 0 1 1 0 0 0 0 0 0 0 0 0 0 0 0 0 0 0 0 0 0 0 0 0 0 0 1 0 0 0 0 0 0 0 0 0 0 0 0 0 0 0 0 0 0 0 0 0 0 0 0 0 0 0 0 0 0 0 0 0 0 0 0 0 0 0 0 0 0 0 0 0 0 0 0 0 0 0 0 0 0 0 0 0 0 0 1 0 0 0 0 0 0 0 0 0 0 0 1 0 0 0 0 0 0 0 0 0 0 0 0 0 0 0 0 0 0 0 0 0 0 0 0 0 1 0 0 0 0 0 0 0 0 0 0 0 0 0 0 0 0 0 2
0 60 0 0 1 0 0 0 0 1 0 0 0 0 0 0 0 0 2 0 0 1 0 0 0 0 1 2 0 0 0 0 0 0 1 0 0 0 0 0 0 0 2 0 0 0 0 0 0 1 0 0 0 0 0 0 0 0 0 0 0 0 1 0 0 0 0 0 1 0 0 1 1 2 0 0 0 0 0 0 0 0 0 0 0 0 0 0 0 0 0 0 0 0 0 0 0 0 0 0 0 0 0 0 0 0 0 0 0 0 0 0 0 0 0 0 0 0 0 0 0 0 0 2 0 0 0 0 0 0 0 0 0 0 0 0 0 0 0 0 0 0 0 0 0 0 0 0 0 0 0 0 0 0 0 0 0 0 0 0 0 0 0 0 0 0 0 0 0 0 0 0 0 0 0 0 0 0 0 0 0 0 0 0 0 0 0 0 0 0 0 0 0 0 0 1 0 0 0 0 0 0 0 0 0 0 0 0 0 0 0 0 0 1 0 0 0 0 0 0 0 1 0 0 0 0 0 0 0 0 0 0 0 0 0 0 0 0 0 1
0 811 0 2 0 6 1 4 4 1 2 0 0 2 0 10 0 1 8 0 0 13 9 0 3 6 3 11 5 0 0 2 4 0 1 0 0 0 4 0 0 4 4 0 0 2 11 0 0 8 0 0 0 1 1 10 1 0 0 0 0 0 4 11 0 0 0 0 9 0 0 4 0 2 1 4 0 2 0 0 0 0 0 2 0 0 0 0 0 0 0 0 0 0 1 0 0 0 3 8 0 0 0 0 0 0 0 0 0 0 1 0 0 0 0 0 0 7 0 0 0 0 0 9 0 0 0 5 0 0 0 0 0 0 0 4 0 0 0 0 3 0 0 8 0 0 0 0 0 0 0 0 0 0 0 0 0 0 0 0 0 0 0 0 0 0 0 0 3 0 1 0 0 0 0 0 0 0 0 0 0 0 0 10 0 2 0 0 0 0 0 1 0 0 0 0 0 0 0 0 0 0 0 1 0 0 0 0 0 0 0 0 0 2 0 1 0 0 0 0 0 4 0 0 0 0 0 0 0 0 1 1 0 0 0 0 0 0 0 3
0 251 0 2 0 1 0 2 0 0 1 0 0 1 0 4 0 0 3 0 0 0 2 0 5 1 2 3 3 0 0 0 2 0 0 0 0 0 3 0 0 1 2 0 0 4 2 0 0 1 0 0 0 0 0 3 0 0 0 0 0 0 1 1 0 0 0 0 1 0 0 5 0 1 0 2 0 0 0 0 0 0 0 1 0 0 0 0 0 0 0 0 0 0 0 0 0 1 0 0 0 0 0 0 0 0 0 0 0 0 0 0 0 0 0 0 0 2 0 0 0 0 0 1 0 0 0 0 0 0 0 0 0 0 1 3 0 0 0 0 0 0 0 1 0 0 0 0 0 0 0 0 0 0 0 0 0 0 0 0 0 0 0 0 0 0 0 0 0 0 0 0 0 0 0 0 0 0 0 0 0 0 0 2 0 0 0 0 0 0 0 0 0 0 0 0 0 0 0 0 0 0 0 0 0 0 0 1 0 0 0 0 0 0 0 0 0 0 0 0 0 2 0 0 0 0 0 0 0 0 5 0 0 0 0 0 0 0 0 0
0 127 0 4 0 0 1 2 0 0 4 0 0 1 0 2 0 0 0 0 0 0 0 0 2 0 2 0 2 0 0 0 2 0 0 0 0 0 2 0 0 1 1 0 0 1 1 0 0 1 0 0 0 0 0 1 0 0 0 0 0 0 1 0 0 0 0 0 0 0 0 2 0 1 0 1 0 0 0 0 0 0 0 1 0 0 0 0 0 0 0 0 0 0 0 0 0 0 0 0 0 0 1 0 0 0 0 0 0 0 0 0 0 0 0 0 0 2 0 0 0 0 0 1 0 0 0 0 0 0 0 0 0 0 0 1 0 0 0 0 0 0 0 1 0 0 0 0 0 0 0 0 0 0 0 0 0 0 0 0 0 0 0 0 0 0 0 0 0 0 0 0 0 0 0 0 0 0 0 0 0 0 0 1 0 0 0 0 0 0 0 0 0 0 0 0 0 0 0 0 0 0 0 0 0 1 0 1 0 0 0 0 0 0 0 0 0 0 0 0 0 1 0 0 0 0 0 0 0 0 3 0 0 0 0 0 0 0 0 0
0 413 0 1 0 3 0 0 2 0 1 1 0 1 0 4 0 0 1 0 0 5 5 0 0 2 2 3 2 0 0 0 3 0 0 0 0 0 0 0 0 0 1 0 0 2 0 0 0 4 0 0 0 0 0 4 0 0 0 0 0 0 4 1 0 0 0 0 6 0 0 0 0 1 0 0 0 1 0 0 0 0 0 1 0 0 0 0 0 0 0 0 0 0 0 0 0 0 2 4 0 0 0 0 0 0 0 0 0 0 0 0 0 0 0 0 0 2 0 0 0 0 0 4 0 0 0 2 0 0 0 0 0 0 0 2 0 0 0 0 2 0 0 1 0 0 0 0 0 0 0 0 0 0 0 0 0 0 0 0 0 0 0 0 0 0 1 0 0 0 0 0 0 0 0 0 0 0 0 0 0 0 0 5 0 0 0 0 0 0 0 0 0 0 0 0 0 0 0 0 0 0 0 0 0 0 0 0 0 0 0 0 0 0 0 0 0 0 0 0 0 4 0 0 0 0 0 0 0 0 1 0 0 0 0 0 0 0 0 0
0 297 0 1 0 1 0 1 0 0 4 0 0 2 0 3 0 0 0 0 0 5 2 0 2 3 2 4 0 0 0 0 1 0 0 0 0 0 1 0 0 0 0 0 0 3 1 0 0 3 0 0 0 1 0 2 0 0 0 0 0 0 0 2 0 0 0 0 6 0 0 0 0 1 0 1 0 0 0 0 0 0 0 1 0 1 0 0 0 0 0 0 0 0 0 0 0 0 2 3 0 0 0 0 0 0 0 0 0 0 0 0 0 0 0 0 0 2 0 0 0 0 0 2 0 0 0 1 0 0 0 1 0 0 0 3 0 0 0 0 2 0 0 2 0 0 0 0 0 0 0 0 0 0 0 0 0 0 0 0 0 0 0 0 0 0 0 0 1 0 0 0 0 0 0 0 0 0 0 0 0 0 0 2 0 0 0 0 0 0 0 0 0 0 1 0 0 0 0 0 0 0 0 0 0 0 0 0 0 0 0 0 0 1 0 1 0 0 0 0 0 2 0 0 0 0 0 0 0 0 1 0 1 0 0 0 0 0 0 1
0 99 0 1 0 0 0 0 0 0 1 0 0 0 0 0 0 1 1 0 0 2 0 0 2 0 2 2 0 0 0 1 0 0 0 0 0 0 1 1 0 0 0 0 0 2 0 0 0 1 0 0 0 1 0 0 0 1 0 0 0 0 0 0 0 0 0 0 1 0 0 0 0 2 0 1 0 0 0 0 0 0 0 1 0 1 0 0 0 0 0 0 0 0 0 0 0 0 1 0 0 0 0 0 0 0 0 0 0 0 0 0 0 0 0 0 0 0 0 0 0 0 0 2 0 0 0 0 0 0 0 1 0 0 0 4 0 0 0 0 1 0 0 1 0 0 0 0 0 0 0 0 0 0 0 0 0 0 0 0 0 0 0 0 0 0 0 0 0 0 0 0 0 0 0 0 1 0 0 0 1 0 0 0 0 0 0 0 0 0 0 0 0 0 0 0 0 0 0 0 0 0 0 0 0 0 0 0 0 0 0 0 0 0 0 1 0 0 0 0 0 3 0 0 0 0 0 0 0 0 1 0 1 0 0 0 0 0 0 1
0 4580 0 16 5 33 4 22 4 6 23 0 0 5 1 8 0 2 19 0 0 36 41 0 21 16 44 43 49 2 1 44 5 0 6 0 0 0 23 36 0 19 13 0 0 19 16 0 2 10 1 0 0 23 0 40 0 0 0 0 0 0 47 23 0 0 5 0 49 3 0 11 6 20 0 19 0 9 1 0 1 0 0 13 0 0 0 0 0 0 0 0 1 0 1 0 0 0 10 29 0 0 0 0 0 0 0 0 0 0 0 0 0 0 1 0 0 4 0 0 0 1 1 42 0 0 0 5 0 1 0 0 0 0 0 39 0 0 0 0 0 0 0 37 0 0 1 0 0 0 0 0 0 0 1 1 0 0 1 0 0 0 0 0 0 0 0 0 5 1 0 0 0 0 0 0 10 1 0 0 40 0 0 34 1 1 0 0 0 1 0 2 0 0 0 1 0 0 0 0 1 0 0 8 0 0 0 0 0 0 0 0 4 5 0 29 0 0 0 0 0 18 0 0 0 0 0 0 0 0 7 7 5 0 0 0 0 0 1 5
0 293 0 1 0 0 0 1 0 0 1 0 0 0 0 3 0 0 2 0 1 3 1 0 1 2 0 0 0 0 0 2 1 0 0 0 0 0 0 0 1 0 0 0 0 0 1 0 0 0 0 0 0 0 0 3 0 0 0 0 1 0 1 2 0 1 0 0 1 0 0 0 0 1 0 1 0 0 1 0 0 0 0 0 0 0 0 0 0 0 0 0 0 0 0 0 0 0 2 2 0 0 0 0 0 0 0 0 0 0 0 0 0 0 0 0 0 0 0 0 0 2 0 0 0 0 0 1 0 0 0 0 0 0 0 0 0 0 0 0 0 0 0 1 0 0 0 0 0 0 0 0 0 0 0 0 0 0 0 0 0 0 0 0 0 0 0 0 0 0 0 0 0 0 0 1 0 0 0 0 2 0 0 1 1 0 0 0 0 0 1 0 0 0 0 0 0 0 0 0 0 0 0 0 0 0 0 0 0 0 0 0 0 0 0 0 0 0 0 0 0 2 0 0 0 0 0 0 0 0 0 0 0 0 0 0 0 0 0 0
0 611 0 1 0 5 0 1 2 1 2 0 0 0 0 1 0 1 1 0 0 6 4 0 2 2 4 5 1 1 0 3 2 0 0 0 0 0 4 1 0 1 2 0 0 1 3 0 0 1 1 0 0 2 0 5 0 0 0 0 0 0 1 0 0 0 2 0 5 0 0 1 1 3 0 4 0 0 2 0 0 0 0 0 0 0 0 0 0 0 0 0 1 0 0 0 0 0 2 2 0 0 0 0 0 0 0 0 0 0 0 0 0 0 0 0 0 2 0 0 0 0 0 5 0 0 0 1 0 0 0 0 0 0 0 0 0 0 0 0 0 0 0 2 0 0 0 0 0 0 0 0 0 0 1 0 0 0 0 0 0 0 0 0 0 0 0 0 2 0 0 0 0 0 0 0 1 1 0 0 5 0 0 0 1 0 0 0 0 0 0 0 0 0 0 0 0 0 0 0 0 0 0 1 0 0 0 0 0 0 0 0 0 0 0 1 0 0 0 0 0 1 0 0 0 0 0 0 0 0 0 1 0 0 0 0 0 0 0 0
0 362 0 3 0 4 0 1 0 0 0 0 0 0 0 0 0 0 0 0 0 3 2 0 4 3 0 1 0 1 0 2 1 0 0 0 0 0 0 0 0 1 1 0 0 2 0 0 0 1 0 0 0 2 0 2 0 0 0 0 0 0 0 0 0 0 0 0 0 0 0 1 1 0 0 2 0 1 1 0 0 0 0 0 0 0 0 0 0 0 0 0 0 0 0 0 0 0 2 2 0 0 0 0 0 0 0 0 0 0 0 0 0 0 0 0 0 1 0 0 0 0 0 0 0 0 0 2 0 0 0 0 0 0 0 0 0 0 0 0 0 0 0 1 0 0 0 0 0 0 0 0 0 0 1 0 0 0 0 0 0 0 0 0 0 0 0 0 0 0 0 0 0 0 0 0 0 0 0 0 1 0 0 0 2 0 0 0 0 0 0 0 0 0 0 0 0 0 0 0 0 0 0 1 0 0 0 0 0 0 0 0 0 0 0 0 0 0 0 0 0 3 0 0 0 0 0 0 0 0 0 0 0 0 0 0 0 0 0 0
0 441 0 2 0 0 2 1 0 3 2 0 0 0 0 0 0 1 0 0 0 6 4 0 1 2 3 2 0 0 0 3 0 0 0 0 0 0 1 0 0 0 1 0 0 0 1 0 0 0 0 0 0 1 0 4 0 0 0 0 0 0 3 0 0 0 0 0 3 0 0 0 0 0 0 1 0 0 1 0 0 0 0 0 0 0 0 0 0 0 0 0 0 0 0 0 0 0 2 2 0 0 0 0 0 0 0 0 0 0 0 0 0 0 0 0 0 0 0 0 0 0 0 0 0 0 0 1 0 0 0 0 0 0 0 2 0 0 0 0 0 0 0 1 0 0 1 0 0 0 0 0 0 0 1 0 0 0 0 0 0 0 0 0 0 0 0 0 0 0 0 0 0 0 0 0 0 0 0 0 1 0 0 1 1 3 0 0 0 1 0 0 0 0 0 0 0 0 0 0 0 0 0 1 0 0 0 0 0 0 0 0 0 2 0 1 0 0 0 0 0 1 0 0 0 0 0 0 0 0 0 0 1 0 0 0 0 0 0 1
0 232 0 3 0 5 0 1 0 4 3 0 0 0 0 1 0 0 0 0 0 2 3 0 3 0 1 0 0 1 0 2 0 0 0 0 0 0 3 1 0 0 0 0 0 1 0 0 0 1 0 0 0 0 0 5 0 0 0 0 0 0 2 0 0 0 0 0 2 0 0 0 0 1 0 2 0 0 1 0 0 0 0 0 0 0 0 0 0 0 0 0 0 0 0 0 0 0 1 1 0 0 0 0 0 0 0 0 0 0 0 0 0 0 0 0 0 0 0 0 0 0 0 1 0 0 0 1 0 0 0 0 0 0 0 1 0 0 0 0 0 0 0 1 0 0 0 0 0 0 0 0 0 0 0 0 0 0 0 0 0 0 0 0 0 0 0 0 1 0 0 0 0 0 0 0 0 0 0 0 0 0 0 0 1 1 0 0 0 0 0 0 0 0 0 0 0 0 0 0 0 0 0 0 0 0 0 0 0 0 0 0 0 0 0 0 0 0 0 0 0 1 0 0 0 0 0 0 0 0 0 0 1 0 0 0 0 0 0 3
0 80 0 3 1 1 1 1 0 1 3 0 0 0 0 0 0 0 1 0 0 0 1 0 1 0 0 1 0 0 0 1 0 0 0 0 0 0 1 1 0 0 1 0 0 1 0 0 0 0 0 0 0 0 0 1 0 0 0 0 0 0 2 0 0 0 0 0 2 0 0 0 0 0 0 0 0 0 0 0 0 0 0 0 0 0 0 0 0 0 0 0 0 0 0 0 0 0 0 0 0 0 0 0 0 0 0 0 0 0 0 0 0 0 0 0 0 0 0 0 0 0 0 0 0 0 0 0 0 0 0 0 0 0 0 1 0 0 0 0 0 0 0 0 0 0 0 0 0 0 0 0 0 0 0 0 0 0 0 0 0 0 0 0 0 0 0 0 0 0 0 0 0 0 0 0 0 0 0 0 0 0 0 0 0 0 0 0 0 0 0 0 0 0 0 0 0 0 0 0 0 0 0 0 0 0 0 0 0 0 0 0 0 0 0 0 0 0 0 0 0 0 0 0 0 0 0 0 0 0 0 0 1 0 1 0 0 0 0 0
0 384 0 1 0 1 0 3 1 1 1 0 0 0 0 0 0 1 0 0 0 6 2 0 0 2 1 0 2 0 0 3 0 0 0 0 0 0 1 0 0 0 0 0 0 2 1 0 0 0 0 0 0 0 0 2 0 0 0 0 0 0 0 3 0 0 0 0 0 0 0 0 0 0 0 1 0 0 1 0 0 0 0 0 0 0 0 0 0 0 0 0 0 0 0 0 0 0 1 3 0 0 0 0 0 0 0 0 0 0 0 0 0 0 0 0 0 0 0 0 0 0 0 0 0 0 0 1 0 0 0 0 0 0 0 0 0 0 0 0 0 0 0 1 2 0 0 0 0 0 0 0 0 0 1 0 0 0 0 0 0 0 0 0 0 0 0 0 0 0 0 0 0 0 0 0 0 0 0 0 1 0 0 0 1 0 0 0 0 0 0 0 0 0 0 0 0 0 0 0 0 0 0 1 0 0 0 0 0 0 0 0 0 0 0 1 0 0 0 0 0 0 0 0 0 0 0 0 0 0 1 0 0 0 0 0 0 0 0 3
0 476 0 0 0 2 0 1 0 0 1 0 0 0 0 1 0 0 2 0 0 4 3 0 0 2 1 0 0 0 0 3 0 0 1 0 0 0 0 0 0 0 0 0 0 0 2 0 0 0 0 0 0 2 0 3 0 0 0 0 0 0 0 0 0 0 0 0 3 0 0 1 2 0 0 2 0 0 1 0 0 0 0 1 0 0 0 0 0 0 0 0 0 0 0 0 0 0 1 2 0 0 0 0 0 0 0 0 0 0 0 0 0 0 0 0 0 0 0 0 0 0 1 2 0 0 0 1 0 0 0 0 0 0 0 0 0 0 0 0 0 0 0 2 0 0 0 0 0 0 0 0 0 0 1 0 0 0 0 0 0 0 0 0 0 0 0 0 2 0 0 0 0 0 0 0 0 0 0 0 2 0 0 1 1 0 0 0 0 0 0 0 0 0 0 0 0 1 0 0 0 0 0 1 0 0 0 0 0 0 0 0 0 0 0 1 0 0 0 0 0 5 0 0 0 0 0 0 0 0 1 1 0 0 0 0 0 0 0 0
0 65 0 1 0 0 0 0 1 0 1 0 0 0 0 0 0 0 3 0 0 1 0 0 0 0 1 1 0 0 0 1 0 0 1 0 0 0 0 1 0 0 1 0 0 0 0 0 0 0 0 0 0 1 0 0 0 0 0 0 0 0 0 0 0 0 0 0 2 0 0 0 1 1 0 0 0 0 0 0 0 0 0 0 0 0 0 0 0 0 0 0 0 0 0 0 0 0 0 0 0 0 0 0 0 0 0 0 0 0 0 0 0 0 0 0 0 0 0 0 0 0 0 0 0 0 0 0 0 0 0 0 0 0 0 0 0 0 0 0 0 0 0 0 0 0 0 0 0 0 0 0 0 0 0 0 0 0 0 0 0 0 0 0 0 0 0 0 0 0 0 0 0 0 0 0 1 0 0 0 0 0 0 1 0 0 0 0 0 0 0 0 0 0 0 0 0 0 0 0 0 0 0 0 0 0 0 0 0 0 0 0 0 0 0 0 0 0 0 0 0 1 0 0 0 0 0 0 0 0 1 1 0 0 0 0 0 0 0 0
0 578 0 6 1 4 0 10 1 3 9 0 0 0 0 1 0 0 3 0 0 7 6 0 9 4 2 4 2 1 0 4 3 0 0 0 0 0 8 4 0 0 1 0 0 3 6 0 0 1 1 0 0 3 0 4 0 0 0 0 0 0 1 2 0 0 2 0 3 0 0 2 2 3 0 3 0 0 1 1 0 0 1 0 0 0 0 0 0 0 0 0 0 0 0 0 0 0 2 2 0 0 0 0 0 0 0 0 0 0 0 0 0 0 1 0 0 3 0 0 0 0 0 6 0 0 0 1 0 0 0 0 0 0 0 3 0 0 0 0 0 0 0 3 0 0 0 0 0 0 0 0 0 0 1 0 0 0 0 0 0 0 0 0 0 0 0 0 3 0 0 0 0 0 0 1 2 1 1 0 3 0 0 2 1 1 0 0 0 0 0 1 0 0 0 0 0 0 0 0 0 0 0 1 0 0 0 0 0 0 0 0 0 1 0 1 0 0 0 0 0 0 0 0 0 0 0 0 0 0 0 1 0 0 0 0 1 0 0 1
0 451 0 1 0 2 0 1 0 0 0 0 0 0 0 1 0 0 0 0 0 3 2 0 0 2 0 0 0 0 0 2 0 0 1 0 0 0 0 0 0 0 0 0 0 1 4 0 0 0 0 0 0 1 0 3 0 0 0 0 0 0 0 3 0 0 0 0 0 0 0 2 0 1 0 3 0 0 1 0 0 0 0 0 0 0 0 0 0 0 0 0 0 0 0 0 0 0 2 3 0 0 0 0 0 0 0 0 0 0 0 0 0 0 0 0 0 0 0 0 0 0 0 1 0 0 0 1 0 0 0 0 0 1 0 0 0 0 0 0 0 0 0 1 0 0 0 0 0 0 0 0 0 0 1 0 0 0 0 0 0 0 0 0 0 0 0 0 2 0 0 0 0 0 0 0 0 0 0 0 1 0 0 0 1 0 0 0 0 0 0 0 0 0 0 0 0 0 0 0 0 0 0 1 0 0 0 0 0 0 0 0 0 0 0 0 0 0 0 0 0 0 0 0 0 0 0 0 0 0 0 0 0 0 0 0 0 0 0 0
0 949 0 5 0 11 2 12 3 3 10 0 1 0 0 6 0 1 2 0 0 13 11 0 7 5 10 7 6 1 0 8 5 0 1 0 0 0 9 8 0 9 1 0 1 3 6 0 0 4 1 0 0 5 0 7 0 0 0 0 0 0 4 3 0 0 2 0 9 0 0 1 4 7 0 8 1 0 1 0 0 0 0 4 0 0 0 0 0 0 0 0 0 0 0 0 0 0 2 6 0 0 0 0 0 0 0 0 0 0 0 0 0 0 2 0 0 5 0 0 0 0 0 11 0 0 0 1 0 0 0 0 0 0 0 3 0 0 0 0 1 0 0 6 0 0 1 0 0 0 0 0 0 0 1 0 0 0 0 0 0 0 0 0 0 0 0 0 5 0 0 0 0 0 0 0 2 2 0 1 12 0 0 12 1 0 0 0 0 0 1 1 0 0 0 0 0 0 0 1 0 0 0 2 1 0 0 0 0 0 0 0 0 1 0 7 0 0 0 0 0 3 0 0 0 0 0 0 0 0 3 3 1 0 0 0 0 0 0 1
0 270 0 3 0 1 2 2 3 1 1 0 1 0 0 4 0 0 1 0 0 3 3 0 2 0 2 0 4 0 0 2 2 0 1 0 0 0 4 1 0 2 1 0 0 2 5 0 0 1 0 0 0 2 0 2 0 0 0 0 0 0 2 4 0 0 0 0 1 0 0 3 0 2 0 2 0 0 0 0 0 0 0 2 0 0 0 0 0 0 0 0 0 0 0 0 0 0 1 1 0 0 0 0 0 0 0 0 0 0 0 0 0 0 0 0 0 3 0 0 0 0 0 3 0 0 0 0 0 0 0 0 0 0 0 0 0 0 0 0 0 0 0 1 0 0 0 0 0 0 0 0 0 0 0 0 0 0 0 0 0 0 0 0 0 0 0 0 0 0 0 0 0 0 0 0 0 0 0 0 4 0 0 2 0 0 0 0 0 0 1 0 0 0 0 0 0 0 0 0 0 0 0 1 0 0 0 0 0 0 0 0 0 1 0 2 0 0 0 0 0 2 0 0 0 0 0 0 0 0 5 0 1 0 0 0 0 0 0 2
0 249 0 2 0 1 1 0 2 1 0 0 1 0 0 3 0 0 3 0 0 4 3 0 3 0 2 1 4 0 0 3 2 0 1 0 0 0 3 1 0 1 2 0 0 0 1 0 0 1 0 0 0 2 0 3 0 0 0 0 0 0 2 1 0 0 0 0 3 0 0 0 0 1 0 3 0 0 0 0 0 0 0 2 0 0 0 0 0 0 0 0 0 0 0 0 0 0 0 1 0 0 0 0 0 0 0 0 0 0 0 0 0 0 0 0 0 2 0 0 0 0 0 5 0 0 0 0 0 0 0 0 0 0 0 1 0 0 0 0 1 0 0 1 0 0 0 0 0 0 0 0 0 0 0 0 0 0 0 0 0 0 0 0 0 0 0 0 0 0 0 0 0 0 0 0 0 0 0 0 3 0 0 4 0 0 0 0 0 0 1 0 0 0 0 0 0 0 0 0 0 0 0 1 0 0 0 0 0 0 0 0 0 1 0 2 0 0 0 0 0 5 0 0 0 0 0 0 0 0 3 1 0 0 0 0 0 0 0 1
0 256 0 2 0 3 1 4 2 0 1 0 1 0 0 3 0 1 1 0 0 4 4 0 3 1 3 0 3 0 0 3 2 0 1 0 0 0 2 1 0 1 2 0 0 0 1 0 0 2 0 0 0 1 0 4 0 0 0 0 0 0 2 3 0 0 0 0 2 0 0 0 0 1 1 3 0 1 1 0 0 0 0 2 0 0 0 0 0 0 0 0 0 0 0 0 0 0 1 3 0 0 0 0 0 0 0 0 0 0 0 0 0 0 0 0 0 1 0 0 0 0 0 4 0 0 0 2 0 0 0 0 0 0 0 0 0 0 0 0 0 0 0 2 0 0 0 0 0 0 0 0 0 0 0 0 0 0 0 0 0 0 0 0 0 0 0 0 0 0 0 0 0 1 0 0 0 0 0 0 3 0 0 2 1 0 0 0 0 0 1 0 0 0 0 0 0 0 0 0 0 0 1 1 0 1 0 0 0 0 0 0 0 1 0 2 0 0 0 0 0 3 0 0 0 0 0 0 0 0 1 0 0 0 0 0 0 0 0 1
0 143 1 3 0 2 1 3 2 0 1 0 1 0 0 3 0 0 1 0 0 2 2 0 3 1 2 0 3 0 0 2 2 0 1 0 0 0 3 1 0 3 1 0 0 0 4 0 0 1 0 0 0 1 0 2 0 0 0 0 0 0 2 3 0 0 0 0 1 0 0 1 0 1 0 3 0 0 0 0 0 0 0 2 0 0 0 0 0 0 0 0 0 0 0 0 0 0 0 1 0 0 0 0 0 0 0 0 0 0 0 0 0 0 0 0 0 1 0 0 0 0 0 2 0 0 0 1 0 0 0 0 0 0 0 1 0 0 0 0 0 0 0 1 0 0 0 0 0 0 0 0 0 0 0 0 0 0 0 0 0 0 0 0 0 0 0 0 0 0 0 0 0 0 0 0 0 0 0 0 2 0 0 2 0 0 0 0 0 0 1 0 0 0 0 0 0 0 0 0 0 0 0 1 0 0 0 0 0 0 0 0 0 1 0 2 0 0 0 0 0 2 0 0 0 0 0 0 0 0 1 0 0 0 0 0 0 0 0 1
0 1673 0 9 3 25 3 20 4 5 16 0 0 3 0 4 0 3 15 0 0 38 22 0 8 11 26 28 27 1 1 30 5 0 6 0 0 0 8 7 0 21 17 0 0 8 26 0 1 5 1 0 0 11 0 30 0 0 0 0 0 0 26 30 0 1 2 0 35 0 0 6 8 12 0 28 0 7 1 0 1 0 0 11 0 0 0 0 0 0 0 0 0 0 0 0 0 0 5 26 0 0 0 0 0 0 0 0 0 0 0 0 0 1 1 0 0 4 0 0 0 1 0 28 0 0 0 5 0 1 0 1 0 0 0 25 0 0 0 0 0 0 0 20 0 0 1 0 0 0 0 0 0 0 1 0 0 0 0 0 0 0 0 0 1 0 0 0 10 1 0 0 0 0 0 0 7 1 0 0 21 0 0 22 2 3 0 1 0 0 1 2 0 0 0 0 0 0 0 0 0 0 0 4 0 0 2 0 0 0 0 0 2 7 0 14 0 0 0 0 0 24 0 0 0 0 0 1 0 0 6 6 3 0 0 0 0 0 1 4
0 37 0 1 0 0 0 0 0 0 0 0 0 0 0 1 0 1 4 0 0 1 1 0 1 1 0 0 1 0 0 2 0 0 0 0 0 0 0 1 0 0 4 0 0 1 2 0 0 0 0 0 0 0 0 3 0 0 0 0 0 0 0 3 0 0 0 0 0 0 0 0 0 0 0 3 0 2 0 0 0 0 0 0 0 0 0 0 0 0 0 0 0 0 0 0 0 0 0 0 0 0 0 0 0 0 0 0 0 0 0 0 0 0 0 0 0 1 0 0 0 0 0 1 0 0 0 2 0 0 0 0 0 0 0 0 0 0 0 0 0 0 0 2 0 0 0 0 0 0 0 0 0 0 0 0 0 0 0 0 0 0 0 0 0 0 0 0 1 0 0 0 0 0 0 0 0 0 0 0 1 0 0 0 0 0 0 0 0 0 0 0 0 0 0 0 0 0 0 0 0 0 0 0 0 0 0 0 0 0 0 0 0 0 0 2 0 0 0 0 0 0 0 0 0 0 0 0 0 0 0 0 0 0 0 0 0 0 0 0
0 145 0 8 3 2 0 4 1 0 4 0 0 3 0 1 0 1 4 0 0 7 4 1 2 2 8 6 4 0 1 8 0 0 0 0 0 0 0 1 0 1 8 0 0 2 6 0 0 0 0 0 0 1 0 7 0 0 0 0 0 0 2 6 0 0 0 0 4 0 0 5 2 6 0 7 0 4 0 0 0 0 0 2 0 0 0 0 0 0 0 0 0 0 0 0 0 0 0 2 0 0 0 0 0 0 0 0 0 0 0 0 0 0 0 0 0 2 0 0 0 0 0 6 0 0 0 3 0 0 0 1 0 0 0 8 0 0 0 0 0 0 0 7 0 0 0 0 0 0 0 0 0 0 0 0 0 0 0 0 0 0 0 0 1 0 0 0 1 0 0 0 0 0 0 0 2 0 0 0 10 0 0 4 0 0 0 0 0 0 1 0 0 0 0 0 0 0 0 0 0 0 0 0 0 0 0 0 0 0 0 0 0 0 0 2 0 0 0 0 0 3 0 0 0 0 0 1 0 0 2 3 1 0 0 0 0 0 0 2
0 365 0 7 1 5 0 15 2 4 13 0 0 3 0 2 0 1 4 0 0 11 7 0 6 3 9 8 8 1 0 12 2 0 1 0 0 0 4 6 0 1 6 0 0 6 3 0 0 2 0 0 0 2 0 12 0 0 0 0 0 0 8 2 0 0 2 0 6 0 0 4 4 8 0 9 0 4 1 0 0 0 0 2 0 0 0 0 0 0 1 0 0 0 0 0 0 0 2 5 0 0 0 0 0 0 0 0 0 0 0 0 0 0 1 0 0 2 0 0 0 0 0 10 0 0 0 3 0 0 0 1 0 0 0 10 0 0 0 0 1 0 0 10 0 0 0 0 0 0 0 0 0 0 1 0 0 0 0 0 0 0 0 0 1 0 0 0 3 0 0 0 0 0 0 0 4 1 0 0 11 0 0 4 2 0 0 0 0 0 1 1 0 0 0 0 0 0 0 0 0 0 0 1 0 0 0 0 0 0 0 0 0 0 0 5 0 0 0 0 0 4 0 0 0 0 0 1 0 0 3 3 0 0 0 0 0 0 0 1
0 281 0 5 1 4 0 4 1 1 2 0 0 2 0 2 0 1 2 0 0 9 8 0 1 3 7 4 4 0 0 12 0 0 1 0 0 0 0 3 0 3 6 0 0 2 2 0 0 0 0 0 0 3 0 11 0 0 0 0 0 0 4 0 0 0 0 0 3 0 0 5 3 4 0 6 0 5 1 0 0 0 0 2 0 0 0 0 0 0 0 0 0 0 0 0 0 0 1 6 0 0 0 0 0 0 0 0 0 0 0 0 0 0 0 0 0 1 0 0 0 0 0 8 0 0 0 3 0 0 0 1 0 1 0 9 0 0 0 0 0 0 0 10 0 0 0 0 0 0 0 0 0 0 1 0 0 0 0 0 0 0 0 0 1 0 0 0 2 0 0 0 0 0 0 0 4 0 0 0 11 0 0 3 2 0 0 0 0 0 1 0 0 0 0 0 0 0 0 0 0 0 0 1 0 0 0 0 0 0 0 0 0 0 0 2 0 0 0 0 0 5 0 0 0 0 0 1 0 0 2 3 0 0 0 0 0 0 0 3
0 19 0 0 0 1 0 0 0 0 0 0 0 0 0 0 0 0 1 0 0 0 1 0 1 1 0 0 0 0 0 0 0 0 0 0 0 0 0 0 0 1 2 0 0 0 0 0 0 0 0 0 0 0 0 2 0 0 0 0 0 0 0 0 0 0 0 0 0 0 0 0 0 0 0 1 0 0 0 0 0 0 0 0 0 0 0 0 0 0 0 0 0 0 0 0 0 0 0 1 0 0 0 0 0 0 0 0 0 0 0 0 0 0 0 0 0 0 0 0 0 0 0 0 0 0 0 1 0 0 0 0 0 0 0 0 0 0 0 0 0 0 0 1 0 0 0 0 0 0 0 0 0 0 0 0 0 0 0 0 0 0 0 0 0 0 0 0 0 0 0 0 0 0 0 0 0 0 0 0 0 0 0 0 0 0 0 0 0 0 0 0 0 0 0 0 0 0 0 0 0 0 0 0 0 0 0 0 0 0 0 0 0 0 0 0 0 0 0 0 0 0 0 0 0 0 0 0 0 0 1 0 0 0 0 0 0 0 0 2
0 70 0 3 0 0 0 3 0 0 1 0 0 2 0 0 0 1 2 0 0 5 6 0 0 1 5 1 4 0 0 2 0 0 1 0 0 0 0 0 0 1 4 0 0 1 0 0 0 0 0 0 0 1 0 5 0 0 0 0 0 0 2 1 0 0 0 0 0 0 0 1 2 3 0 3 0 3 0 0 0 0 0 1 0 0 0 0 0 0 0 0 0 0 0 0 0 0 0 4 0 0 0 0 0 0 0 0 0 0 0 0 0 0 0 0 0 0 0 0 0 0 0 1 0 0 0 2 0 0 0 1 0 1 0 4 0 0 0 0 0 0 0 4 0 0 0 0 0 0 0 0 0 0 0 0 0 0 0 0 0 0 0 0 1 0 0 0 0 0 0 0 0 0 0 0 1 0 0 0 3 0 0 3 0 0 0 0 0 0 1 0 0 0 0 0 0 0 0 0 0 0 0 0 0 0 0 0 0 1 0 0 0 0 0 2 0 0 0 0 0 1 0 0 0 0 0 0 0 0 0 1 0 0 0 0 0 0 0 3
0 116 0 4 0 0 0 3 1 0 2 0 0 2 0 1 0 2 2 0 0 4 6 0 1 1 6 1 3 0 0 7 0 0 0 0 0 0 0 0 0 3 3 0 0 1 1 0 0 0 0 0 0 3 0 7 1 0 0 0 0 0 1 0 0 0 0 0 0 0 0 3 1 3 0 3 0 4 0 0 0 0 0 1 0 0 0 0 0 0 0 0 0 0 0 0 0 0 0 6 0 0 0 0 0 0 0 0 0 0 0 0 0 0 0 0 0 0 0 0 0 0 0 1 0 0 0 2 0 0 0 1 0 0 0 5 0 0 0 0 0 0 0 4 0 0 0 0 0 0 0 0 0 0 0 0 0 0 0 0 0 0 0 0 1 0 0 0 0 0 0 0 0 0 0 0 1 0 0 0 7 0 0 4 0 0 0 0 0 0 1 0 0 0 0 0 0 0 0 0 0 0 0 0 0 0 0 0 0 0 0 0 0 0 0 2 0 0 0 0 0 0 0 0 0 0 0 1 0 0 1 3 0 0 0 0 0 0 0 3
0 215 0 6 1 0 0 6 1 0 3 0 0 2 0 1 0 2 3 0 0 6 4 0 3 1 9 4 4 0 0 10 0 0 0 0 0 0 0 1 0 3 6 0 0 3 3 0 0 0 0 0 0 1 0 7 0 0 0 1 0 0 2 1 0 0 0 0 3 0 0 5 2 6 0 5 0 4 0 0 0 0 0 2 0 0 0 0 0 0 0 0 0 0 0 0 0 0 0 2 0 0 0 0 0 0 0 0 0 0 0 0 0 0 0 0 0 1 0 0 0 0 0 5 0 0 0 2 0 0 0 1 0 0 0 7 0 0 0 0 0 0 0 7 0 0 0 0 0 0 0 0 0 0 0 0 0 0 0 0 0 0 0 0 1 0 0 0 0 0 0 0 0 0 0 0 2 0 0 0 9 0 0 3 0 0 0 0 0 0 1 0 0 0 0 0 0 0 0 0 0 0 0 0 0 0 0 0 0 0 0 0 0 0 0 2 0 0 0 0 0 2 0 0 0 0 0 1 0 0 4 3 0 0 0 0 0 0 0 2
0 1679 0 14 5 31 3 16 1 9 16 0 0 1 1 4 0 1 13 0 0 26 19 0 11 6 26 23 23 1 1 17 3 0 7 0 1 0 14 7 0 16 11 0 1 10 15 0 1 6 1 0 0 6 0 22 2 0 0 0 0 0 18 16 0 1 2 0 26 0 0 6 5 13 0 19 0 1 1 2 0 0 0 7 0 0 0 0 0 0 0 0 0 0 0 0 1 0 2 9 0 0 0 0 0 1 0 0 0 0 0 0 0 0 1 0 0 3 0 0 0 0 0 19 0 0 0 3 0 0 0 0 0 0 0 15 0 0 0 0 0 0 0 10 0 0 3 0 0 0 1 0 0 0 1 1 0 0 0 0 0 0 0 0 0 0 0 0 8 0 0 0 0 0 0 0 5 1 0 0 17 0 0 14 1 1 0 0 0 1 0 2 0 0 0 0 0 0 0 0 0 0 0 2 0 1 0 0 0 0 0 0 1 1 0 17 0 0 0 0 0 9 0 0 0 0 0 0 0 0 2 6 3 0 0 0 0 0 0 3
1 1708 0 7 1 20 2 12 7 4 12 0 0 4 1 4 0 1 8 0 0 29 29 0 11 15 20 17 21 2 1 14 6 0 5 0 0 1 12 5 0 14 4 0 0 5 12 0 1 13 1 0 0 12 0 24 0 0 0 0 0 0 19 15 0 0 2 0 24 0 0 6 4 10 0 11 0 2 2 0 1 0 0 6 1 2 0 0 0 0 0 0 2 0 0 0 0 0 2 18 0 0 0 0 0 0 0 0 0 0 0 0 0 0 1 0 0 5 0 0 0 0 0 26 0 0 0 1 0 0 0 0 0 0 0 16 0 0 0 0 1 0 0 18 0 0 1 0 1 0 0 0 0 0 2 2 0 0 0 0 0 0 0 0 0 0 0 0 5 0 0 0 0 0 0 0 6 1 0 0 13 0 1 23 1 0 0 0 0 1 0 2 0 0 0 0 0 0 0 0 0 0 0 6 0 0 0 0 0 0 0 0 1 2 0 8 0 0 0 0 0 4 0 0 0 0 0 0 0 0 6 3 1 0 0 0 0 0 0 1
0 264 0 2 0 2 0 2 4 0 3 1 0 3 0 0 0 1 2 0 0 7 9 0 1 5 4 4 5 0 0 2 1 0 0 0 0 0 1 0 0 0 1 0 0 3 0 0 0 2 0 0 0 5 0 3 0 0 0 0 0 0 7 1 0 0 0 0 6 0 0 3 0 1 0 0 0 1 0 0 1 0 0 3 1 1 0 0 0 0 0 1 1 0 0 0 0 0 0 5 0 0 0 0 0 0 0 0 0 0 1 0 0 0 0 0 0 1 0 0 0 0 0 6 0 0 0 0 0 0 0 1 0 0 0 4 0 0 0 0 0 0 0 6 0 0 0 0 0 0 0 0 0 0 1 0 0 0 0 0 1 0 0 0 0 0 0 0 0 0 0 0 0 0 0 0 2 0 0 0 5 0 1 7 0 0 0 0 0 0 0 0 0 0 0 0 0 0 0 0 0 0 1 0 0 0 0 0 0 0 0 0 0 1 0 4 0 0 0 0 0 3 0 0 0 0 0 0 0 0 2 0 0 0 0 0 0 0 0 0
0 102 0 0 0 1 0 0 2 0 0 1 0 2 0 0 0 1 1 0 0 4 3 1 1 3 0 1 2 0 0 3 1 0 0 0 0 0 1 0 0 0 0 0 0 0 0 0 0 2 0 0 0 3 0 4 0 0 0 0 0 0 2 1 0 0 0 0 3 0 0 0 0 0 0 0 0 0 0 0 0 0 0 2 1 0 0 0 0 0 0 0 1 0 0 0 0 0 0 3 0 0 0 0 0 0 0 0 0 0 0 0 0 0 0 0 0 1 0 0 0 0 0 2 0 0 0 0 0 0 0 0 0 0 0 1 0 0 0 0 0 0 0 1 0 0 0 0 0 0 0 0 0 0 1 0 0 0 0 0 0 0 0 0 0 0 0 0 0 0 0 0 0 0 0 0 0 1 0 0 5 0 0 3 0 0 0 0 0 0 0 0 0 0 0 0 0 0 0 0 0 0 1 0 0 0 0 0 0 0 0 0 0 0 0 0 0 0 0 0 0 0 0 0 0 0 0 0 0 0 0 0 0 1 0 0 0 0 0 0
1 474 0 4 2 6 0 10 10 2 9 1 0 6 0 1 0 2 1 0 0 14 16 0 5 10 9 8 10 2 1 7 6 0 0 0 0 0 7 4 0 2 0 0 0 4 3 0 1 4 1 0 0 8 0 10 0 0 1 0 1 0 9 0 1 0 2 0 11 0 1 5 3 7 0 5 1 2 2 1 1 0 0 6 1 1 0 0 0 0 0 0 2 0 1 0 1 0 1 6 0 0 0 0 0 0 0 0 0 0 0 0 0 0 1 0 1 2 0 0 0 0 0 18 0 0 0 2 0 0 0 0 0 0 0 5 0 0 0 0 0 0 0 9 1 0 1 0 0 0 0 0 0 0 2 0 0 0 0 0 0 0 0 0 0 0 0 0 4 0 0 0 0 0 0 0 3 2 0 0 6 0 0 11 1 0 0 0 1 0 0 1 0 0 0 0 0 0 0 0 0 0 0 4 0 0 0 0 0 0 0 0 0 0 0 2 0 0 0 0 0 2 0 0 0 0 0 0 0 0 3 1 0 0 0 0 0 0 0 0
1 285 0 3 0 1 0 4 5 1 2 0 0 6 0 0 0 2 5 0 0 7 12 0 3 7 4 7 8 0 1 6 2 0 0 1 0 0 5 0 0 0 1 0 0 1 0 0 0 3 0 0 0 6 0 5 0 0 0 0 0 0 5 0 0 0 0 0 6 0 0 3 1 2 0 1 0 2 0 0 1 0 0 3 1 1 0 0 0 0 0 0 1 0 1 0 0 0 1 5 0 0 0 0 0 0 0 0 0 0 0 0 0 0 0 0 1 1 0 0 0 0 0 9 0 0 0 5 0 0 0 0 0 0 0 5 0 0 0 0 0 0 0 8 1 0 1 0 0 0 0 0 0 0 1 0 0 0 0 0 0 0 0 0 1 0 0 0 1 0 0 0 0 0 0 0 2 0 1 0 3 0 0 6 1 1 0 0 1 0 0 0 0 0 0 0 0 0 0 0 0 0 0 1 0 0 0 0 1 0 0 0 0 0 0 1 0 0 0 0 0 2 0 0 0 0 0 0 0 0 2 0 0 0 0 0 0 0 0 2
0 1686 1 10 1 25 3 22 5 5 17 0 0 1 1 5 0 3 11 0 0 27 24 0 16 8 20 16 17 1 2 10 5 0 6 0 0 0 15 6 0 19 12 0 0 6 13 0 1 6 1 0 0 7 0 25 0 0 0 0 0 0 15 15 0 0 2 0 26 0 0 5 3 9 0 16 0 3 1 1 2 0 0 4 0 0 0 0 0 0 0 0 0 0 0 0 0 0 6 15 0 0 1 0 0 0 0 0 0 0 0 0 0 0 1 0 0 4 0 0 0 0 0 25 0 0 1 4 0 0 0 0 0 0 0 14 0 0 0 0 1 0 0 17 0 0 1 0 0 0 0 0 0 0 1 1 0 0 0 0 1 0 0 0 0 0 0 0 6 1 0 0 0 0 0 0 6 1 0 0 14 0 0 19 1 0 0 0 1 1 0 2 1 0 0 1 0 0 0 0 0 0 0 4 0 0 0 0 0 0 0 0 1 4 0 9 0 0 0 0 0 12 0 0 0 0 0 0 0 0 4 3 1 0 0 0 0 0 0 6
0 142 0 2 0 2 0 3 1 0 4 0 0 0 0 0 0 0 0 0 0 1 4 0 2 1 0 1 1 0 0 0 0 0 0 0 0 0 1 0 0 0 1 0 0 0 3 0 0 0 0 0 0 0 0 1 0 0 0 0 0 0 1 1 0 0 0 0 2 0 0 4 0 1 0 1 0 0 0 0 1 0 0 1 0 0 0 0 0 0 0 0 0 0 0 0 0 0 1 3 0 0 0 0 0 0 0 0 0 0 0 0 0 0 0 0 0 1 0 0 0 0 0 2 0 0 0 1 0 0 0 0 0 0 0 1 0 0 0 0 0 0 0 3 0 0 0 0 0 0 0 0 0 0 0 0 0 0 0 0 0 0 0 0 0 0 0 0 0 0 0 0 0 0 0 0 2 0 0 0 1 0 0 2 0 0 0 0 0 0 0 0 0 0 0 1 0 0 0 0 0 0 0 0 0 0 0 0 0 0 0 0 0 1 0 1 0 0 0 0 0 1 0 0 0 0 0 0 0 0 0 1 0 0 0 0 0 0 0 0
0 367 0 3 0 2 1 11 2 0 8 0 0 0 0 4 0 1 1 0 0 5 7 0 6 3 4 3 2 0 0 2 2 0 0 0 0 0 3 1 0 1 1 0 0 2 5 0 0 0 0 0 0 1 0 6 0 0 0 0 0 0 3 0 0 0 0 0 5 0 0 3 0 2 0 3 0 0 1 1 3 0 0 1 0 0 0 0 0 0 0 0 0 0 0 0 0 0 2 6 0 0 0 0 0 0 0 0 0 0 0 0 0 0 0 0 0 2 0 0 0 0 0 6 0 0 0 3 0 0 0 0 0 0 0 4 0 0 0 0 1 0 0 4 0 0 0 0 0 0 0 0 0 0 1 0 0 0 0 0 0 0 0 0 0 0 0 0 3 0 0 0 0 0 0 0 3 0 0 0 4 0 0 5 1 1 0 0 1 0 0 0 1 0 0 1 0 0 0 0 0 0 0 2 0 0 0 0 0 0 0 0 0 3 0 1 0 0 0 0 0 2 0 0 0 0 0 0 0 0 3 1 0 0 1 0 0 0 0 2
0 254 0 4 1 3 0 9 4 1 8 0 0 0 0 4 0 1 1 0 0 3 8 0 7 5 2 5 5 1 0 2 2 0 0 0 0 0 6 3 0 0 0 0 0 2 1 0 0 2 0 0 0 2 0 6 0 0 0 0 0 0 3 0 0 0 2 0 2 0 1 4 1 4 0 2 1 0 1 1 2 0 0 1 0 0 0 0 0 0 0 0 0 0 0 0 0 0 1 7 0 0 0 0 0 0 0 0 0 0 0 0 0 0 1 0 0 2 0 0 0 0 0 8 0 0 0 3 0 0 0 0 0 0 0 1 0 0 0 0 1 0 0 4 0 0 0 0 0 0 0 0 0 0 0 0 0 0 0 0 0 0 0 0 0 0 0 0 2 0 0 0 0 0 0 1 4 1 0 0 4 0 0 4 1 0 1 0 0 0 0 1 2 0 0 1 0 0 0 0 0 0 0 1 0 0 0 0 0 0 0 0 0 1 0 2 0 0 0 0 0 2 0 0 0 0 0 1 0 0 1 1 1 0 0 0 0 0 0 0
0 216 0 5 0 2 0 4 4 1 4 0 0 0 0 4 0 1 0 0 0 2 5 0 6 2 2 1 1 1 0 1 1 0 0 0 0 0 6 2 0 0 0 0 0 1 2 0 0 1 0 0 0 0 0 4 0 0 0 0 0 0 1 0 0 0 0 0 2 0 0 3 0 5 0 2 0 0 1 0 1 0 0 1 0 0 0 0 0 0 0 0 0 0 0 0 0 0 1 5 1 0 0 0 0 0 0 0 0 0 0 0 0 0 0 0 0 2 0 0 0 0 0 3 0 0 0 3 0 0 0 0 0 0 0 1 0 0 0 0 0 0 0 4 0 0 0 0 0 0 0 0 0 0 0 0 0 0 0 0 0 0 0 0 0 0 0 0 2 0 0 0 0 0 0 0 2 0 0 0 2 0 0 3 1 0 0 0 0 0 0 0 1 0 0 1 0 0 0 0 0 0 0 1 0 0 0 0 0 0 0 0 0 1 0 1 0 0 0 0 0 1 0 0 0 0 0 0 0 0 1 1 0 0 0 0 0 0 0 3
0 449 0 6 1 7 0 11 2 1 5 0 0 0 0 3 0 2 0 0 0 8 8 0 5 4 4 4 4 0 0 3 2 0 0 0 0 0 3 1 0 4 1 0 0 3 5 0 0 3 1 0 0 2 0 9 0 0 0 0 0 0 6 2 0 0 0 0 4 0 0 3 2 4 0 4 0 0 1 1 1 0 0 2 0 0 0 0 0 0 0 0 0 0 0 0 0 0 3 5 0 0 0 0 0 0 0 0 0 0 0 0 0 0 1 0 0 2 0 0 0 0 0 9 0 0 1 2 0 0 0 0 0 0 0 3 0 0 0 0 1 0 0 3 0 0 0 0 0 0 0 0 0 0 1 0 0 0 0 0 1 0 0 0 0 0 0 0 4 0 0 0 0 0 0 0 3 0 0 0 4 0 0 9 1 0 0 0 1 0 0 0 1 0 0 1 0 0 0 0 0 0 0 3 0 0 1 1 0 0 0 0 0 1 0 2 0 0 0 0 0 2 0 0 0 0 0 0 0 0 1 1 1 0 0 0 0 0 0 0
0 455 0 10 0 4 1 12 5 1 8 0 0 0 0 4 0 0 2 0 0 8 9 0 9 2 5 5 7 1 0 3 4 0 0 0 0 0 7 4 0 1 2 0 0 4 6 0 0 1 1 0 0 3 0 8 1 0 0 1 0 0 4 3 0 0 3 0 6 0 0 3 2 7 0 4 0 0 1 1 1 0 0 1 0 0 0 0 0 0 0 0 1 0 0 0 0 0 4 4 0 0 1 0 0 0 0 0 0 0 0 0 0 0 1 0 0 4 0 0 0 0 0 10 0 0 0 2 0 0 0 0 0 0 0 3 0 0 0 0 1 0 0 5 0 1 0 1 0 0 0 0 0 0 1 0 0 0 0 0 0 0 0 0 0 0 0 0 2 0 0 0 0 0 0 0 5 1 0 0 7 0 0 9 1 1 0 0 1 0 0 1 1 0 0 1 0 0 0 0 0 0 0 2 0 0 0 0 0 0 0 0 0 2 0 2 0 0 0 0 0 3 0 0 0 0 0 0 0 0 3 2 0 0 0 0 0 0 0 0
0 490 0 8 0 8 0 15 3 3 11 0 0 1 0 3 0 0 1 0 0 7 10 0 8 4 5 5 6 1 0 3 4 0 1 0 0 0 8 6 0 2 2 0 0 6 3 0 0 1 1 0 0 4 0 10 0 0 0 0 0 0 6 2 0 0 2 0 4 0 0 7 2 9 0 4 0 0 1 1 1 0 0 1 0 0 0 0 0 0 0 0 0 0 0 0 0 0 3 6 0 0 0 0 0 0 0 0 0 0 0 0 0 0 1 0 0 5 0 0 0 0 0 9 0 0 0 3 0 0 0 0 0 0 0 3 0 0 0 0 2 1 0 8 0 0 0 0 0 0 0 0 0 0 1 0 0 0 0 0 0 0 0 0 0 0 1 0 5 0 0 0 0 0 1 0 4 1 0 0 6 0 0 7 1 1 0 0 0 0 0 1 0 0 0 0 0 0 0 0 0 0 0 2 0 0 0 0 0 0 0 0 0 3 0 2 0 0 0 0 0 5 0 0 0 0 0 0 0 0 1 2 0 0 0 0 0 0 0 3
0 3149 0 7 3 19 1 17 4 7 6 0 0 5 2 8 0 2 15 0 0 23 37 0 12 8 34 36 35 2 3 31 3 0 5 0 0 0 8 4 0 11 10 0 0 5 13 0 1 10 0 0 0 16 0 33 1 0 0 0 0 0 37 19 0 0 0 1 30 0 0 6 4 8 0 14 0 7 0 1 2 0 0 12 0 0 0 0 0 0 0 0 1 0 1 0 0 0 5 17 0 0 0 0 0 0 0 0 0 0 0 0 0 0 1 0 0 0 0 0 0 0 0 29 0 0 0 2 0 0 0 0 0 0 0 29 0 0 1 0 3 0 0 31 0 0 0 0 0 0 0 0 0 0 0 1 0 0 0 0 0 0 0 0 0 0 0 0 5 0 0 0 0 0 0 0 3 0 0 0 31 0 0 24 0 0 0 0 0 1 0 1 0 0 0 1 0 0 0 0 0 0 0 5 0 0 0 0 0 2 0 0 5 6 0 26 0 0 0 0 0 5 0 0 0 0 0 0 0 0 5 2 3 0 0 0 0 0 1 2
0 515 0 6 2 4 0 10 1 3 7 0 0 1 0 0 0 0 3 0 0 2 7 0 7 0 9 7 8 0 0 6 3 0 1 0 0 0 4 4 0 1 6 0 0 4 7 0 0 3 0 0 0 2 0 5 1 0 0 0 0 0 5 3 0 0 0 0 5 0 0 0 2 6 0 2 0 1 0 0 1 0 0 6 0 0 0 0 0 0 0 0 0 1 0 0 0 0 2 3 0 0 0 0 0 0 0 0 0 1 0 0 0 0 1 0 0 0 0 0 0 0 0 6 0 0 0 0 0 0 0 0 0 0 0 5 0 0 0 0 1 0 0 7 0 0 0 0 0 0 0 0 0 0 0 0 0 0 0 0 0 0 0 0 1 0 0 0 1 0 0 0 0 0 0 0 2 0 1 0 7 0 0 3 0 0 0 0 0 0 0 1 0 1 0 0 0 0 0 0 0 0 0 0 0 0 0 0 0 0 0 0 1 4 0 2 0 0 0 0 0 5 0 0 0 0 0 0 0 0 1 1 0 0 0 0 0 0 0 1
0 1176 0 6 1 6 1 9 1 5 6 0 0 2 0 0 0 0 7 0 0 10 12 0 9 1 10 8 9 0 0 5 2 0 1 0 0 0 5 4 0 2 4 0 0 4 8 0 0 2 0 0 0 5 0 6 2 0 0 0 0 0 8 2 0 0 0 0 6 0 0 3 4 6 0 5 0 3 0 0 0 0 0 7 1 0 0 0 0 0 0 0 0 0 0 0 0 0 2 3 0 0 0 0 0 0 0 0 1 0 0 0 0 0 1 0 0 0 0 0 0 0 0 7 0 0 0 0 0 0 0 0 0 0 0 12 0 0 0 0 0 0 0 4 0 0 2 0 0 0 0 0 0 1 0 0 0 0 0 0 0 0 0 0 0 0 0 1 2 0 0 0 0 0 0 0 2 0 1 0 7 0 0 6 0 0 0 0 0 0 0 1 0 0 0 0 0 0 0 0 0 0 1 0 0 0 0 0 0 0 0 0 0 4 0 5 1 0 0 0 0 5 0 0 0 0 0 0 0 0 3 1 1 0 0 0 0 0 0 4
0 133 0 2 0 2 1 2 0 1 0 0 0 0 0 0 0 0 4 0 0 3 3 0 2 0 3 1 4 0 0 1 3 0 1 0 0 0 2 1 0 0 0 0 0 2 2 0 0 2 0 0 0 0 0 1 1 0 0 0 0 0 2 1 0 0 0 0 2 0 0 0 1 3 0 3 0 0 0 0 0 0 0 1 0 0 0 0 0 0 0 0 0 0 0 0 0 0 1 3 0 0 0 0 0 0 0 0 1 0 0 0 0 0 0 0 0 0 0 0 0 1 0 2 0 0 0 0 0 0 0 0 0 0 0 3 0 0 0 0 0 0 0 2 0 0 2 0 0 0 0 0 0 0 0 0 0 0 0 0 0 0 0 0 0 0 0 0 0 0 0 0 0 0 0 0 1 0 0 0 5 0 0 3 0 0 0 0 0 0 0 0 0 0 0 2 0 0 0 0 0 0 0 0 0 0 0 0 0 0 0 0 0 3 0 0 0 0 0 0 0 3 0 0 0 0 0 0 0 0 0 0 0 0 0 0 0 0 0 2
0 351 0 5 1 4 1 3 2 2 1 0 0 1 0 1 0 0 5 0 0 4 6 0 7 0 6 3 7 0 0 1 3 0 1 0 0 0 7 1 0 3 2 0 0 2 4 0 0 2 0 0 0 3 0 5 1 0 0 0 0 0 6 2 0 0 0 0 4 0 0 0 1 5 0 2 0 2 0 0 0 0 0 6 1 0 0 0 0 0 0 0 0 1 0 0 0 0 3 3 0 0 0 0 0 0 0 0 1 0 0 0 0 0 0 0 0 2 0 0 0 0 0 6 0 0 0 0 0 0 0 0 0 0 0 8 0 0 0 0 0 1 0 7 0 0 2 0 0 0 0 0 0 0 0 0 0 0 0 0 0 0 0 0 0 0 0 0 0 0 0 0 0 0 0 0 2 0 0 0 6 0 0 3 1 0 0 0 0 0 0 0 0 0 0 0 0 0 0 0 0 0 0 0 0 0 0 0 1 0 0 0 0 4 0 1 1 0 0 0 0 5 0 0 0 0 0 0 0 0 2 1 1 0 0 0 0 0 0 4
0 269 0 5 1 2 2 1 0 1 0 0 0 1 0 1 0 0 4 0 0 5 6 0 4 0 5 1 6 0 0 1 4 0 1 0 0 0 3 2 0 1 3 0 0 3 3 0 0 2 0 0 0 2 0 4 1 0 0 0 0 0 4 3 0 0 0 0 3 1 0 0 1 8 0 4 0 1 1 0 0 0 0 3 1 0 0 0 0 0 0 0 0 0 0 0 0 0 3 2 0 0 0 0 0 0 0 0 1 0 0 0 0 0 0 0 0 0 0 0 0 0 0 4 0 0 0 0 0 0 0 0 0 0 0 5 0 0 0 0 0 0 0 3 0 0 2 0 0 0 0 0 0 0 0 0 0 0 0 0 0 0 0 0 0 0 0 0 2 0 0 0 0 0 0 0 2 0 0 0 5 0 0 2 0 0 0 0 0 0 0 0 0 0 0 0 0 0 0 0 0 0 0 0 0 0 0 0 0 0 0 0 0 5 0 1 0 0 0 0 0 2 0 0 0 0 0 0 0 0 1 0 1 0 0 0 0 0 0 3
0 519 0 9 2 8 1 9 2 4 9 0 0 2 0 1 0 0 4 0 0 3 6 1 10 1 6 5 6 0 0 5 3 0 1 0 0 0 4 5 0 1 4 0 0 7 3 0 0 3 0 0 0 4 0 8 2 0 0 0 0 0 3 3 0 0 0 0 3 0 0 2 2 11 0 2 0 3 1 0 0 0 0 4 1 0 0 0 0 0 0 0 0 0 0 0 0 0 4 2 0 0 0 0 0 0 0 0 1 0 0 0 0 0 1 0 0 2 0 0 0 0 0 7 0 0 0 0 0 0 1 0 0 0 0 7 0 0 0 0 0 0 0 4 0 0 1 0 0 0 0 0 0 0 0 0 0 0 0 0 0 0 0 0 0 0 1 0 1 0 0 0 0 0 0 0 2 0 0 0 5 0 0 3 0 0 0 0 0 0 0 1 0 0 0 0 0 0 0 0 0 0 0 0 0 0 0 0 0 0 0 0 0 3 0 4 0 0 0 0 0 2 0 0 0 0 0 0 0 0 3 0 1 0 0 0 0 0 0 5
0 303 0 5 1 1 1 10 0 3 9 0 1 1 0 0 0 0 3 0 0 1 7 0 4 0 3 0 7 0 0 3 2 0 1 0 0 0 3 1 0 0 2 0 0 3 3 0 0 2 0 0 0 1 0 2 1 0 0 0 0 0 2 1 0 0 0 0 2 0 0 0 2 8 0 0 0 1 0 1 0 0 0 2 2 0 0 0 0 0 0 0 0 0 0 0 0 0 2 1 0 0 0 0 0 0 0 0 1 0 0 0 0 0 1 0 0 1 0 0 0 0 0 3 0 0 0 0 0 0 0 1 0 0 0 3 1 1 0 0 0 0 0 3 0 0 1 0 0 0 0 0 0 0 0 0 0 0 0 0 0 0 0 0 0 0 0 0 0 0 0 0 0 0 0 0 1 0 0 0 8 0 0 2 0 1 0 1 0 0 0 2 0 0 0 0 0 0 0 0 0 0 0 1 0 0 0 1 0 1 0 0 0 4 0 1 0 0 0 0 0 3 0 0 0 0 0 0 0 0 1 0 1 0 0 0 0 0 0 4
0 33 0 2 0 0 0 1 0 0 3 0 1 0 0 0 0 0 3 0 0 0 2 0 2 0 2 0 3 0 0 1 0 0 1 1 0 0 1 1 0 0 1 0 0 0 0 0 0 0 0 0 0 0 0 1 0 0 0 0 0 0 0 1 0 0 0 0 1 0 0 0 0 4 0 0 0 0 0 0 0 0 0 0 1 0 0 0 0 0 0 0 0 0 0 0 0 0 1 1 0 0 0 0 0 0 0 0 1 0 0 0 0 0 0 0 0 1 0 0 0 0 0 1 0 0 0 0 0 0 0 0 0 0 0 1 0 1 0 0 0 0 0 2 0 0 0 0 0 0 0 0 0 0 0 0 0 0 0 0 0 0 0 0 0 0 0 0 0 0 0 0 0 0 0 0 0 0 0 0 4 0 0 1 0 1 0 0 0 0 0 1 0 0 0 0 0 0 0 0 0 0 0 0 0 0 0 0 0 1 0 0 0 0 0 1 0 0 0 0 0 1 0 0 0 0 0 0 0 0 1 0 0 0 0 0 0 0 0 2
0 4402 0 17 9 29 3 16 6 3 20 0 0 6 1 10 0 4 24 1 0 42 55 0 22 14 49 50 62 2 3 55 5 0 7 1 0 0 21 33 0 17 22 0 0 19 13 0 3 8 0 0 0 33 1 48 0 0 0 1 0 0 55 26 0 0 3 0 55 3 0 16 5 18 0 17 0 13 1 0 1 0 0 20 0 0 0 0 0 0 0 0 1 0 1 0 0 0 7 33 0 0 0 0 0 0 0 0 0 0 0 0 0 0 0 0 0 4 0 0 0 0 1 48 0 0 0 6 0 0 0 0 0 0 0 47 0 0 0 0 2 0 0 47 0 0 0 0 0 0 0 0 0 0 0 1 0 0 1 0 0 0 0 0 0 0 0 0 8 1 0 0 0 0 0 0 6 0 0 0 56 0 0 40 1 1 0 1 0 1 0 1 0 0 0 1 0 0 1 0 1 0 0 8 0 0 0 0 0 0 0 0 4 6 0 42 0 0 0 0 0 22 0 0 0 0 0 0 0 0 11 8 7 0 0 0 0 0 1 11
0 352 0 2 1 3 0 4 0 0 4 0 0 1 0 2 0 0 5 1 0 6 5 0 3 0 5 4 7 0 0 4 0 0 1 0 0 0 2 1 0 2 1 0 0 2 3 0 1 1 0 0 0 3 1 6 0 0 0 0 0 0 4 0 0 0 1 0 9 0 0 1 1 1 0 2 0 1 0 0 0 0 0 2 0 0 0 0 0 0 0 0 0 0 0 0 0 0 0 3 0 0 0 0 0 0 0 0 0 0 0 0 0 0 0 0 0 0 0 0 0 0 0 3 0 0 0 2 0 1 0 0 0 0 0 7 0 0 0 0 0 0 0 4 0 0 0 0 0 0 0 0 0 0 0 0 0 0 0 0 0 0 0 0 0 0 0 0 3 0 0 0 0 0 0 0 1 0 0 0 7 0 0 3 0 0 0 1 0 0 0 0 0 0 0 0 0 0 1 0 0 0 0 0 0 0 0 0 0 0 0 0 0 1 0 2 0 0 0 0 0 5 0 0 0 0 0 0 0 0 2 2 0 0 0 0 0 0 0 1
0 388 0 5 2 6 0 2 2 4 4 0 0 1 0 2 0 0 3 0 0 8 8 0 7 2 5 3 6 0 1 5 1 0 1 0 0 0 4 0 0 2 1 0 0 1 2 0 1 3 0 0 0 5 0 9 0 0 0 1 0 0 6 2 0 0 1 0 4 0 0 3 0 3 0 7 0 1 0 1 0 0 0 2 0 1 0 0 0 0 1 0 0 0 0 0 0 0 1 5 0 0 1 0 0 0 0 0 0 0 0 0 0 0 0 0 0 0 0 0 0 0 0 3 0 0 0 4 0 0 0 0 0 0 0 7 0 0 0 0 0 0 0 5 0 0 0 0 0 0 0 0 0 0 0 0 0 0 0 0 0 0 0 0 0 0 0 0 8 0 0 0 0 0 0 0 0 0 0 0 6 0 0 3 0 0 0 1 0 0 0 0 0 0 0 0 0 0 1 0 0 0 0 0 0 0 0 0 0 0 0 0 0 0 0 3 0 0 0 0 0 6 0 0 0 0 0 0 0 0 2 2 1 0 0 0 0 0 0 2
0 51 0 0 0 1 0 0 0 1 0 0 0 0 0 0 0 0 0 0 0 0 0 0 3 0 0 0 0 0 0 1 0 0 0 0 0 0 4 1 0 0 0 0 0 0 1 0 0 0 0 0 0 1 0 0 0 0 0 0 0 0 0 0 0 0 0 0 0 0 0 0 0 1 0 0 0 0 0 1 0 0 0 0 0 0 0 0 0 0 0 0 0 0 0 0 0 0 0 0 0 0 0 0 0 0 0 0 0 0 0 0 0 0 0 0 0 0 0 0 0 0 0 0 0 0 0 0 0 0 0 0 0 0 0 0 0 0 0 0 0 0 1 0 0 0 0 0 0 0 0 0 0 0 0 0 0 0 0 0 0 0 0 0 0 0 0 0 0 0 0 0 0 0 0 0 0 0 0 0 0 0 0 0 0 0 0 0 0 0 0 0 0 0 0 0 0 0 0 0 0 0 0 0 0 0 0 0 0 0 0 0 0 0 0 0 0 0 0 0 0 0 0 0 0 0 0 0 0 0 0 0 1 0 0 0 0 0 0 2
